# avg	std	min	max
0.71921 0.01963 0.69556 0.75046
0.00000 0.00000 0.00000 0.00000
0.68233 0.04688 0.59533 0.73737
2.71214 1.73312 1.11374 5.38192
2.47190 0.00816 2.46252 2.48654
0.95497 0.38479 0.31588 1.37329
2.24490 2.95466 -0.21312 6.21141
0.17221 0.54260 -0.22951 1.22153
-0.01465 0.11260 -0.23513 0.07245
1.10912 0.02369 1.07096 1.13368
0.29389 0.02003 0.27888 0.33335
0.30041 0.09106 0.11829 0.34631
1.12285 1.42647 -0.02964 3.28019
0.95689 0.60187 0.32050 1.98933
-0.27646 0.13123 -0.48232 -0.13026
1.42597 0.54691 0.81018 2.08306
-0.68047 0.08652 -0.78233 -0.57858
1.20217 0.49031 0.55590 2.03057
1.34196 0.43564 0.81399 2.10417
1.58422 0.66542 0.83671 2.83547
