# avg	std	min	max
1.02597 0.00000 1.02597 1.02597
-0.00000 0.00000 -0.00000 0.00000
0.18606 0.06366 0.12360 0.26485
-0.69535 0.00416 -0.70260 -0.69148
-0.42209 0.03202 -0.45594 -0.36932
-1.07901 0.02814 -1.10307 -1.02561
-0.79647 0.09448 -0.91291 -0.67658
-0.44241 0.01651 -0.46696 -0.41623
-1.46984 0.01469 -1.48324 -1.44350
-0.37719 0.04241 -0.42949 -0.32012
-0.23749 0.03959 -0.26463 -0.15875
0.59407 0.03984 0.51443 0.61504
-0.67966 0.18454 -0.89338 -0.45385
0.37849 0.01815 0.35075 0.40759
-0.44568 0.04364 -0.51063 -0.38542
0.08271 0.13018 -0.04440 0.24554
-0.61551 0.04301 -0.66019 -0.54086
-0.23413 0.00333 -0.23926 -0.23102
0.06355 0.00742 0.05550 0.07256
0.52530 0.03179 0.48523 0.55876
