# avg	std	min	max
1.99537 0.00010 1.99532 1.99556
0.00000 0.00000 0.00000 0.00000
-2.65441 0.07469 -2.79123 -2.56561
-3.64926 0.01248 -3.66461 -3.63421
-3.41829 0.03017 -3.47307 -3.38498
-2.81342 0.04049 -2.85886 -2.73990
-1.82364 0.31120 -2.22810 -1.55162
2.38670 2.32700 -2.03762 4.39040
5.57425 0.86998 4.50921 6.64452
0.81760 0.03193 0.77220 0.84368
-0.55670 0.04503 -0.59830 -0.48730
-0.58574 0.00074 -0.58652 -0.58444
-2.29936 0.42678 -3.05351 -1.88594
0.06060 0.00890 0.04362 0.06888
-0.39177 0.13358 -0.59594 -0.20139
1.54094 0.00966 1.52583 1.55560
0.04890 0.03012 0.02587 0.10689
-1.38560 0.23683 -1.67971 -1.04295
-0.08225 0.86382 -1.07603 1.22622
-1.30620 0.45889 -1.68778 -0.55510
