# avg	std	min	max
1.94513 0.00000 1.94513 1.94513
0.00000 0.00000 0.00000 0.00000
2.37459 0.25844 1.94904 2.59956
1.76316 0.57265 1.42301 2.90474
3.92022 0.03105 3.88389 3.97578
1.73066 0.43650 0.85930 1.99166
8.92401 1.02937 7.60627 10.43860
9.98395 1.86599 8.10824 13.29100
4.63477 0.17726 4.29647 4.82172
0.39722 0.00019 0.39704 0.39755
3.91689 0.00017 3.91669 3.91717
2.12070 0.01651 2.10514 2.14356
11.34086 0.54670 10.67190 12.32220
5.10497 1.06177 3.97276 6.92647
2.40720 0.42056 1.93462 2.91399
3.97454 0.91984 2.79361 5.30153
2.71195 0.14029 2.49703 2.83761
1.81221 0.42984 1.14040 2.33417
2.39521 0.37101 2.09999 3.11700
10.61886 1.63756 8.79307 13.17310
