# avg	std	min	max
0.75222 0.02186 0.71230 0.77224
0.00000 0.00000 0.00000 0.00000
-0.32881 0.00415 -0.33402 -0.32339
-1.64497 0.00124 -1.64664 -1.64351
-1.06884 0.01524 -1.09597 -1.04864
-1.30167 0.01385 -1.31127 -1.27443
-1.13344 0.00657 -1.13836 -1.12099
-0.54383 0.00729 -0.55673 -0.53493
-1.49407 0.02333 -1.52717 -1.46045
0.09975 0.00118 0.09755 0.10074
-0.00963 0.03377 -0.04483 0.05330
-0.15076 0.12636 -0.22917 0.10051
-1.01913 0.00333 -1.02305 -1.01513
-0.59586 0.01293 -0.61740 -0.58556
-0.61548 0.11324 -0.81969 -0.49329
0.49800 0.06243 0.37318 0.53058
-0.82389 0.02893 -0.85623 -0.77733
-0.74149 0.04867 -0.78968 -0.66484
-0.77549 0.13082 -0.92927 -0.61642
-0.96294 0.01565 -0.97604 -0.93800
