# avg	std	min	max
0.42350 0.00776 0.40864 0.43043
0.00000 0.00000 0.00000 0.00000
0.24641 0.00032 0.24612 0.24683
-1.28655 0.37316 -1.54007 -0.54636
-0.38785 0.31333 -0.96750 -0.12350
-1.10108 0.10767 -1.30047 -1.00501
-0.34577 0.00228 -0.34746 -0.34126
0.04369 0.00125 0.04211 0.04551
0.20976 0.39421 -0.27860 0.66781
-0.21227 0.00005 -0.21234 -0.21220
0.43081 0.00227 0.42759 0.43391
-0.51657 0.00176 -0.51814 -0.51314
-0.30157 0.02198 -0.31496 -0.25816
-0.10090 0.00342 -0.10373 -0.09424
-0.47916 0.01016 -0.49407 -0.46401
-0.08592 0.00178 -0.08794 -0.08354
-0.54085 0.05344 -0.58608 -0.43781
-0.82636 0.08796 -0.91758 -0.71711
-0.69017 0.01444 -0.70523 -0.66572
0.14810 0.00275 0.14531 0.15307
