# avg	std	min	max
0.44468 0.04406 0.42265 0.53279
0.00000 0.00000 0.00000 0.00000
-0.35987 0.06184 -0.42680 -0.24331
-1.07485 0.06427 -1.16076 -1.01556
-1.18383 0.04866 -1.24967 -1.11757
-0.98652 0.07442 -1.10909 -0.91785
-0.94274 0.03968 -0.99613 -0.87256
-0.67296 0.02102 -0.69866 -0.65385
-0.26192 0.03347 -0.30026 -0.20847
0.37164 0.00054 0.37112 0.37267
0.00873 0.05857 -0.06739 0.07928
-0.28641 0.00034 -0.28676 -0.28590
-0.92570 0.01765 -0.94127 -0.89141
-0.72274 0.00240 -0.72550 -0.71967
-0.15639 0.02068 -0.18250 -0.12700
-0.17636 0.04852 -0.24463 -0.09707
-0.52651 0.02479 -0.54738 -0.47859
-0.79603 0.03706 -0.83274 -0.73274
-0.38385 0.04920 -0.46919 -0.32087
-0.08791 0.01861 -0.12129 -0.06663
