# avg	std	min	max
1.42780 0.00000 1.42780 1.42780
0.00000 0.00000 0.00000 0.00000
2.47910 0.56852 1.98802 3.17798
3.57732 0.86056 2.78254 5.24693
4.31843 0.08492 4.15091 4.37204
2.43905 0.07854 2.35911 2.58403
7.10827 1.39487 5.77930 8.96325
8.17175 1.80339 6.20361 10.93970
3.29864 0.54418 2.68131 4.27601
-0.36979 0.07045 -0.45290 -0.28262
2.48223 0.50365 1.90111 3.17992
1.55790 0.29879 1.11447 1.83378
7.30616 1.66842 4.87109 9.46322
2.27959 0.33599 1.62782 2.58677
1.95405 0.07475 1.87830 2.08457
1.43351 1.31023 0.33812 3.90578
2.15982 0.74708 1.47187 3.13456
2.44003 0.25189 2.15403 2.82050
3.24679 0.60837 2.13282 3.81844
9.58306 1.29145 7.70496 11.31690
