# avg	std	min	max
1.34368 0.01444 1.33556 1.37255
0.00000 0.00000 0.00000 0.00000
0.45046 0.05318 0.34820 0.50174
0.26190 0.15182 0.15145 0.56329
-0.09197 0.01502 -0.11076 -0.07400
-0.30390 0.14524 -0.43765 -0.06141
1.90829 0.21715 1.69219 2.31391
3.56916 2.04551 1.46037 6.94305
-0.96290 0.16795 -1.17664 -0.79373
0.98656 0.06015 0.86654 1.02335
1.09522 0.04006 1.05223 1.14574
0.49473 0.01613 0.48170 0.52311
1.88173 0.91626 0.07331 2.55240
0.93100 0.00849 0.91470 0.93955
0.67998 0.10452 0.54642 0.78118
1.83697 0.17230 1.65926 2.05186
1.09995 0.03023 1.07127 1.14964
-0.02834 0.03432 -0.07774 0.02272
0.36911 0.07066 0.28972 0.49495
0.97371 1.01994 0.02905 2.22935
