# avg	std	min	max
0.90455 0.00000 0.90455 0.90455
0.00000 0.00000 0.00000 0.00000
0.81064 0.13530 0.60796 0.97354
0.12674 0.59773 -0.64192 0.95812
0.60961 0.19500 0.39234 0.92291
-0.26317 0.07609 -0.34845 -0.12278
2.21503 1.07162 0.59548 3.97181
4.18934 1.01944 2.89822 5.78719
1.23594 0.21227 0.91092 1.42677
0.60080 0.06025 0.54909 0.67493
1.07946 0.05259 0.98804 1.14863
0.62173 0.00270 0.61985 0.62707
1.82127 1.24474 0.34859 3.78085
1.37021 1.16920 0.35256 2.99612
0.85546 0.12299 0.71414 1.02925
2.45686 0.25105 2.29064 2.95032
1.37504 0.10625 1.24087 1.52046
0.47923 0.40681 -0.32177 0.80639
0.50601 0.42878 -0.18737 0.91913
1.49165 0.43811 0.98542 2.05395
