# avg	std	min	max
2.22806 0.00000 2.22806 2.22806
0.00000 0.00000 0.00000 0.00000
-1.97011 0.08435 -2.07130 -1.86283
2.19309 0.17994 1.84410 2.35668
1.06190 1.17218 -0.70797 2.50225
3.91483 1.79278 2.40098 7.17452
17.51326 5.92722 5.68920 21.26510
7.34419 2.36312 4.62825 10.16820
-2.09514 0.00778 -2.10850 -2.08493
1.61283 0.00961 1.60757 1.63204
0.33836 0.00264 0.33678 0.34359
-0.02955 0.00003 -0.02959 -0.02950
6.48673 1.79357 4.39765 9.12398
3.60082 0.62746 2.39665 4.10829
6.13642 0.82253 5.02519 7.09093
4.39515 0.12401 4.28056 4.55531
4.55952 0.22423 4.28582 4.94117
8.45437 1.57339 6.11180 10.70190
11.21103 1.74063 8.21583 13.37320
10.92834 2.38360 7.15494 13.35080
