# avg	std	min	max
0.95007 0.01245 0.93670 0.96966
0.00000 0.00000 0.00000 0.00000
0.35495 0.04659 0.30192 0.43872
-1.17802 0.05228 -1.26286 -1.09906
0.04223 0.00333 0.03850 0.04822
-1.07407 0.10940 -1.28972 -0.99325
-0.14557 0.00965 -0.15546 -0.13007
0.13375 0.04166 0.09845 0.21296
1.09066 0.00645 1.08514 1.10330
-0.09973 0.01450 -0.10739 -0.07074
-0.35196 0.00849 -0.35658 -0.33499
0.42552 0.01285 0.41438 0.44254
0.13484 0.01275 0.12233 0.15360
0.53137 0.00071 0.53048 0.53223
0.39616 0.01781 0.36092 0.40792
2.05896 0.12462 1.91819 2.23115
0.74882 0.02862 0.70594 0.78836
-0.65408 0.05390 -0.76008 -0.61104
-0.22787 0.15675 -0.34367 0.08183
0.21841 0.02210 0.19232 0.25280
