# avg	std	min	max
0.16117 0.02598 0.12290 0.20299
0.00000 0.00000 0.00000 0.00000
-0.56472 0.04158 -0.63160 -0.51742
-0.98829 0.16261 -1.21280 -0.83114
-1.39844 0.09328 -1.47964 -1.24409
-1.16414 0.12210 -1.31349 -1.01054
-0.72186 0.19920 -0.96863 -0.47343
-0.76330 0.11714 -0.84570 -0.53064
1.35618 0.01752 1.34188 1.38869
0.49063 0.00228 0.48774 0.49275
0.74733 0.00118 0.74597 0.74944
-0.57140 0.06047 -0.60323 -0.45052
-0.82819 0.10179 -0.92151 -0.64323
-1.03083 0.14672 -1.21179 -0.78055
-0.27893 0.04299 -0.33398 -0.23498
0.25092 0.15673 -0.00817 0.40266
-0.13892 0.10479 -0.31214 -0.02905
-0.71191 0.05204 -0.77733 -0.63672
-1.10777 0.16953 -1.27651 -0.79230
-0.35968 0.07580 -0.42793 -0.21751
