# avg	std	min	max
0.03194 0.01770 0.00391 0.05867
0.00000 0.00000 0.00000 0.00000
-1.57460 0.01570 -1.60562 -1.56230
-1.65051 0.01556 -1.67765 -1.63118
-1.67463 0.02413 -1.69111 -1.62725
-1.61713 0.05688 -1.69157 -1.54008
-1.51077 0.00760 -1.52084 -1.49978
-1.45023 0.04020 -1.52039 -1.40709
7.64670 0.01623 7.63330 7.67461
0.02436 0.00540 0.01931 0.03245
-0.43099 0.27471 -0.57228 0.11834
-0.40322 0.00112 -0.40446 -0.40160
-1.41747 0.01455 -1.43298 -1.39104
-0.88269 0.11537 -1.04520 -0.69262
-0.39341 0.27592 -0.65624 -0.02179
-0.33930 0.02377 -0.36778 -0.30068
-0.75976 0.16414 -0.95720 -0.50079
-1.78704 0.04412 -1.82812 -1.72525
-1.14091 0.04840 -1.17733 -1.05236
-0.78491 0.01679 -0.80417 -0.76427
