# avg	std	min	max
0.95420 0.04036 0.91327 1.01158
0.00000 0.00000 0.00000 0.00000
0.12487 0.08485 0.04563 0.23344
-0.65733 0.30137 -1.02479 -0.29245
-0.12956 0.04405 -0.18224 -0.06596
-0.58103 0.05105 -0.62024 -0.48091
0.12227 0.15219 -0.05151 0.38729
-0.32692 0.13716 -0.51977 -0.11686
1.11493 0.15348 0.93588 1.39932
0.50032 0.05546 0.39937 0.55115
0.44153 0.04458 0.39134 0.51218
0.46193 0.01069 0.44924 0.47626
-0.06199 0.31149 -0.29025 0.55562
0.18152 0.43255 -0.33848 0.79854
-0.41370 0.05152 -0.47112 -0.33716
0.65412 0.04140 0.58050 0.69060
0.36939 0.20254 0.15680 0.61834
-0.36267 0.14940 -0.51281 -0.09576
-0.09873 0.17822 -0.43387 0.07317
0.83168 0.11979 0.62039 0.97749
