# avg	std	min	max
0.93958 0.01069 0.92136 0.94966
0.00000 0.00000 0.00000 0.00000
0.50394 0.05858 0.44318 0.60580
-0.28109 0.02101 -0.32031 -0.26416
0.24337 0.02859 0.19442 0.27645
0.22512 0.07710 0.08863 0.32469
0.14240 0.05652 0.08591 0.23408
0.55052 0.11203 0.33227 0.65039
-0.26671 0.20964 -0.50332 0.00993
0.47995 0.12512 0.22979 0.54521
0.30295 0.03051 0.26227 0.34629
0.61320 0.00009 0.61308 0.61333
0.25219 0.03924 0.21437 0.32274
0.71679 0.00610 0.71034 0.72450
-0.01312 0.05153 -0.11393 0.02499
-0.12880 0.10440 -0.30994 0.00012
-0.29597 0.07571 -0.38807 -0.16811
0.32729 0.01260 0.31572 0.34345
0.79420 0.06287 0.70022 0.86734
0.68588 0.04115 0.60941 0.72230
