# avg	std	min	max
2.10232 0.00000 2.10232 2.10232
0.00000 0.00000 0.00000 0.00000
-0.10553 0.00144 -0.10704 -0.10318
3.18783 0.24519 2.71605 3.42087
1.29341 0.99966 -0.06383 2.92087
4.32729 0.86270 2.74562 5.12751
15.34740 1.02468 14.59870 17.33260
29.79892 0.19142 29.62740 30.15810
4.00466 0.70694 3.30829 5.36530
0.19548 0.01381 0.18166 0.21238
1.12373 0.03120 1.10085 1.18370
0.81809 0.00053 0.81774 0.81914
14.86660 0.28831 14.66820 15.43500
2.95840 0.00779 2.95047 2.97099
6.92094 1.03214 5.30258 8.15272
3.75805 0.08157 3.67021 3.90276
8.73670 1.10748 7.29741 10.13280
9.25435 1.04058 7.76751 10.68890
13.26366 0.89493 12.26990 14.45530
11.11217 4.06467 5.96458 14.57710
