# avg	std	min	max
1.31549 0.04765 1.26705 1.37582
0.00000 0.00000 0.00000 0.00000
1.12581 0.16023 0.86959 1.28592
0.37374 0.78334 -0.43155 1.41675
1.51972 0.45086 0.92968 1.95275
-1.24154 0.24139 -1.66680 -0.96945
12.62205 7.17713 6.87815 25.45750
18.10402 1.20839 16.56570 20.24420
0.43517 0.10705 0.25711 0.54255
1.64338 0.00239 1.64142 1.64797
2.11485 0.56942 1.45129 2.78394
-0.04291 0.17566 -0.39392 0.05368
19.10688 7.92969 8.85990 27.78980
1.85257 0.10991 1.69917 2.03439
3.14205 0.80752 1.68711 3.94382
2.40207 0.11405 2.27072 2.57032
3.83514 0.60865 3.20909 4.61908
3.00813 0.77273 1.98807 3.85673
3.53783 0.66423 2.63833 4.48600
8.07339 4.63930 3.95445 13.86890
