# avg	std	min	max
1.97798 0.00006 1.97785 1.97801
0.11186 0.00007 0.11178 0.11195
-1.13472 0.17562 -1.25509 -0.79023
-0.22973 0.75551 -1.62052 0.54370
-0.81230 0.19524 -0.93827 -0.42301
0.11537 0.81815 -0.61484 1.37822
5.99223 0.41757 5.47011 6.48569
9.43071 2.90103 5.03001 14.15300
1.12470 0.12564 0.89690 1.24504
0.83165 0.00060 0.83082 0.83261
-0.29944 0.08469 -0.40450 -0.16219
-0.00009 0.00018 -0.00034 0.00011
8.66180 0.74442 7.23896 9.22197
0.45023 0.00672 0.43925 0.45825
2.58593 0.44509 1.84112 3.06719
2.99573 0.00890 2.98621 3.01123
3.47456 0.31286 2.93238 3.85556
5.81761 1.72884 3.49905 8.87045
6.97759 1.21876 5.54800 8.47027
5.13257 1.10473 3.52770 6.92286
