# avg	std	min	max
-2.15513 0.00600 -2.16299 -2.14663
0.21355 0.00549 0.20517 0.22238
1.23077 0.00026 1.23039 1.23110
-0.62200 0.02332 -0.64927 -0.58610
0.50914 0.04758 0.45532 0.56602
-0.47660 0.11979 -0.60432 -0.30840
0.84640 0.08673 0.76928 1.01069
0.70762 0.03227 0.64702 0.74377
2.50763 0.01933 2.47513 2.53338
0.01575 0.03223 -0.01929 0.06916
1.18292 0.25183 0.89577 1.54218
-0.00324 0.00397 -0.00830 -0.00000
0.81671 0.02100 0.80194 0.85825
0.62013 0.07690 0.50544 0.69855
-0.17355 0.29871 -0.55804 0.09338
0.47913 0.19264 0.23603 0.65717
-0.16246 0.00747 -0.17025 -0.15089
-0.21759 0.14059 -0.41952 -0.03415
-0.32320 0.13845 -0.58387 -0.17605
0.30543 0.03944 0.25227 0.36479
