# avg	std	min	max
2.95516 0.12276 2.76362 3.05464
0.75156 0.13548 0.51497 0.93519
-0.58670 0.00257 -0.59153 -0.58432
-0.03280 0.04622 -0.06768 0.05769
-0.59102 0.47218 -0.99852 0.28003
1.58073 0.59732 0.42213 2.05450
9.01014 1.82455 6.57965 11.42420
21.29020 3.88820 17.21440 27.81880
3.04576 0.33306 2.38062 3.23460
2.83129 0.00063 2.83022 2.83205
2.44936 0.09331 2.39263 2.63427
-0.00480 0.00725 -0.01331 0.00572
9.02062 0.19670 8.77398 9.34882
-0.06825 0.41286 -0.59684 0.27187
4.14039 0.36737 3.73986 4.76601
1.39831 0.00775 1.39102 1.41287
4.42314 0.39023 3.96031 4.95929
4.16469 1.39865 2.40831 6.06098
10.61985 2.61714 6.46547 14.15170
7.77186 1.13131 6.94050 9.91176
