# avg	std	min	max
2.30772 0.00000 2.30772 2.30772
0.72277 0.00000 0.72277 0.72277
-2.38274 0.00001 -2.38275 -2.38273
-1.29578 0.42032 -2.13643 -1.08543
-3.20691 0.00327 -3.21176 -3.20325
-3.19449 0.42750 -3.62326 -2.38326
3.85942 0.77976 3.09302 5.26505
11.70634 3.62743 5.80662 16.78540
1.41106 0.26445 1.19619 1.93232
1.50194 0.00176 1.49938 1.50337
0.27801 0.00619 0.26912 0.28516
0.00006 0.00004 -0.00001 0.00012
13.67884 1.93952 10.49310 15.63870
2.12582 0.39824 1.61071 2.50522
0.49688 0.12859 0.38030 0.74724
2.95763 0.41130 2.65513 3.76450
1.46301 0.02606 1.42049 1.49393
2.25921 0.82613 1.39159 3.58733
2.07480 0.78984 1.18760 3.55366
3.07797 0.16023 2.88095 3.35512
