# avg	std	min	max
1.60462 0.00002 1.60459 1.60464
-0.16503 0.00004 -0.16509 -0.16498
2.04146 0.19140 1.77037 2.35136
2.84932 0.25787 2.49323 3.29798
3.61242 0.34442 3.24720 4.25445
-0.18138 0.29798 -0.72261 0.04010
15.29586 1.00757 14.02150 16.56660
14.74048 1.90026 12.48500 17.59990
2.53484 0.09255 2.46066 2.71483
0.43203 0.00236 0.42896 0.43527
1.84869 0.49414 1.24558 2.51046
-0.00000 0.00000 -0.00001 0.00000
22.95250 0.88932 22.23450 24.67560
2.13105 0.21210 1.77708 2.39239
3.38450 0.49372 2.65703 4.13137
4.14876 0.18543 3.92063 4.30472
4.20348 0.31272 3.74872 4.62731
1.42262 0.12273 1.23805 1.61853
1.23293 0.23720 1.02067 1.68178
8.25974 0.34277 7.75384 8.79561
