# avg	std	min	max
1.67264 0.04603 1.60422 1.74821
0.00728 0.01406 -0.02084 0.01478
0.66442 0.11873 0.53048 0.86486
-3.22910 0.02073 -3.26562 -3.20861
0.58410 0.67738 -0.34751 1.52124
-0.78070 0.75540 -1.68527 0.06116
1.58124 0.91647 0.46540 2.59246
5.70695 3.63019 2.10740 11.00980
2.37574 0.35022 1.67821 2.58456
0.96625 0.29326 0.75677 1.54627
0.34836 0.07130 0.26265 0.47555
0.01723 0.06400 -0.03612 0.14233
3.22120 2.53641 0.93153 8.03277
-0.93112 0.08525 -1.01133 -0.82704
1.91606 0.63222 0.94452 2.52894
0.64847 0.02740 0.60707 0.67135
2.10163 0.42728 1.65278 2.62133
4.25160 1.66180 2.16907 7.23320
4.51164 1.47538 2.19152 6.25813
3.04951 0.51801 2.14671 3.64233
