# avg	std	min	max
1.68606 0.00018 1.68571 1.68617
0.84772 0.00006 0.84769 0.84784
-0.61228 0.00055 -0.61306 -0.61154
-0.70046 0.08079 -0.80278 -0.55412
-1.19581 0.03981 -1.22856 -1.14389
-1.37230 0.07548 -1.48697 -1.27921
-0.36698 0.01783 -0.37617 -0.33133
0.35884 0.04528 0.29153 0.41948
4.52305 0.19822 4.27656 4.68938
1.21458 0.00129 1.21299 1.21574
-0.63818 0.00824 -0.64544 -0.62526
-0.00030 0.00017 -0.00043 0.00002
0.00821 0.11470 -0.07737 0.23568
1.30312 0.00037 1.30277 1.30379
0.39025 0.00357 0.38521 0.39457
0.96960 0.00880 0.95813 0.98395
0.29883 0.01573 0.28830 0.32932
0.51229 0.02914 0.45905 0.54486
0.86744 0.09389 0.68044 0.92370
0.98218 0.00571 0.97907 0.99359
