# avg	std	min	max
1.01475 0.05864 0.90159 1.05909
0.64631 0.12003 0.49306 0.81704
0.92147 0.17557 0.68689 1.16194
0.16599 0.18476 -0.15157 0.41183
0.80773 0.18195 0.53550 1.10516
0.01670 0.20494 -0.30748 0.32307
1.22745 0.69792 0.63578 2.51346
3.17092 2.95628 0.95587 8.76688
3.74699 0.15490 3.46834 3.89289
1.14991 0.09236 0.99360 1.24160
1.23054 0.18968 0.93272 1.43135
1.08598 0.17668 0.83880 1.23389
0.67724 0.25161 0.23221 1.01100
1.04827 0.06383 0.94442 1.13799
1.01675 0.12341 0.78793 1.15749
-0.00998 0.00676 -0.01764 0.00000
0.62402 0.31482 0.38751 1.20953
1.32096 0.09587 1.14592 1.43962
0.83207 0.59619 -0.04241 1.82199
4.71737 2.37958 2.02067 7.43342
