# avg	std	min	max
1.61851 0.02774 1.58974 1.66394
0.40906 0.01731 0.37764 0.42485
1.02408 0.00947 1.00916 1.03400
-0.98995 0.03930 -1.04012 -0.95260
-0.31313 0.03974 -0.37492 -0.26494
-0.63205 0.43863 -0.93247 0.23353
0.07780 0.86177 -0.65357 1.60209
2.27567 1.52167 -0.16015 4.35108
2.37379 0.03311 2.33302 2.41425
0.71477 0.11285 0.53487 0.86188
1.40769 0.00880 1.39350 1.42020
0.74282 0.02019 0.71001 0.76813
0.60617 0.96444 -0.09084 2.50486
1.09201 0.80767 0.32095 2.08611
1.86887 0.93686 -0.00013 2.38243
-0.00876 0.00463 -0.01619 -0.00381
1.53621 0.28898 1.20878 2.01131
0.61304 0.54072 0.00868 1.26243
0.47492 0.73318 0.07728 1.94048
1.42633 0.23623 1.07551 1.81286
