# avg	std	min	max
1.68405 0.00798 1.67315 1.69178
0.92908 0.00826 0.91288 0.93527
1.06406 0.09468 0.94509 1.15968
0.85180 0.18444 0.67781 1.15026
3.86881 0.00611 3.86046 3.87897
0.15956 0.08493 0.10721 0.32904
1.26827 0.34003 0.85597 1.64203
1.74872 0.29836 1.15277 1.92594
5.34260 0.04139 5.28874 5.38107
1.07882 0.00690 1.07153 1.08821
0.48123 0.04334 0.42267 0.53251
0.94761 0.01067 0.92842 0.95894
0.77410 0.24535 0.33387 0.96950
1.09483 0.04528 1.05102 1.17429
1.00287 0.11893 0.83707 1.13632
-0.01853 0.01079 -0.03019 -0.00106
1.17130 0.06986 1.12124 1.30849
0.76193 0.18950 0.55284 1.00728
0.73530 0.23516 0.47817 1.15873
1.14525 0.29958 0.91395 1.72483
