# avg	std	min	max
0.83349 0.01843 0.79955 0.85003
0.96682 0.02937 0.92976 1.01094
2.93614 0.01014 2.92679 2.95061
2.04127 0.18187 1.83164 2.31946
2.80637 0.02719 2.75354 2.83078
1.96881 0.03937 1.92925 2.03962
1.98949 0.01588 1.96812 2.01541
2.77722 0.01543 2.76057 2.80304
-1.05030 0.03442 -1.09878 -1.01173
1.35250 0.00257 1.34955 1.35584
0.97631 0.01778 0.94675 0.99855
2.83212 0.00139 2.82959 2.83344
1.60093 0.34705 1.37678 2.29082
1.66332 0.00109 1.66174 1.66445
2.45420 0.05985 2.33536 2.49172
-1.69282 0.19041 -1.79760 -1.31219
-0.02797 0.00000 -0.02797 -0.02797
2.39351 0.09017 2.32426 2.57029
2.25887 0.32913 1.84569 2.81296
1.93069 0.02818 1.88013 1.96657
