# avg	std	min	max
5.94749 0.20159 5.61016 6.15145
4.71552 0.21848 4.48863 5.01782
3.88974 0.18150 3.60388 4.09849
2.88473 0.38224 2.39376 3.32800
3.39804 0.18597 3.07056 3.61934
3.31490 0.06856 3.19756 3.38713
4.29340 0.33138 3.95599 4.82715
4.05638 0.30129 3.68170 4.58547
3.21374 0.33797 2.71947 3.76030
6.06228 0.12993 5.85686 6.20700
6.54081 0.16048 6.33939 6.81990
4.99135 0.26158 4.67442 5.43450
4.12704 0.16832 3.91349 4.36899
5.39866 0.17148 5.14264 5.55749
5.08155 0.65013 3.97735 5.71340
4.20196 0.04588 4.12526 4.26757
-0.08484 0.00000 -0.08484 -0.08484
5.47069 0.76002 4.50623 6.81033
5.61719 0.14424 5.33077 5.71842
8.10779 1.86340 6.55974 11.61700
