# avg	std	min	max
0.00447 0.00479 0.00115 0.01345
0.13375 0.02225 0.11558 0.16100
0.25733 0.00303 0.25339 0.26043
-0.10767 0.00252 -0.11162 -0.10462
0.41456 0.04125 0.38954 0.49633
0.02702 0.04326 0.00276 0.11349
0.09052 0.05947 0.05461 0.20885
0.19430 0.03978 0.12739 0.24919
-0.36760 0.00318 -0.37172 -0.36364
0.07032 0.00353 0.06852 0.07737
0.13439 0.02808 0.10885 0.17385
0.07756 0.02978 0.05728 0.13656
0.12884 0.00371 0.12477 0.13414
-0.22681 0.04855 -0.25596 -0.12989
0.00226 0.00633 -0.00265 0.01452
-0.37952 0.05521 -0.40969 -0.26929
-0.03490 0.04184 -0.11384 -0.00078
0.10343 0.05788 0.06691 0.21880
0.17507 0.02277 0.14636 0.21486
0.16966 0.02349 0.14413 0.20993
