# avg	std	min	max
0.16486 0.00000 0.16486 0.16486
0.01107 0.01751 0.00232 0.04610
0.16559 0.00372 0.16127 0.16958
0.11366 0.07196 -0.02672 0.16765
0.14274 0.06886 0.02677 0.19922
-0.52728 0.11493 -0.68727 -0.32908
-0.67274 0.00465 -0.68000 -0.66631
-0.67869 0.11729 -0.81641 -0.50100
-0.94372 0.00788 -0.95001 -0.92916
0.11701 0.00646 0.11311 0.12975
0.08897 0.01441 0.08072 0.11772
0.24708 0.01012 0.23474 0.25928
-0.28704 0.02640 -0.31907 -0.24148
0.20274 0.00323 0.19954 0.20712
0.24211 0.00919 0.23110 0.25714
0.05324 0.03281 0.01811 0.10551
0.00360 0.02080 -0.02170 0.04186
0.07634 0.03861 0.01109 0.11281
0.06167 0.00806 0.05121 0.07413
0.11721 0.01368 0.10400 0.14191
