# avg	std	min	max
2.22407 0.18231 1.92209 2.40302
1.85212 0.16245 1.63617 2.07828
1.83377 0.07273 1.76190 1.94216
1.39403 0.27071 1.00065 1.80486
1.75337 0.22975 1.44254 1.99866
1.31856 0.14378 1.11038 1.47713
1.52847 0.20220 1.25873 1.84323
1.43697 0.19727 1.21627 1.75116
-0.13274 0.21718 -0.36446 0.26341
1.77065 0.10349 1.57237 1.84353
1.68301 0.18216 1.50808 2.03568
2.08052 0.10900 1.95093 2.23212
1.44917 0.11581 1.34275 1.65992
2.04281 0.13518 1.85125 2.21133
1.08809 0.05671 1.01860 1.19223
0.63939 0.36136 0.19881 1.09832
-0.10858 0.39771 -0.81465 0.41962
1.55823 0.20609 1.43451 1.96972
1.68899 0.24476 1.25867 1.90699
1.93646 0.08257 1.84968 2.07497
