# avg	std	min	max
1.84469 0.02250 1.81475 1.88242
0.43263 0.03698 0.39282 0.49282
0.30181 0.06593 0.18270 0.35662
-0.49751 0.01980 -0.52040 -0.46809
-0.15062 0.20388 -0.55803 -0.03509
-0.35669 0.13420 -0.59869 -0.19917
1.27104 0.83176 0.23657 2.36761
2.76016 0.68881 2.10340 3.89246
1.40417 0.59865 0.72902 2.15351
1.25286 0.06337 1.13741 1.30106
0.77159 0.02986 0.72459 0.80374
0.56505 0.03575 0.52129 0.61338
1.96896 1.10847 0.60430 3.05784
1.22288 0.07994 1.13131 1.32787
1.22575 0.10621 1.09779 1.40472
1.12811 0.10048 1.00622 1.26345
-0.01148 0.01349 -0.03685 -0.00000
1.40770 0.13080 1.21526 1.55167
1.63366 0.20104 1.30212 1.83776
1.83455 0.19597 1.55062 2.08184
