# avg	std	min	max
-0.24377 0.01064 -0.25246 -0.23074
-0.39808 0.00746 -0.40374 -0.38362
0.12718 0.12101 -0.04518 0.26353
-1.27593 0.00317 -1.27806 -1.26965
-0.58300 0.16605 -0.82022 -0.36024
-1.26401 0.11899 -1.42965 -1.12542
-1.41950 0.02983 -1.47909 -1.40257
0.45365 0.01227 0.43633 0.46561
-1.69375 0.00737 -1.70177 -1.68004
-0.73404 0.00650 -0.74069 -0.72198
-1.45702 0.01780 -1.47541 -1.43337
-0.25876 0.01024 -0.26515 -0.23836
-0.95758 0.00488 -0.96247 -0.94947
-1.22228 0.00834 -1.23028 -1.20923
-0.12656 0.00341 -0.13040 -0.12241
0.35135 0.33119 -0.12403 0.63828
-0.00280 0.00864 -0.01954 0.00553
-1.51653 0.02591 -1.56347 -1.48373
-1.19399 0.19742 -1.55974 -1.00919
-0.66051 0.01493 -0.67725 -0.64053
