# avg	std	min	max
0.82264 0.11948 0.68689 1.00913
0.25961 0.07233 0.18035 0.39532
1.78445 0.05638 1.71940 1.87709
-0.31277 0.02743 -0.34589 -0.26314
1.47722 0.14593 1.37346 1.76360
-0.06269 0.13215 -0.26794 0.11422
-0.39591 0.10152 -0.48511 -0.20611
0.04295 0.10073 -0.14957 0.11981
2.52436 0.10730 2.43194 2.70149
0.67764 0.08369 0.56955 0.78068
1.34445 0.03704 1.29347 1.38614
0.42676 0.04354 0.36180 0.48059
-0.13547 0.10667 -0.32046 0.00281
1.04475 0.00527 1.03651 1.05163
0.40473 0.03871 0.35046 0.44697
1.55042 0.07980 1.40361 1.62527
0.00000 0.00000 0.00000 0.00000
0.00846 0.04706 -0.05343 0.06187
0.27636 0.07798 0.20149 0.41415
0.59917 0.11785 0.50845 0.83115
