# avg	std	min	max
0.04789 0.00000 0.04789 0.04789
-0.22530 0.00000 -0.22530 -0.22530
0.09209 0.00284 0.08964 0.09714
-0.50643 0.01975 -0.52168 -0.46892
-0.04045 0.01191 -0.05017 -0.01916
-0.29316 0.02171 -0.32463 -0.26341
0.15333 0.02250 0.13388 0.18161
0.25515 0.00826 0.24010 0.26442
1.92709 0.19614 1.62422 2.15589
-0.07912 0.00603 -0.08840 -0.07351
-0.37804 0.00017 -0.37825 -0.37787
0.11242 0.00136 0.11151 0.11504
0.16919 0.01917 0.14566 0.19161
0.27707 0.00499 0.27058 0.28447
0.09865 0.01796 0.07303 0.11744
0.13663 0.00154 0.13503 0.13947
-0.00462 0.00583 -0.01451 -0.00016
-0.21758 0.02340 -0.24082 -0.17263
-0.24044 0.07460 -0.33701 -0.13761
0.29927 0.00193 0.29611 0.30168
