# avg	std	min	max
1.72545 0.08614 1.56516 1.81872
0.79793 0.07860 0.69615 0.89953
0.41370 0.07594 0.30945 0.49610
-0.16442 0.08445 -0.26585 -0.05836
0.17916 0.12808 0.02925 0.40945
-0.31660 0.16791 -0.58676 -0.14839
0.08475 0.09667 -0.05161 0.18093
0.22752 0.08190 0.12616 0.34072
0.44732 0.08978 0.31351 0.55114
1.23595 0.09665 1.08140 1.32952
0.93122 0.08909 0.77359 1.03502
1.02521 0.17547 0.80272 1.19485
0.13765 0.46338 -0.78348 0.42031
0.71744 0.06707 0.60423 0.79803
0.44430 0.10806 0.28541 0.56950
-0.08388 0.11505 -0.29770 0.02785
-0.04241 0.04223 -0.10348 0.01831
0.37862 0.08619 0.26906 0.50766
0.46602 0.16808 0.20586 0.72261
0.90246 0.08653 0.74165 0.98260
