# avg	std	min	max
0.83316 0.02511 0.78517 0.84992
0.49503 0.00000 0.49503 0.49503
0.69798 0.00070 0.69722 0.69897
-0.05938 0.00980 -0.07883 -0.05306
0.42528 0.00861 0.41963 0.44237
-0.10777 0.02417 -0.14864 -0.07281
-0.35102 0.00990 -0.36527 -0.34182
0.09571 0.06446 0.02451 0.17516
0.62210 0.02872 0.59969 0.67480
0.73936 0.05346 0.63244 0.76618
0.65425 0.00015 0.65411 0.65453
0.57958 0.04491 0.52366 0.61829
-0.21223 0.00690 -0.22144 -0.20098
0.40446 0.15990 0.14734 0.63893
0.22881 0.01896 0.19433 0.24681
0.04899 0.20711 -0.23084 0.33255
-0.01242 0.00000 -0.01242 -0.01242
0.10856 0.05507 0.03249 0.18093
0.12125 0.04980 0.02708 0.16337
0.57901 0.08213 0.45896 0.66205
