# avg	std	min	max
1.30434 0.35058 0.93974 1.82326
-0.12227 0.23698 -0.34260 0.30987
0.01676 0.10921 -0.11531 0.16279
-0.74064 0.11027 -0.84550 -0.53379
1.85668 0.10432 1.70061 1.99309
-0.66903 0.08335 -0.82401 -0.58794
-0.12020 0.14002 -0.33917 0.08100
0.81811 0.47709 0.30313 1.63118
5.10042 0.26171 4.83972 5.51312
1.26905 0.14641 1.08745 1.48898
1.18856 0.25042 0.90025 1.54939
0.56177 0.22092 0.34288 0.97763
0.16366 0.14267 -0.01586 0.42274
0.99630 0.28393 0.62244 1.37038
0.33866 0.11771 0.18272 0.48909
0.20208 0.15279 -0.02215 0.45052
-0.01037 0.01508 -0.03206 0.00514
0.33639 0.29746 -0.09366 0.71521
0.25606 0.34761 -0.22897 0.64577
0.75485 0.29182 0.39312 1.12403
