# avg	std	min	max
4.92087 0.01839 4.89408 4.94962
3.85542 0.02466 3.81271 3.88305
3.28945 0.02195 3.25308 3.31638
1.63596 0.02532 1.59226 1.66127
3.02499 0.12992 2.88611 3.21148
1.02358 0.06596 0.90970 1.10830
-0.02285 0.01199 -0.04599 -0.01352
1.18469 0.05371 1.13779 1.27358
5.61785 0.01680 5.59273 5.63896
3.93589 0.02675 3.91231 3.98567
2.82559 0.00890 2.80903 2.83408
3.51386 0.03583 3.46980 3.55667
1.14236 0.07826 1.03266 1.24680
4.54168 0.04403 4.46313 4.58141
4.04922 0.03383 4.00804 4.08868
5.11157 0.03531 5.05812 5.15191
4.54224 0.05656 4.47995 4.62611
2.99972 0.21224 2.73251 3.28265
4.26193 0.58623 3.54873 5.31811
3.14618 0.02187 3.10954 3.17063
