# avg	std	min	max
3.02111 0.08372 2.89994 3.13323
2.71757 0.04261 2.64094 2.76624
1.88164 0.18366 1.74942 2.24226
1.15920 0.17642 1.03327 1.50976
0.66867 0.05636 0.60971 0.77599
-0.28961 0.03091 -0.34224 -0.24614
-0.01573 0.01016 -0.03479 -0.00685
0.44736 0.93006 -0.26127 2.25988
2.00787 0.10408 1.80449 2.09082
3.23471 0.03039 3.18980 3.26721
2.46214 0.02490 2.42776 2.49084
2.33862 0.08459 2.26037 2.49298
0.86793 0.00134 0.86568 0.86923
2.10111 0.46982 1.51702 2.52562
2.37704 0.25856 1.87699 2.62627
3.21085 0.11288 3.13585 3.43298
2.04666 0.65847 1.00865 2.77407
1.96718 0.69919 1.45075 3.34500
2.10103 0.33835 1.70735 2.71050
3.18348 0.01343 3.16356 3.19958
