# avg	std	min	max
0.00000 0.00000 0.00000 0.00000
1.05742 0.01708 1.02538 1.07039
1.11201 0.16250 0.92887 1.37455
1.25740 1.01114 -0.56517 2.30923
1.65649 0.55412 1.13332 2.69515
-0.73749 0.05400 -0.82838 -0.66846
2.09102 0.25989 1.81926 2.56668
0.26842 0.51773 -0.05852 1.29788
4.39173 0.51014 3.56955 5.15362
0.89440 0.02985 0.85438 0.93204
0.82763 0.01409 0.80638 0.84060
0.21951 0.00824 0.20378 0.22795
1.54942 0.03955 1.49352 1.61567
1.05361 0.27637 0.50095 1.20019
1.39583 0.48055 0.81119 1.90693
3.41531 0.11131 3.30664 3.62230
2.33359 0.23913 1.86164 2.52215
-0.02160 0.31564 -0.38593 0.45640
0.56100 0.18999 0.37452 0.86500
1.59668 0.00768 1.58450 1.60744
