# avg	std	min	max
0.00000 0.00000 0.00000 0.00000
1.53295 0.00000 1.53295 1.53295
2.89364 0.10867 2.83871 3.11097
1.61509 0.00871 1.59877 1.62504
2.75659 0.01624 2.74327 2.77733
1.60788 0.00667 1.59990 1.61984
1.48709 0.01208 1.47207 1.49755
1.61842 0.01081 1.60003 1.63175
3.19713 0.08630 3.09090 3.34213
1.66099 0.00403 1.65888 1.66905
2.94616 0.05317 2.91531 3.05168
1.57410 0.00498 1.57003 1.58358
1.60932 0.00678 1.59975 1.61877
1.77732 0.00559 1.77001 1.78628
1.56790 0.09591 1.37655 1.62375
1.59559 0.00324 1.58934 1.59813
1.58074 0.00816 1.57167 1.59520
1.60952 0.00498 1.60522 1.61915
1.55925 0.00644 1.54828 1.56842
1.65374 0.00751 1.64359 1.66346
