# avg	std	min	max
0.00000 0.00000 0.00000 0.00000
-0.28360 0.00000 -0.28360 -0.28360
-0.05414 0.00809 -0.05829 -0.03797
-0.33008 0.00934 -0.33550 -0.31144
-0.10673 0.01733 -0.12115 -0.07966
-0.51606 0.02105 -0.55567 -0.49667
-0.67312 0.01726 -0.69669 -0.64534
-0.47583 0.01405 -0.48679 -0.44869
-1.10208 0.01889 -1.11737 -1.07048
-0.06125 0.00001 -0.06126 -0.06124
-0.07569 0.00536 -0.08231 -0.07125
0.00899 0.01783 -0.00943 0.03024
-0.58077 0.01576 -0.60053 -0.56185
0.00737 0.00588 0.00088 0.01695
-0.24689 0.01698 -0.26344 -0.21631
-0.15625 0.00439 -0.16134 -0.14994
-0.58861 0.02681 -0.63597 -0.56221
-0.27042 0.01356 -0.28707 -0.25216
-0.28416 0.09992 -0.47012 -0.19909
-0.10943 0.00665 -0.11389 -0.09621
