# avg	std	min	max
0.00000 0.00000 0.00000 0.00000
0.12646 0.00000 0.12646 0.12646
0.12517 0.00011 0.12506 0.12536
-0.64805 0.01367 -0.66149 -0.62421
0.41574 0.00065 0.41467 0.41631
-0.96929 0.06735 -1.05787 -0.87147
-1.13614 0.01440 -1.15911 -1.11653
-0.83897 0.25728 -1.20483 -0.57942
0.54211 0.00415 0.53938 0.55037
0.42609 0.00150 0.42483 0.42794
0.08850 0.00006 0.08846 0.08861
-0.14508 0.00008 -0.14513 -0.14493
-0.73271 0.04144 -0.80987 -0.68666
-0.34223 0.00023 -0.34266 -0.34202
-0.48763 0.03940 -0.51067 -0.40899
-0.42433 0.00254 -0.42787 -0.42015
-0.23579 0.07872 -0.39292 -0.18695
-0.65131 0.04980 -0.71214 -0.58385
-1.00252 0.11252 -1.11075 -0.78668
-0.38888 0.00064 -0.38998 -0.38803
