# avg	std	min	max
0.00000 0.00000 0.00000 0.00000
0.12770 0.00000 0.12770 0.12770
2.18370 0.00029 2.18346 2.18427
1.96090 0.02388 1.94109 1.99772
2.10477 0.00489 2.10061 2.11083
1.82866 0.00802 1.81704 1.83570
1.90046 0.01944 1.87449 1.92433
1.97079 0.00968 1.96404 1.98896
0.34936 0.00220 0.34625 0.35231
0.29256 0.01223 0.26935 0.30089
2.10372 0.00066 2.10313 2.10497
1.97924 0.00001 1.97923 1.97926
1.93930 0.00034 1.93868 1.93961
0.07283 0.00322 0.06990 0.07880
1.97340 0.00550 1.96954 1.98419
0.03440 0.02148 0.00358 0.06933
1.93159 0.00241 1.92934 1.93624
1.93785 0.00665 1.93219 1.95037
1.80433 0.01315 1.78600 1.81794
2.03872 0.00142 2.03715 2.04056
