# avg	std	min	max
0.00000 0.00000 0.00000 0.00000
2.17818 0.00609 2.16644 2.18257
4.57360 0.01898 4.53866 4.59399
1.63640 0.01334 1.62259 1.65866
4.32194 0.01582 4.30286 4.34184
1.37006 0.02502 1.35025 1.41838
1.70951 0.00307 1.70727 1.71558
1.42749 0.05503 1.33315 1.49164
5.92094 0.01108 5.90309 5.93425
2.06726 0.10990 1.95011 2.26591
2.88189 0.01152 2.86295 2.89325
2.02739 0.00585 2.02373 2.03903
1.64915 0.18073 1.49388 1.89021
1.67785 0.00543 1.66965 1.68660
1.88987 0.01805 1.86101 1.91411
1.98473 0.00380 1.97740 1.98778
1.94968 0.02140 1.92321 1.98635
1.77979 0.05256 1.67608 1.82124
1.96087 0.03520 1.90206 2.00088
1.79999 0.03205 1.76422 1.85772
