# avg	std	min	max
0.00000 0.00000 0.00000 0.00000
3.76835 0.01499 3.73840 3.77673
5.59098 0.00202 5.58885 5.59429
4.02629 0.08089 3.95346 4.14135
5.46051 0.00212 5.45848 5.46436
3.21594 0.03040 3.16696 3.24023
2.98364 0.00280 2.98004 2.98666
3.42074 0.00299 3.41646 3.42528
6.31281 0.15601 6.14477 6.50036
4.09042 0.01409 4.06950 4.10713
6.12684 0.00142 6.12515 6.12921
2.26846 0.00610 2.26037 2.27753
3.06110 0.00179 3.05861 3.06288
2.62545 0.00193 2.62359 2.62889
3.49588 0.00898 3.48312 3.51116
4.77119 0.00462 4.76598 4.77768
4.17351 0.01757 4.15861 4.20664
3.29415 0.06863 3.22149 3.38246
2.94857 0.04914 2.88505 3.02620
4.10439 0.00779 4.09497 4.11356
