# avg	std	min	max
0.00000 0.00000 0.00000 0.00000
6.23957 0.00088 6.23869 6.24089
23.09936 0.11010 22.96770 23.26090
18.73598 1.33145 17.40290 21.28500
24.16160 0.04917 24.08930 24.22310
14.07400 0.48419 13.42810 14.92490
25.72142 1.66013 23.90410 28.54690
39.14198 3.90374 33.87380 45.00740
15.32542 0.36907 14.75260 15.84000
11.56116 0.23993 11.12210 11.77740
21.12598 0.65551 19.81750 21.50990
12.53494 0.60959 12.11440 13.70350
30.56522 3.24700 28.17560 36.90790
17.39752 0.37016 17.04050 18.08390
16.46532 1.24930 14.76780 18.23870
19.26632 0.26033 18.95950 19.55790
19.83344 1.38565 17.95530 21.95600
17.82714 1.64642 16.37980 20.90380
19.83168 1.96527 17.00310 22.72870
32.75400 2.26716 28.90960 35.24950
