# avg	std	min	max
0.00000 0.00000 0.00000 0.00000
5.88716 0.00059 5.88606 5.88773
15.59532 0.12127 15.43040 15.70420
8.75790 0.30622 8.32533 9.09741
16.26760 0.00619 16.25650 16.27540
8.13266 0.04441 8.04554 8.16226
8.75155 1.00885 8.03231 10.70390
10.79193 1.11732 9.83851 12.87290
15.52430 0.08705 15.41340 15.67190
8.34243 0.04280 8.27639 8.41124
15.50062 0.19702 15.10720 15.61760
7.55196 0.09219 7.36761 7.59965
13.53044 0.82879 12.10290 14.36290
8.00542 0.07682 7.94516 8.13715
8.45651 0.01764 8.42544 8.48012
8.57573 0.30959 8.34380 9.16743
9.37701 0.21206 8.95534 9.50853
8.86106 0.06311 8.76551 8.95094
8.93998 0.34069 8.59908 9.58505
10.06175 0.78334 9.15822 11.48910
