# avg	std	min	max
0.00000 0.00000 0.00000 0.00000
6.43173 0.21635 6.13531 6.65345
19.63896 2.50212 15.22150 22.01250
25.04446 1.82815 21.65050 26.79810
22.83474 4.77596 17.24270 30.30110
18.42978 1.75005 15.49040 20.93320
42.43016 4.33817 37.69480 49.83610
60.52740 3.27811 55.50390 64.23300
18.45066 1.01521 16.58580 19.67410
8.48860 0.24820 8.14434 8.77181
16.92566 1.74410 14.12230 18.67600
13.06024 1.89145 10.78090 15.29110
45.58048 1.25955 44.19140 47.36290
19.95362 2.29328 17.62260 23.57160
21.11798 4.78403 17.21280 29.33520
17.66040 3.70571 13.88230 24.36500
22.02152 4.66342 16.91310 30.79340
25.75862 4.32905 20.40930 31.69710
29.50976 3.09348 25.65870 34.26350
45.94420 4.49897 39.29980 50.15820
