# avg	std	min	max
0.00000 0.00000 0.00000 0.00000
1.96583 0.14618 1.76063 2.09390
11.35724 0.66711 10.84300 12.67740
10.74420 0.54576 10.15060 11.44390
14.48954 0.35249 13.85350 14.90680
10.11903 2.15934 8.73075 14.41800
28.59176 2.91453 25.52290 34.01800
41.62682 8.57972 31.53050 51.59060
10.40990 0.67218 9.09461 10.98940
1.34277 0.03964 1.29044 1.38726
10.03805 0.65230 9.62903 11.33560
4.28494 0.45974 3.48493 4.92376
28.28860 3.88863 21.28660 33.09080
9.20442 1.67042 6.69871 11.25130
13.99104 2.81245 11.11430 19.27520
9.10532 0.54141 8.03919 9.50506
12.23429 3.25495 6.27414 15.12040
15.81558 0.63540 14.98170 16.95220
13.42118 1.90924 10.63060 16.53730
26.92626 1.24862 25.05630 28.32520
