# avg	std	min	max
0.00000 0.00000 0.00000 0.00000
2.45222 0.00046 2.45130 2.45248
6.08395 0.01405 6.07096 6.11084
3.09259 0.04104 3.05599 3.16827
7.80961 0.12577 7.60266 7.91127
2.65516 0.25623 2.18830 2.86741
2.85671 0.13103 2.73024 3.08308
3.96622 0.06392 3.90757 4.05066
5.72622 0.05103 5.66046 5.80937
2.40021 0.00762 2.39376 2.40963
6.63118 0.02819 6.57480 6.64589
2.39205 0.00105 2.38996 2.39274
3.05734 0.14164 2.93630 3.30376
3.60517 0.04490 3.54878 3.65608
3.31431 0.16720 3.05389 3.58050
3.79218 0.00913 3.78641 3.81023
3.34321 0.29624 3.04458 3.81150
2.80355 0.09293 2.68641 2.91247
3.04642 0.28963 2.85737 3.62044
3.73302 0.03362 3.67626 3.76418
