# avg	std	min	max
0.00000 0.00000 0.00000 0.00000
4.50396 0.03877 4.45540 4.56517
7.41600 0.06428 7.35295 7.52293
7.55007 0.76846 6.15516 8.41908
8.79091 0.48791 8.44025 9.74944
6.09654 0.58869 5.29828 7.00378
6.69014 0.54977 6.10380 7.61467
8.01129 0.50250 7.39800 8.86162
7.13605 0.04011 7.09063 7.19188
5.33229 0.09458 5.21631 5.50110
8.45782 0.09630 8.38510 8.64550
5.21961 0.22301 4.81338 5.42786
6.48281 0.26815 6.15648 6.82487
5.57677 0.29419 5.11316 6.02808
7.69361 1.33123 6.77752 10.32850
7.03500 0.12306 6.87698 7.21221
8.30922 0.42214 7.90575 9.07318
6.49375 0.28506 5.95667 6.76444
6.81319 0.48431 5.93584 7.26761
6.65527 0.34840 6.20378 7.10848
