# avg	std	min	max
0.00000 0.00000 0.00000 0.00000
-0.07790 0.00000 -0.07790 -0.07790
0.27145 0.00000 0.27145 0.27145
-0.21793 0.02122 -0.24268 -0.19396
0.05364 0.00220 0.05172 0.05748
-0.14744 0.02601 -0.19857 -0.12817
-0.46602 0.01581 -0.49337 -0.45085
-0.30982 0.00217 -0.31255 -0.30767
-0.60703 0.00002 -0.60706 -0.60700
-0.15003 0.00009 -0.15015 -0.14990
0.24155 0.00006 0.24148 0.24162
-0.14792 0.00026 -0.14824 -0.14755
-0.40447 0.01275 -0.42513 -0.39065
-0.05468 0.00523 -0.06188 -0.04794
-0.24633 0.07963 -0.38489 -0.13781
-0.02941 0.00252 -0.03230 -0.02623
-0.57696 0.01029 -0.58319 -0.55648
-0.47434 0.03559 -0.53509 -0.43979
-0.49996 0.01680 -0.52305 -0.47347
-0.00738 0.00074 -0.00838 -0.00614
