# avg	std	min	max
-0.00000 0.00000 -0.00000 0.00000
6.59870 0.04271 6.55057 6.65471
21.41978 0.21447 21.06040 21.71270
27.35734 1.56465 25.11890 29.36070
27.50066 0.31289 26.93930 27.80440
26.92962 0.68031 25.90430 27.95100
41.77912 1.78490 38.81630 43.45110
58.76116 3.54894 53.67280 63.29350
15.15272 0.06715 15.09220 15.27190
10.06128 0.14144 9.85748 10.22390
18.88590 0.13598 18.71610 19.11270
11.22152 0.43922 10.35450 11.51940
45.94748 2.56021 42.16890 49.24470
21.40828 1.80773 19.35250 24.27250
29.86622 2.20127 26.73460 32.69490
21.83946 0.33887 21.34950 22.34840
28.18124 2.03843 25.41310 30.86470
30.22052 4.54355 22.38080 34.92640
42.21912 2.72288 37.40170 44.69390
44.05234 1.16007 42.34010 45.06630
