# avg	std	min	max
0.00000 0.00000 0.00000 0.00000
10.39500 0.00115 10.39360 10.39650
25.75566 0.08043 25.69180 25.91410
35.31806 0.27145 35.09140 35.82570
34.55144 0.09577 34.47120 34.73940
35.17582 0.74504 34.51290 36.56290
66.17718 0.48647 65.83680 67.13870
94.98322 0.45279 94.45340 95.78350
22.15308 0.04317 22.12400 22.23830
15.59914 1.60576 14.78310 18.81060
24.72248 0.10304 24.56460 24.82780
18.26548 0.09495 18.16170 18.42230
74.20330 0.86248 73.03970 75.36090
31.20728 0.32415 30.84600 31.80310
41.51422 0.51060 40.86930 41.97460
32.02096 0.63019 31.14890 32.79640
38.80318 0.68952 38.24510 40.10240
45.09994 1.36068 42.74460 46.53110
52.83560 2.37113 50.65730 57.25850
55.14122 0.48531 54.33660 55.85910
