# avg	std	min	max
0.00000 0.00000 0.00000 0.00000
0.74291 0.00250 0.73875 0.74617
1.97349 0.09115 1.89016 2.13621
1.55553 0.11279 1.44202 1.75706
3.21741 0.18536 2.92709 3.46960
1.33507 0.12648 1.09829 1.43869
3.63149 1.16908 2.37179 5.83473
5.72264 0.33787 5.36806 6.34922
-0.87892 0.06299 -1.00394 -0.83399
1.02005 0.00071 1.01927 1.02099
2.03634 0.28834 1.66409 2.31705
0.47146 0.00120 0.46936 0.47270
3.29972 1.14236 2.28487 5.19257
1.86049 0.04224 1.79693 1.90572
0.70555 0.11104 0.61490 0.91678
1.80681 0.28344 1.24473 1.98578
0.21310 0.02388 0.18200 0.25588
1.02074 0.17349 0.86481 1.32901
1.30004 0.13090 1.10154 1.49641
3.07248 0.63672 2.11918 3.96189
