# avg	std	min	max
0.00000 0.00000 0.00000 0.00000
2.77142 0.00000 2.77142 2.77142
6.61861 0.92480 5.74713 7.78142
3.28418 0.00805 3.26818 3.28936
7.73061 0.12985 7.56613 7.92092
3.49573 0.01646 3.47848 3.51553
3.59121 0.04592 3.50826 3.64626
4.01016 0.01027 3.98982 4.01761
6.61552 0.09428 6.48948 6.74296
3.88734 0.00011 3.88724 3.88755
6.77864 0.06243 6.70827 6.88417
3.59501 0.00078 3.59379 3.59607
3.64690 0.01595 3.62849 3.67241
3.11537 0.02898 3.07347 3.16393
3.10875 0.00306 3.10275 3.11077
4.12954 0.00272 4.12675 4.13353
3.99655 0.03067 3.95635 4.03286
2.66106 0.04660 2.58388 2.71650
3.36336 0.03446 3.30871 3.41736
2.88662 0.00041 2.88612 2.88734
