# avg	std	min	max
1.23302 0.00000 1.23302 1.23302
-0.22396 0.00000 -0.22396 -0.22396
0.53873 0.13826 0.46658 0.81517
-1.44638 0.06196 -1.53982 -1.38660
0.51895 0.38674 -0.25300 0.75827
-1.51093 0.09165 -1.59331 -1.37821
-1.44965 0.04223 -1.49950 -1.37196
-1.53163 0.01465 -1.54309 -1.50341
4.83984 0.10910 4.66378 5.00129
0.38574 0.00586 0.37892 0.39260
1.50187 0.00820 1.48788 1.51311
0.51718 0.01379 0.49167 0.53007
-1.18641 0.03125 -1.24879 -1.16772
0.59756 0.00305 0.59471 0.60345
-0.57962 0.01528 -0.59667 -0.56058
0.72340 0.00547 0.71611 0.73193
-0.23185 0.06047 -0.28833 -0.14400
-0.88756 0.20150 -1.26267 -0.70053
-0.71762 0.10182 -0.91266 -0.62094
0.07313 0.01131 0.05234 0.08615
