# avg	std	min	max
1.31524 0.04928 1.25900 1.38431
0.72512 0.05996 0.64332 0.79345
0.70532 0.05320 0.64505 0.78664
-1.01773 0.07470 -1.13683 -0.92173
0.74747 0.03553 0.68641 0.77647
-0.86530 0.20717 -1.15935 -0.63558
-0.30148 0.05193 -0.37705 -0.24226
0.14710 0.11131 -0.02545 0.25529
2.39107 0.05583 2.32425 2.47412
0.89143 0.05071 0.82301 0.96904
1.17860 0.04805 1.08623 1.22085
0.57682 0.06199 0.48825 0.64727
-0.06947 0.02212 -0.10016 -0.04762
0.11571 0.06323 0.05368 0.22462
0.42460 0.03189 0.37577 0.46422
2.10354 0.06172 2.00532 2.16741
1.28407 0.07986 1.15878 1.38442
-0.17619 0.19864 -0.48042 0.01046
-0.39105 0.25388 -0.69976 -0.10377
0.00130 0.00106 -0.00073 0.00215
