# avg	std	min	max
2.92679 0.03394 2.87164 2.96620
1.93578 0.01790 1.91499 1.96325
1.26702 0.01702 1.24002 1.29067
-0.56666 0.04147 -0.62125 -0.51227
0.32773 0.02433 0.29092 0.36474
-0.83712 0.02486 -0.86943 -0.80074
1.68965 0.02378 1.64687 1.71498
1.58685 0.01158 1.56474 1.59642
5.29406 0.21455 4.95735 5.56574
2.07809 0.03226 2.03406 2.11679
1.53616 0.00982 1.52396 1.55401
1.80138 0.02326 1.77727 1.83723
1.78244 0.01506 1.76648 1.80373
1.59469 0.01982 1.57177 1.62492
1.25899 0.03481 1.21334 1.30873
2.82836 0.01164 2.81098 2.84528
2.03966 0.04633 1.96782 2.10330
0.83636 0.01237 0.82075 0.85738
1.85047 0.12055 1.68417 2.01179
-0.01507 0.02853 -0.05058 0.03580
