# avg	std	min	max
3.42966 0.03281 3.38104 3.46866
1.85362 0.04693 1.80286 1.91735
-0.17774 0.04380 -0.23108 -0.10427
-1.34953 0.02772 -1.39987 -1.31884
-1.28636 0.03061 -1.30950 -1.22687
-1.29336 0.12832 -1.42861 -1.04886
-1.12522 0.07561 -1.21367 -0.98530
-1.75791 0.04379 -1.80819 -1.68172
3.86146 0.02213 3.84753 3.90546
2.70105 0.14786 2.47532 2.88005
1.55339 0.06219 1.44891 1.62882
1.57424 0.02389 1.55552 1.62009
-0.79682 0.06872 -0.91361 -0.72943
1.83520 0.21716 1.40152 1.95597
1.39911 0.32251 0.86134 1.73939
2.48021 0.06306 2.40130 2.57978
2.35804 0.13028 2.11581 2.47636
1.10879 0.43325 0.57403 1.88107
0.86610 0.30317 0.38631 1.24110
0.07405 0.01554 0.05348 0.09411
