# avg	std	min	max
2.31312 0.00671 2.30853 2.32643
0.98865 0.00446 0.98014 0.99299
1.37836 0.01727 1.35024 1.40076
-0.87382 0.01330 -0.88373 -0.84838
0.88445 0.03702 0.85795 0.95738
-1.41996 0.04083 -1.47502 -1.35338
-0.80234 0.09068 -0.91389 -0.68905
4.14864 1.13116 2.00098 5.37292
1.54007 0.00775 1.53189 1.55172
0.82830 0.07345 0.76462 0.96659
2.93834 0.08847 2.76398 3.00026
1.12076 0.00731 1.11243 1.13367
3.78890 0.00764 3.77765 3.80086
2.53838 0.00808 2.52911 2.55069
1.70923 0.21038 1.58257 2.12878
2.79145 0.11074 2.67496 3.00012
1.50613 0.02149 1.47330 1.53672
0.79360 0.32925 0.53245 1.38775
5.30110 1.57546 2.73999 7.68020
-0.00974 0.01426 -0.02667 0.01633
