# avg	std	min	max
1.75801 0.25147 1.33811 2.03161
0.87660 0.05359 0.80143 0.94659
0.61544 0.20667 0.39871 0.98678
2.05225 0.22771 1.62067 2.29519
0.31884 0.20146 0.10280 0.61830
-0.57475 0.18201 -0.92764 -0.41153
0.09679 0.21297 -0.19965 0.37887
12.82282 0.78926 11.77780 14.05950
1.11340 0.12573 0.91811 1.23082
0.88310 0.16111 0.70610 1.11878
1.30168 0.07871 1.19783 1.43874
0.70406 0.05317 0.61364 0.77336
5.57262 0.08952 5.46519 5.73107
0.92272 0.11758 0.76372 1.07761
0.23813 0.32684 -0.24244 0.65545
1.58849 0.08386 1.44381 1.68372
2.13784 0.09434 2.03182 2.29238
1.17728 0.56291 0.44582 2.00726
9.65775 0.94493 7.82333 10.38150
0.02143 0.01057 0.00639 0.03170
