# avg	std	min	max
1.05554 0.17803 0.83654 1.31705
-0.02735 0.13025 -0.18547 0.12021
1.16804 0.16995 0.92941 1.42221
-0.04451 0.10404 -0.15946 0.13015
2.50803 0.25755 2.04552 2.81007
-0.19607 0.29795 -0.57844 0.16358
-0.70408 0.08831 -0.79589 -0.54424
0.91043 0.38718 0.57935 1.53232
4.04959 0.23541 3.59285 4.21220
0.74932 0.15606 0.57571 1.03079
2.41165 0.16591 2.23002 2.69377
0.24287 0.12821 0.06298 0.43459
-0.25489 0.22147 -0.46204 0.03136
-0.24613 0.09524 -0.33000 -0.06718
0.68969 0.16125 0.46027 0.88457
0.02098 0.25972 -0.27662 0.33926
0.99608 0.20788 0.75966 1.29850
0.49445 0.13872 0.28623 0.71943
0.88465 0.14616 0.68870 1.05655
0.03852 0.00990 0.02536 0.05177
