# avg	std	min	max
2.94356 0.00610 2.93217 2.94959
1.62704 0.05264 1.58680 1.72859
2.44757 0.77404 0.89961 2.84968
0.94326 0.08817 0.76857 1.00909
2.16870 0.60904 1.13391 3.04370
-0.43686 0.04090 -0.51275 -0.39417
-1.10141 0.01771 -1.12073 -1.07667
0.46432 0.02117 0.42627 0.48127
4.23239 0.10070 4.08426 4.37215
2.13920 0.02145 2.11349 2.16375
1.77592 0.03961 1.72965 1.82351
0.75734 0.06713 0.69677 0.88418
-0.45479 0.00902 -0.46980 -0.44369
1.07223 0.03056 1.03444 1.11899
1.67547 0.01947 1.65095 1.70456
0.95351 0.14451 0.83772 1.23863
2.06693 0.00889 2.05719 2.07728
0.98304 0.08850 0.81229 1.05759
1.36834 0.10449 1.23804 1.52667
0.01086 0.01412 -0.01596 0.02087
