# avg	std	min	max
0.61895 0.06714 0.50280 0.69313
1.16035 0.11910 0.92808 1.25166
1.57590 0.22863 1.29833 1.97279
0.25079 0.03152 0.19806 0.29679
1.45150 0.14479 1.16762 1.55443
0.12582 0.01499 0.11098 0.14561
0.27443 0.19434 -0.02967 0.50758
1.03586 0.05037 0.94837 1.09802
2.15902 0.32819 1.59523 2.61043
1.81330 0.30965 1.20198 2.03460
3.21659 0.01843 3.18824 3.23901
1.37833 0.06488 1.27665 1.45136
0.20644 0.59864 -0.80087 1.06952
1.74009 0.14142 1.54904 1.97578
0.42304 0.19501 0.21444 0.76898
1.79379 0.10413 1.59223 1.87829
1.79356 0.20123 1.39637 1.93380
0.83045 0.04540 0.77223 0.90992
1.23142 0.42253 0.47159 1.63920
1.11535 0.57127 0.15443 1.64721
