# avg	std	min	max
5.96595 0.01575 5.95110 5.99323
4.15668 0.02632 4.13832 4.20610
1.41504 0.02358 1.39282 1.44872
0.82706 0.03624 0.78984 0.89300
-0.02351 0.01652 -0.05160 0.00000
0.17171 0.04816 0.09201 0.23695
6.95841 0.25634 6.75164 7.45441
8.53525 1.31636 6.77918 10.64630
6.17154 0.10899 6.05117 6.31111
4.57954 0.03185 4.54445 4.62050
3.57571 0.02246 3.55892 3.61960
3.77999 0.02757 3.74976 3.82405
9.93920 1.12786 7.89443 10.92830
4.03930 0.01472 4.01163 4.05305
3.89135 0.02434 3.84720 3.90963
6.08412 0.06526 5.98685 6.17168
5.08676 0.08363 4.97458 5.21110
4.95977 0.52929 3.95317 5.50625
6.56322 0.85276 5.13671 7.44658
7.35057 0.41797 6.69714 7.81245
