# avg	std	min	max
3.35563 0.00708 3.34665 3.36590
2.44781 0.00588 2.44217 2.45837
1.20816 0.00552 1.19856 1.21447
-0.17382 0.07645 -0.27408 -0.07700
-0.01039 0.01665 -0.03146 0.01730
-0.92874 0.02088 -0.95874 -0.90047
-0.44800 0.32001 -0.73428 0.04060
3.53920 0.43729 3.06379 4.35193
5.94100 0.08848 5.79660 6.07424
3.25739 0.01466 3.23854 3.28122
2.57904 0.03469 2.54333 2.63912
2.07092 0.00603 2.06149 2.07960
-0.13125 0.19733 -0.38763 0.08023
2.82730 0.05179 2.75860 2.88690
2.33309 0.06902 2.28167 2.46947
4.42125 0.04531 4.33529 4.46440
4.11251 0.11248 3.98295 4.26372
1.77113 0.12685 1.56153 1.91719
1.13620 0.12278 0.95980 1.33523
2.16028 0.16828 1.97890 2.45834
