# avg	std	min	max
3.64642 0.01025 3.63221 3.66017
2.40988 0.00635 2.39996 2.41945
1.01032 0.00374 1.00457 1.01576
-0.34640 0.11275 -0.43953 -0.18729
-0.00667 0.00560 -0.01733 -0.00089
0.34705 0.04081 0.27927 0.39989
2.00559 0.23469 1.80586 2.45096
3.31494 0.22964 2.94783 3.52622
2.28992 0.03818 2.21682 2.32191
3.18601 0.01207 3.16294 3.19748
1.99586 0.10224 1.79218 2.06067
2.40335 0.01021 2.39217 2.42126
2.13039 0.17755 2.02048 2.48316
3.10927 0.15607 2.86410 3.24290
2.54606 0.44277 1.66285 2.81908
4.61107 0.01452 4.58760 4.62661
3.85212 0.13984 3.73449 4.11933
1.92694 0.06241 1.85711 2.02473
1.55311 0.15250 1.29283 1.76716
3.76325 0.02820 3.73318 3.81238
