# avg	std	min	max
4.03444 0.04745 3.98527 4.10260
2.43671 0.01566 2.42215 2.46352
0.69600 0.02783 0.65050 0.72489
0.60969 0.21499 0.44911 1.02906
-0.00181 0.00288 -0.00743 -0.00000
0.27219 0.13769 0.14133 0.52411
1.66341 0.45173 0.80495 2.07731
2.85037 0.49358 2.36542 3.50124
3.29616 0.22230 2.93091 3.61523
3.23310 0.01551 3.20315 3.24802
1.96804 0.02139 1.92789 1.98548
2.40562 0.01777 2.39150 2.43628
1.98330 0.20248 1.77372 2.26198
2.41517 0.02746 2.37326 2.45503
2.53463 0.16828 2.20520 2.65547
4.31575 0.01068 4.30039 4.32895
4.22628 0.10722 4.06725 4.36393
2.90372 0.28828 2.39741 3.26648
5.29364 0.51201 4.46307 6.05147
2.01677 0.03720 1.97297 2.07104
