# avg	std	min	max
5.42104 0.01275 5.39948 5.43594
3.45849 0.01566 3.44686 3.48918
0.96917 0.03730 0.94246 1.04129
0.49204 0.03178 0.45775 0.54780
-0.00827 0.00461 -0.01369 -0.00094
0.77221 0.63751 0.05513 1.93185
5.17106 2.40522 2.94779 9.68458
13.63228 4.75778 7.82432 19.66150
4.26881 0.06692 4.19591 4.39010
4.43993 0.00490 4.43238 4.44777
2.88324 0.00951 2.86682 2.89446
3.41518 0.04499 3.38431 3.50329
7.91064 4.49558 4.32155 16.13360
3.28919 0.01440 3.27840 3.31769
3.07582 0.15394 2.99410 3.38365
5.30878 0.02602 5.28429 5.35363
5.25721 0.04942 5.17524 5.31134
5.29379 0.12281 5.13773 5.47423
8.33513 0.83532 6.87143 9.46134
8.87892 2.65299 5.34222 12.65510
