# avg	std	min	max
0.33763 0.00793 0.32193 0.34250
0.29375 0.00727 0.28702 0.30706
0.07507 0.00011 0.07490 0.07518
0.05926 0.00956 0.05417 0.07836
-0.00014 0.00012 -0.00026 0.00010
0.24999 0.00217 0.24632 0.25312
0.03997 0.02582 0.01718 0.07763
0.15926 0.01944 0.13605 0.18754
-0.99834 0.00673 -1.00658 -0.99125
0.39457 0.00812 0.38452 0.40661
0.08968 0.00009 0.08959 0.08985
0.18005 0.00780 0.16830 0.18845
0.11994 0.00749 0.10948 0.13221
0.02897 0.09115 -0.15301 0.07978
-0.25680 0.00174 -0.25909 -0.25507
-0.06977 0.00814 -0.07868 -0.05761
-0.52338 0.01901 -0.54255 -0.48847
-0.23149 0.04031 -0.27560 -0.16563
-0.40062 0.06901 -0.47575 -0.27215
-0.09557 0.01229 -0.11460 -0.07893
