# avg	std	min	max
4.84207 0.03531 4.79139 4.88397
3.50570 0.03280 3.44998 3.54075
1.26467 0.00769 1.25251 1.27220
-0.09155 0.05602 -0.13545 0.01836
-0.02173 0.04334 -0.07377 0.04515
0.23402 0.04042 0.18113 0.29022
2.03287 1.37419 0.57789 4.38122
1.98581 2.05980 0.08079 4.99102
7.51404 0.03466 7.44781 7.54404
4.27438 0.03410 4.22885 4.31986
3.18961 0.04471 3.11772 3.23587
2.97922 0.01688 2.94981 2.99232
2.66569 0.33993 2.26954 3.28389
2.95540 0.04151 2.90209 2.99578
2.94993 0.20864 2.59567 3.25121
4.41658 0.06069 4.31284 4.47822
4.11113 0.05515 4.04483 4.17347
2.82578 0.16577 2.66796 3.14452
2.97440 0.19885 2.74394 3.30058
4.02759 0.11584 3.87333 4.22883
