# avg	std	min	max
6.30266 0.01045 6.29348 6.31574
4.15035 0.01589 4.13630 4.17043
1.23829 0.00225 1.23422 1.24064
0.08617 0.15656 -0.04809 0.38481
-0.00394 0.00240 -0.00747 -0.00064
2.15939 0.40977 1.45629 2.66267
8.44381 0.26750 7.98166 8.77331
13.92376 2.08420 10.74220 16.22900
2.20616 0.02582 2.17539 2.24383
5.58672 0.01722 5.56763 5.60854
3.72108 0.00318 3.71788 3.72656
3.51115 0.04124 3.46808 3.56338
13.88608 0.19226 13.50200 13.99380
3.69718 0.15688 3.47453 3.90132
4.15317 0.20232 3.89322 4.44055
6.09232 0.05415 5.98545 6.13484
5.39669 0.00777 5.38328 5.40499
5.10565 0.71727 4.16674 6.35012
10.12511 0.65728 9.41072 10.93880
6.28642 0.39057 5.94666 7.03947
