# avg	std	min	max
4.76192 0.01983 4.72538 4.78539
3.39529 0.01460 3.37769 3.41583
0.87094 0.01592 0.84841 0.89488
1.01145 0.02279 0.97033 1.03598
-0.03384 0.01056 -0.05152 -0.02187
-0.25921 0.14129 -0.47095 -0.04568
3.23578 1.71092 1.01978 5.43175
10.70754 2.95801 6.62906 13.55620
4.43818 0.03650 4.36773 4.47120
3.68567 0.01646 3.65928 3.70709
2.50929 0.00553 2.50138 2.51550
2.54805 0.01898 2.52468 2.57190
5.34683 1.06805 3.77116 7.09718
4.04754 0.12077 3.88945 4.19444
3.14946 0.07885 3.05152 3.25755
5.50534 0.00937 5.49287 5.52084
4.52498 0.06933 4.44315 4.61836
4.48076 0.26365 4.00942 4.78497
7.35404 0.58518 6.70030 8.40439
3.53430 0.44585 3.07199 4.11327
