# avg	std	min	max
6.40744 0.18369 6.04801 6.56517
4.47889 0.04911 4.42289 4.54757
1.04956 0.01268 1.03385 1.06320
1.47727 0.11714 1.33270 1.67474
-0.01698 0.01389 -0.03756 -0.00111
3.01839 0.59430 2.01440 3.83819
7.49057 0.41748 6.96316 7.99148
15.10810 2.06514 11.66260 16.72020
6.29320 0.07723 6.19344 6.38603
5.25846 0.03590 5.21266 5.30620
3.87093 0.00383 3.86568 3.87657
3.60781 0.02342 3.58532 3.64980
10.71254 0.53573 10.17160 11.61290
4.35765 0.17600 4.24981 4.70781
5.35871 0.29132 4.87709 5.77282
6.69973 0.02288 6.66755 6.73604
6.49818 0.13717 6.25692 6.61618
5.27298 0.70651 4.68252 6.65399
5.64066 1.41358 4.24359 8.36168
8.22598 1.33697 6.08962 9.71116
