# avg	std	min	max
4.39072 0.00667 4.38284 4.40214
3.08813 0.01669 3.06847 3.11105
1.31704 0.00521 1.31113 1.32601
-0.41837 0.02912 -0.44887 -0.36371
-0.00068 0.00824 -0.01014 0.01378
0.57593 0.46584 -0.02639 1.38391
4.79266 0.81944 3.84235 6.20844
8.87152 0.99045 7.34723 9.95547
8.14932 0.49564 7.51138 8.73404
3.57391 0.01819 3.53935 3.59177
2.17961 0.02567 2.15594 2.22626
2.70815 0.00548 2.70090 2.71422
7.90052 0.92778 6.36785 8.92734
2.69936 0.00364 2.69359 2.70334
4.02343 0.04350 3.95670 4.08714
5.42206 0.02279 5.39527 5.45002
5.20224 0.03095 5.16564 5.25315
3.31939 0.29301 3.01901 3.82424
3.48653 0.80540 1.88030 3.95852
6.55832 0.95188 5.54971 8.30055
