# avg	std	min	max
1.09498 0.03554 1.06134 1.16176
0.47955 0.02343 0.45123 0.51152
0.74089 0.16989 0.57129 1.06527
0.07941 0.03012 0.03604 0.12166
0.28170 0.01482 0.26404 0.30021
0.01487 0.02824 -0.00738 0.06345
0.24656 0.20434 0.03685 0.59686
0.29070 0.01962 0.27203 0.32579
-1.20206 0.03627 -1.23153 -1.13805
1.09490 0.02927 1.07016 1.14975
0.89089 0.26463 0.36254 1.04209
0.92156 0.02431 0.89851 0.96837
0.05588 0.05001 -0.04080 0.09439
0.86575 0.02228 0.82683 0.88732
0.30750 0.06165 0.19481 0.37352
0.98030 0.02300 0.96014 1.02336
0.44773 0.03352 0.40652 0.50341
-0.01235 0.01830 -0.04754 0.00620
-0.12889 0.03426 -0.19235 -0.08905
0.84974 0.06774 0.72369 0.92709
