# avg	std	min	max
3.96568 0.30939 3.71251 4.52928
2.44848 0.26118 2.02778 2.74522
-0.12585 0.36720 -0.42746 0.59644
-0.03826 0.35006 -0.53688 0.42143
1.58848 0.77677 0.83716 2.87329
-0.56049 0.19724 -0.73042 -0.17685
1.64064 0.37210 1.10668 2.18993
3.14772 0.88797 1.92022 4.45172
5.42252 0.35446 4.97095 5.93666
3.08904 0.20964 2.72977 3.34089
2.03759 0.24308 1.76366 2.41181
1.69560 0.33831 1.32287 2.33535
2.11606 0.41233 1.54988 2.78923
2.58050 0.33863 2.10646 3.04026
1.07338 0.22000 0.84669 1.48659
3.94443 0.40839 3.45823 4.68376
3.27948 0.29743 2.92083 3.66951
-0.11822 0.12933 -0.35641 -0.01506
0.23146 0.31265 -0.17320 0.69779
1.33419 0.27407 1.01618 1.81254
