# avg	std	min	max
1.41139 0.04263 1.35922 1.46647
1.08416 0.03597 1.01351 1.11171
1.18933 0.04825 1.12711 1.24446
0.16645 0.04162 0.11016 0.23941
0.71017 0.04168 0.65851 0.78536
0.20336 0.01682 0.18087 0.22064
0.78376 0.05814 0.71540 0.86726
0.44346 0.26055 -0.05030 0.71204
0.88686 0.09283 0.74725 0.98402
-0.29692 0.18392 -0.51095 0.04560
-0.42823 0.16325 -0.62016 -0.19897
0.93370 0.03304 0.88190 0.98564
0.71137 0.09726 0.59048 0.84290
0.78487 0.24719 0.52468 1.16787
0.84078 0.02147 0.80520 0.86162
1.61005 0.05825 1.54661 1.69632
1.41306 0.03622 1.37160 1.47766
-0.05452 0.04148 -0.12889 -0.00877
0.23431 0.21429 -0.17505 0.45071
1.04161 0.04705 0.98742 1.12359
