# avg	std	min	max
-0.12726 0.02366 -0.14996 -0.08991
0.05474 0.01460 0.02727 0.06776
0.65274 0.01012 0.63708 0.66770
0.10959 0.01613 0.09298 0.13253
0.40343 0.01757 0.38387 0.43448
0.11361 0.02736 0.07647 0.16145
-0.42028 0.02948 -0.44901 -0.36539
0.19089 0.02504 0.15293 0.22381
0.98726 0.03903 0.92505 1.03411
0.00631 0.00654 -0.00323 0.01655
0.52993 0.01293 0.51335 0.55270
0.03025 0.01912 0.00819 0.05654
-0.42224 0.01731 -0.44924 -0.39890
0.02214 0.03527 -0.02073 0.06719
-0.04465 0.01160 -0.06215 -0.02932
0.13973 0.01793 0.11483 0.16978
0.02974 0.08848 -0.08953 0.14115
-0.02014 0.04532 -0.05320 0.06813
-0.30643 0.25927 -0.82209 -0.13098
0.25210 0.04908 0.16292 0.29222
