# avg	std	min	max
1.92349 0.04890 1.84737 1.97658
1.70583 0.03606 1.65920 1.76747
0.65092 0.71021 0.06280 1.93263
0.45414 0.17147 0.26842 0.72824
0.50751 0.16000 0.24083 0.68321
0.59163 0.10631 0.51758 0.80233
0.58885 0.07578 0.50921 0.68211
0.63547 0.20936 0.28417 0.89611
10.27964 0.17145 10.09890 10.60210
1.51511 0.03027 1.48931 1.57350
0.84575 0.13473 0.66705 1.02539
1.41405 0.13119 1.26025 1.65737
-0.53947 0.23392 -0.87442 -0.22467
1.26089 0.01740 1.22709 1.27740
0.33478 0.07339 0.27587 0.47416
1.40998 0.10573 1.28950 1.60661
1.49993 0.11444 1.34314 1.63721
-0.00346 0.00000 -0.00346 -0.00346
-1.59891 0.10910 -1.77920 -1.46666
1.44659 0.01690 1.41977 1.46714
