# avg	std	min	max
0.11085 0.02652 0.08757 0.16070
1.07645 0.02599 1.04210 1.10663
2.19086 0.00986 2.17533 2.20237
-0.01146 0.12132 -0.13973 0.21978
2.58058 0.09268 2.40519 2.65198
-0.03141 0.04869 -0.09309 0.03646
0.24494 0.04718 0.16613 0.30959
-0.08778 0.07406 -0.19519 0.01368
3.89168 0.01510 3.87367 3.91026
1.01150 0.00620 1.00700 1.02375
1.48679 0.01272 1.47498 1.51156
0.93650 0.10131 0.88159 1.13904
0.27068 0.13251 0.08789 0.48350
0.12673 0.02078 0.08552 0.13975
0.07848 0.01316 0.06333 0.09789
0.50187 0.00485 0.49651 0.50796
0.29575 0.00325 0.28958 0.29888
-0.00667 0.00088 -0.00843 -0.00623
0.18733 0.01314 0.17868 0.21337
0.77914 0.04113 0.71559 0.82649
