# avg	std	min	max
3.98300 0.19784 3.62377 4.13492
2.74371 0.03557 2.67914 2.77969
2.38817 0.05742 2.29927 2.46362
-0.12516 0.07968 -0.24559 -0.02120
1.42398 0.54006 1.06516 2.49945
-0.32499 0.43589 -0.79144 0.49346
-0.28744 0.16627 -0.49043 0.00408
2.90803 0.28073 2.57878 3.37963
5.99684 0.12520 5.75196 6.09147
3.07626 0.19493 2.69710 3.23648
2.48843 0.16250 2.18587 2.66891
2.83977 0.07858 2.73226 2.97157
2.08737 0.76788 0.55503 2.55108
2.53806 0.18053 2.17901 2.64467
2.40205 0.23496 2.09095 2.71858
4.80200 0.03066 4.75597 4.84709
4.22671 0.07753 4.12366 4.32983
2.43734 0.10779 2.23088 2.54519
2.01332 0.21737 1.79352 2.41584
1.54824 0.07525 1.42123 1.63822
