# avg	std	min	max
2.91596 0.00236 2.91288 2.91968
1.80138 0.00966 1.78285 1.80938
2.72356 0.29360 2.44366 3.10703
-0.00923 0.01073 -0.02953 0.00000
1.77206 0.01828 1.74432 1.80000
0.15558 0.03591 0.10923 0.21498
0.35159 0.04390 0.30348 0.41924
1.65169 0.17116 1.34365 1.82220
5.96990 0.03361 5.94099 6.03444
2.16899 0.02290 2.12395 2.18646
2.30521 0.00826 2.28915 2.31170
1.94816 0.08983 1.88502 2.11884
0.60423 0.09942 0.52294 0.80023
1.77675 0.12874 1.56301 1.94201
1.25596 0.02876 1.22239 1.30246
1.10020 0.12626 0.86104 1.20193
1.03048 0.06494 0.93945 1.10687
1.77473 0.02187 1.73453 1.79816
1.94194 0.43972 1.06281 2.18130
1.65145 0.10753 1.46739 1.78733
