# avg	std	min	max
5.28641 0.07068 5.20009 5.37066
4.01561 0.02681 3.96653 4.04635
3.38876 0.74399 2.43014 4.03153
-0.05086 0.02743 -0.10339 -0.02653
3.13718 0.28718 2.90190 3.68077
-0.19867 0.07039 -0.27976 -0.09916
1.55567 0.70248 0.59414 2.21386
5.40773 2.44643 1.57003 9.03194
3.13474 0.07543 2.99463 3.21444
5.13317 0.00475 5.12974 5.14259
4.18815 0.10484 4.00273 4.28954
3.14555 0.07520 3.08271 3.29223
5.29905 0.35898 4.92191 5.96830
4.07101 0.03718 4.02379 4.13482
3.68551 0.03250 3.65350 3.74627
5.64325 0.03045 5.61108 5.68160
5.42980 0.22105 5.14123 5.66183
3.76667 0.04355 3.69666 3.81618
5.14325 0.66818 4.32478 6.26972
2.86035 0.03258 2.80926 2.89880
