# avg	std	min	max
2.76823 0.04253 2.73362 2.84900
1.84170 0.02115 1.81605 1.87487
2.10776 0.33748 1.89474 2.77868
-0.05161 0.06543 -0.16579 0.00117
1.77750 0.04835 1.70004 1.85050
0.12203 0.09400 0.03115 0.24666
-0.41588 0.05574 -0.46771 -0.31238
-0.45589 0.04165 -0.51238 -0.39834
4.23809 0.03947 4.19035 4.28542
2.47126 0.03494 2.43097 2.52210
2.08102 0.04770 2.03125 2.14317
1.83980 0.03056 1.78889 1.87054
0.20996 0.03415 0.17550 0.25295
2.15804 0.03563 2.11814 2.22224
1.46759 0.04703 1.37857 1.50586
3.16783 0.06600 3.09375 3.29207
2.16067 0.01824 2.14571 2.19444
0.82340 0.05597 0.73629 0.88682
0.74623 0.03620 0.68076 0.78919
1.74031 0.03791 1.70737 1.81346
