# avg	std	min	max
3.53940 0.00510 3.52921 3.54195
2.82451 0.00141 2.82380 2.82733
2.59151 0.02748 2.57176 2.64604
-0.00179 0.00148 -0.00375 0.00051
1.43370 0.00495 1.42916 1.44329
-0.50672 0.03416 -0.56337 -0.47253
4.03314 0.36810 3.56234 4.68148
4.47299 1.05901 3.56914 6.03672
5.25856 0.08703 5.17500 5.40136
2.81804 0.00448 2.81321 2.82552
3.45424 0.02043 3.43330 3.48634
2.47949 0.03133 2.45193 2.51792
4.18057 1.43761 3.24072 6.95710
2.62659 0.00666 2.61632 2.63727
2.72112 0.00448 2.71692 2.72874
4.43022 0.02009 4.41235 4.46844
3.80013 0.01443 3.78132 3.81836
3.39151 0.08587 3.24607 3.48682
2.86864 0.57039 2.11913 3.76422
3.46488 0.79129 2.92712 5.00604
