# avg	std	min	max
5.90205 0.00800 5.89107 5.91213
3.92678 0.01098 3.91144 3.94292
3.03851 0.38436 2.36139 3.47091
-0.00709 0.00688 -0.01754 0.00180
2.65644 0.77747 1.62917 3.64999
0.23017 0.03746 0.18756 0.27738
2.63374 1.08824 1.56136 4.32478
15.53296 2.79090 11.24030 19.98520
9.88371 1.09658 8.48591 10.78510
4.72885 0.36533 4.54413 5.45950
3.90177 0.02137 3.87684 3.93675
3.99985 0.00939 3.98696 4.01153
8.10047 1.83451 4.53107 9.62835
4.57966 0.01827 4.55348 4.61073
3.03151 0.24562 2.89962 3.52262
5.65281 0.01353 5.63487 5.67673
5.09005 0.06462 5.04252 5.21406
4.98340 0.45196 4.28352 5.45959
9.43572 3.04905 5.63707 14.57390
3.39680 0.09092 3.30491 3.55005
