# avg	std	min	max
2.45225 0.00707 2.43815 2.45644
3.15180 0.00092 3.15080 3.15297
2.97185 0.01547 2.96136 3.00236
-0.01313 0.01087 -0.02380 -0.00000
2.77992 0.00658 2.76912 2.78942
0.12026 0.03452 0.07385 0.15946
3.41260 0.38255 3.02978 3.89325
6.76260 0.36335 6.47705 7.46138
6.78144 0.07418 6.69709 6.87118
2.41433 0.08880 2.24225 2.48201
3.44975 0.01116 3.43372 3.46124
2.43129 0.00460 2.42255 2.43607
3.93127 0.32475 3.60576 4.48571
2.16098 0.01318 2.13862 2.17976
3.62721 0.15924 3.44981 3.82414
4.99581 0.00391 4.99134 5.00202
4.14925 0.23539 3.75993 4.33579
0.24145 0.67431 -0.27265 1.57525
4.15388 0.06505 4.05629 4.22289
2.55677 0.07176 2.42172 2.63047
