# avg	std	min	max
5.30584 0.22809 4.90445 5.60354
2.82748 0.26770 2.55125 3.24546
2.14569 0.13104 1.95915 2.31795
-0.00582 0.00574 -0.01532 -0.00040
2.48469 0.12918 2.32124 2.70950
0.91061 0.03625 0.84993 0.94885
4.70119 1.75656 2.51549 6.30728
3.50743 0.47838 2.96615 4.36113
3.69041 0.39013 3.03454 4.06279
5.17610 0.21719 4.78779 5.35840
4.41312 0.03184 4.37784 4.46714
3.20902 0.07349 3.12777 3.32476
3.70915 0.17092 3.44622 3.94791
2.80038 0.03041 2.77377 2.83766
2.47741 0.20880 2.11150 2.67615
4.08979 0.21958 3.69112 4.35531
3.59688 0.21715 3.17194 3.75656
2.53522 0.33299 1.95078 2.83893
3.23404 0.08385 3.08448 3.30851
6.92887 2.11939 4.00331 8.85756
