# avg	std	min	max
3.80361 0.01482 3.77620 3.81483
2.53613 0.00633 2.52853 2.54380
1.74887 0.00847 1.73982 1.75988
-0.01379 0.01219 -0.03113 -0.00040
0.85652 0.00961 0.84399 0.86914
-0.92831 0.02181 -0.95454 -0.89033
-0.54859 0.17196 -0.83997 -0.33993
1.69721 1.00898 -0.32015 2.24818
1.52122 0.00163 1.51914 1.52299
3.53708 0.00577 3.52555 3.54033
2.49510 0.00799 2.48148 2.50286
2.46834 0.00286 2.46365 2.47200
0.10971 0.18692 -0.18493 0.34952
2.73674 0.02377 2.72045 2.78380
1.63011 0.22523 1.50833 2.08041
3.26501 0.02027 3.22789 3.28867
1.79323 0.02421 1.77026 1.83846
1.92223 0.03089 1.88805 1.97638
2.10969 0.42851 1.27383 2.44115
1.92167 0.02119 1.89439 1.95579
