# avg	std	min	max
4.10259 0.01292 4.08666 4.12169
2.65094 0.01677 2.62740 2.67202
2.32665 0.10619 2.21258 2.52500
-0.00707 0.00462 -0.01446 0.00000
1.88439 0.11805 1.64926 1.96372
0.04939 0.36374 -0.31245 0.70736
3.51556 0.69307 2.92808 4.60389
9.25744 2.70108 7.24645 14.32480
8.59067 0.13184 8.37295 8.76835
3.02744 0.02924 2.99545 3.08128
2.81454 0.01964 2.78462 2.84027
3.01338 0.02810 2.97434 3.05382
7.92896 0.60273 7.23993 8.96135
3.79841 0.01986 3.76426 3.81779
3.40896 0.30958 2.96287 3.78675
4.61026 0.31454 3.98158 4.77598
3.24533 0.58480 2.91997 4.41293
2.73738 0.13967 2.57885 2.96331
2.53411 0.25170 2.28696 3.00843
5.55215 0.22027 5.22254 5.85091
