# avg	std	min	max
5.69664 0.01803 5.66287 5.71080
4.02319 0.02135 4.00681 4.06487
4.04049 0.19542 3.87852 4.28633
-0.00680 0.00792 -0.02084 0.00153
4.30924 0.03228 4.24992 4.33733
0.68929 0.39440 0.32893 1.37299
5.41406 0.74903 4.52691 6.68287
15.54462 2.67943 11.47930 17.96400
8.05137 0.28046 7.84499 8.60731
4.70898 0.02145 4.68969 4.75022
2.89152 0.00608 2.88303 2.90054
3.90739 0.01323 3.88785 3.92363
9.99260 1.14127 7.99484 11.53100
3.62558 0.01564 3.61057 3.64888
4.28817 0.04082 4.24467 4.36059
6.53934 0.01373 6.52291 6.56283
5.60508 0.03008 5.55189 5.64061
6.02268 0.82657 5.08786 7.02722
8.91128 1.01270 7.55455 10.49730
3.72202 0.06883 3.66047 3.83584
