# avg	std	min	max
5.17634 0.00894 5.16518 5.19131
3.59165 0.01013 3.57715 3.60218
2.23943 0.41732 1.63580 2.58769
-0.02018 0.01318 -0.04127 -0.00473
1.91497 0.02678 1.88648 1.95829
0.10106 0.03346 0.05673 0.14086
6.44565 0.77636 4.90366 6.94083
11.25604 0.38306 10.80010 11.78070
7.70565 0.20387 7.31555 7.90459
4.16283 0.01155 4.14885 4.18349
3.21733 0.00727 3.20812 3.22715
3.66790 0.02797 3.63564 3.71170
12.33161 1.75166 8.82837 13.22850
3.99170 0.01308 3.96983 4.00868
3.11324 0.01614 3.09848 3.14346
4.87307 0.24800 4.47102 5.16074
3.79263 0.21094 3.48596 3.99492
3.36608 0.32816 2.95811 3.92402
4.47588 0.43143 3.66454 4.85381
5.14242 0.97733 3.31543 5.94720
