# avg	std	min	max
1.71382 0.02738 1.66396 1.73674
0.92511 0.00129 0.92437 0.92766
1.03687 0.00043 1.03641 1.03762
0.00000 0.00000 0.00000 0.00000
0.30604 0.00013 0.30583 0.30624
-0.75908 0.07403 -0.84898 -0.65947
-0.19539 0.00465 -0.20444 -0.19123
-0.53206 0.02967 -0.57222 -0.48884
2.76180 0.02211 2.73556 2.80135
1.51749 0.00124 1.51614 1.51979
1.73228 0.00268 1.72813 1.73634
1.43827 0.00266 1.43592 1.44178
0.18800 0.00566 0.18105 0.19549
1.01340 0.00235 1.01066 1.01613
0.57420 0.01548 0.54952 0.58757
1.35684 0.04237 1.32045 1.43659
0.72804 0.02337 0.71203 0.77305
0.45973 0.01099 0.44160 0.47568
0.68184 0.05727 0.61252 0.74876
0.86564 0.02378 0.84969 0.91292
