# avg	std	min	max
3.12448 0.04569 3.07056 3.20441
1.92299 0.07206 1.83210 2.03873
1.49747 0.03890 1.45034 1.54642
-0.00655 0.00974 -0.02576 0.00019
1.28451 0.07386 1.18920 1.38354
0.19952 0.04666 0.15137 0.27668
0.86300 0.05327 0.81770 0.95963
0.10583 0.01844 0.07776 0.13267
4.77271 0.03393 4.71600 4.82263
2.85785 0.03715 2.80209 2.91413
2.10397 0.05209 2.03025 2.17079
2.03242 0.07934 1.97620 2.18587
-0.09750 0.04878 -0.18352 -0.03517
2.33260 0.04637 2.28311 2.41474
1.80459 0.07964 1.66630 1.88273
3.01739 0.11195 2.90333 3.21988
2.66697 0.07506 2.58702 2.76150
1.66248 0.05943 1.59749 1.77152
1.66988 0.08920 1.54975 1.81800
2.59701 0.02202 2.56566 2.62737
