# avg	std	min	max
4.10932 0.03686 4.06747 4.15617
2.68084 0.02057 2.64342 2.69981
1.73270 0.02066 1.71702 1.77146
-0.01231 0.00971 -0.02458 -0.00054
0.75259 0.04128 0.70167 0.80905
-0.35056 0.03516 -0.38325 -0.29420
-0.21658 0.10829 -0.31960 -0.03064
2.22755 0.22388 2.07324 2.67062
7.00760 0.07706 6.87633 7.10406
3.09834 0.01156 3.08760 3.11936
2.98225 0.03966 2.94138 3.03988
2.86653 0.02018 2.83507 2.89764
2.73166 0.04666 2.66232 2.79785
2.67159 0.06881 2.58327 2.75657
2.18512 0.03651 2.12478 2.22985
3.65748 0.03946 3.59819 3.71675
2.77732 0.03458 2.71936 2.82415
1.51514 0.03965 1.47266 1.58980
2.05880 0.11104 1.92316 2.23156
2.20668 0.19261 2.02791 2.56414
