# avg	std	min	max
5.84090 0.10244 5.70751 5.96919
4.55869 0.02331 4.52018 4.58591
2.98778 0.00670 2.97547 2.99418
-0.00924 0.00640 -0.01709 0.00000
1.99117 0.00630 1.98332 1.99910
0.02130 0.02982 -0.01952 0.06427
2.96321 1.27270 0.63375 4.23366
8.85857 3.52608 2.22644 11.88170
6.50639 0.08278 6.38926 6.64718
5.59148 0.02091 5.56290 5.61856
3.87286 0.00670 3.86482 3.88081
3.59421 0.00632 3.58608 3.60029
4.51687 2.38686 2.02558 8.47925
4.42161 0.01819 4.39814 4.44994
3.57310 0.01249 3.55310 3.58752
5.46353 0.01156 5.45461 5.48635
4.22295 0.03157 4.20058 4.28498
4.67006 0.18133 4.33076 4.85269
8.03499 0.96164 6.73745 9.27174
3.41514 0.00669 3.40279 3.42140
