# avg	std	min	max
0.23866 0.00000 0.23866 0.23866
0.22294 0.00001 0.22293 0.22295
0.21621 0.00610 0.21313 0.22842
0.00000 0.00000 -0.00000 0.00000
0.31630 0.00021 0.31591 0.31649
-0.04041 0.00649 -0.04715 -0.03228
0.15115 0.01122 0.12954 0.15958
0.06085 0.18727 -0.20717 0.22178
-0.55388 0.00077 -0.55521 -0.55278
0.23014 0.00669 0.22396 0.24317
0.17263 0.00614 0.16751 0.18319
0.15060 0.00132 0.14796 0.15129
0.13051 0.00834 0.11793 0.14100
-0.15049 0.00987 -0.16994 -0.14453
-0.15049 0.00344 -0.15413 -0.14398
-0.21675 0.00376 -0.22279 -0.21093
0.17955 0.00118 0.17817 0.18110
-0.04447 0.05761 -0.14223 0.03233
-0.22152 0.05073 -0.30085 -0.14704
0.17261 0.00941 0.16171 0.18570
