# avg	std	min	max
0.28157 0.01016 0.27495 0.30118
0.24176 0.00059 0.24147 0.24295
0.57752 0.00613 0.57157 0.58508
-0.02532 0.01237 -0.03168 -0.00058
0.34933 0.01391 0.33632 0.36782
0.02503 0.01326 0.00498 0.04518
-0.21600 0.02926 -0.25512 -0.17426
0.32934 0.08263 0.22544 0.39930
0.13084 0.01239 0.12058 0.15130
0.21091 0.07959 0.10348 0.30991
0.52684 0.00881 0.51763 0.54314
0.27842 0.11774 0.17145 0.42207
0.04644 0.00943 0.03626 0.05953
0.07893 0.00768 0.06749 0.09170
0.29748 0.01686 0.27387 0.31890
0.14481 0.00667 0.13428 0.15470
0.22085 0.06694 0.15829 0.34338
0.07756 0.00912 0.06828 0.09036
0.10500 0.00372 0.09873 0.10980
0.50427 0.02372 0.48690 0.55052
