# avg	std	min	max
3.75229 0.09042 3.57167 3.80361
3.09365 0.00534 3.08365 3.09884
1.69675 0.02480 1.65833 1.71734
-0.00105 0.00507 -0.00523 0.00875
1.03167 0.00597 1.02027 1.03737
-0.09405 0.10236 -0.25662 0.04860
2.98270 0.37410 2.67812 3.71946
3.80056 0.21258 3.55941 4.19008
6.34605 0.11137 6.15926 6.45966
3.21802 0.01236 3.20470 3.23991
2.25095 0.01247 2.23025 2.26841
2.69178 0.00614 2.68186 2.69986
3.52202 0.87498 2.45755 5.03297
3.53835 0.09600 3.46923 3.72453
3.28320 0.06063 3.21089 3.34508
4.40093 0.02826 4.37299 4.43714
4.15849 0.02755 4.11656 4.19518
2.86382 0.18920 2.65976 3.11549
3.60239 0.35700 2.91365 3.94927
4.05101 0.03688 4.01535 4.10815
