# avg	std	min	max
5.88669 0.25587 5.37776 6.04954
3.76535 0.23261 3.30072 3.89846
2.71228 0.79306 1.53025 3.44713
-0.00711 0.00531 -0.01421 0.00013
1.61694 0.65035 0.93135 2.64705
0.48020 0.23101 0.34113 0.93963
4.81778 0.12613 4.58313 4.93466
14.87310 1.00073 13.02270 15.90040
8.05442 0.16307 7.91240 8.37404
5.03526 0.01738 5.00205 5.05111
3.67028 0.03504 3.61961 3.71968
3.41060 0.01144 3.39646 3.42112
6.72612 1.62988 4.52323 8.84155
3.62672 0.04337 3.54308 3.66836
4.06212 0.31576 3.43390 4.25823
5.76055 0.01615 5.73143 5.77982
5.17505 0.06753 5.06750 5.24658
2.33909 0.06857 2.27982 2.46529
7.63475 2.14846 4.36390 10.95890
3.66127 0.01739 3.63137 3.68403
