# avg	std	min	max
6.43724 0.02364 6.41176 6.46707
4.90409 0.02043 4.86856 4.92549
1.46436 0.01233 1.45178 1.47989
-0.01498 0.00676 -0.02825 -0.00966
1.08943 0.00670 1.07833 1.09634
0.63489 0.27290 0.40401 1.13925
5.33165 0.93580 4.42675 7.05375
15.68136 0.51137 15.12450 16.41610
3.49708 0.00879 3.48332 3.51026
5.82729 0.07269 5.78203 5.97149
3.69101 0.01934 3.65571 3.71267
3.84326 0.00417 3.83636 3.84878
9.92126 1.07114 8.27446 11.53200
4.80633 0.00502 4.79888 4.81460
4.12010 0.25463 3.61308 4.27894
6.09432 0.01114 6.07483 6.10874
5.21904 0.02785 5.19351 5.27259
6.69907 0.47756 5.81409 7.18011
11.03634 3.24674 8.22694 16.66930
4.13506 0.10590 4.05178 4.34045
