# avg	std	min	max
0.94674 0.04875 0.85880 0.99638
0.85351 0.03049 0.81437 0.90083
0.33712 0.12151 0.25160 0.57623
-0.00000 0.00000 -0.00000 -0.00000
-0.50168 0.06846 -0.58195 -0.38238
-1.00073 0.04329 -1.06536 -0.96331
-0.15604 0.22536 -0.40768 0.21050
-0.41239 0.27711 -0.92951 -0.21127
-1.17379 0.01921 -1.20124 -1.14881
0.65736 0.13331 0.48136 0.80251
0.70709 0.17547 0.41529 0.92428
0.56505 0.09717 0.47975 0.72623
0.78984 0.06251 0.74187 0.91273
0.31488 0.03730 0.27409 0.38066
0.33630 0.03610 0.29128 0.38873
1.35406 0.03654 1.30174 1.41139
-0.00350 0.01880 -0.02858 0.02838
0.42721 0.10862 0.24332 0.57314
-0.02184 0.08877 -0.18255 0.06569
0.49180 0.06836 0.42060 0.61882
