# avg	std	min	max
1.07490 0.00000 1.07490 1.07490
0.73430 0.00000 0.73430 0.73431
1.22826 0.00491 1.22402 1.23459
-0.00109 0.00218 -0.00546 -0.00000
0.71839 0.06524 0.63774 0.79865
-0.23431 0.02670 -0.27770 -0.20578
-0.36163 0.00008 -0.36170 -0.36153
-0.19242 0.00517 -0.19976 -0.18419
2.15993 0.75328 1.21779 3.10526
0.14981 0.00002 0.14979 0.14985
0.22468 0.00160 0.22242 0.22701
0.39558 0.03402 0.37801 0.46362
-0.12222 0.00308 -0.12491 -0.11697
0.62373 0.00108 0.62271 0.62568
0.30291 0.02690 0.27012 0.34721
1.06444 0.00193 1.06141 1.06718
0.75989 0.00755 0.74949 0.76960
0.14337 0.02300 0.10611 0.17166
0.38690 0.04332 0.35158 0.46987
0.97477 0.01286 0.95087 0.98976
