# avg	std	min	max
5.47605 0.04674 5.38978 5.51706
3.93011 0.03383 3.89909 3.98085
2.72358 0.10264 2.59921 2.87295
0.00641 0.06736 -0.04255 0.13998
1.65936 0.10840 1.46601 1.75319
0.10054 0.04820 0.04960 0.17662
0.17817 0.68914 -0.67344 0.77605
12.72682 1.34414 10.52330 14.39560
3.32908 0.01534 3.30574 3.35299
4.04655 0.13797 3.93962 4.31774
3.33599 0.03812 3.26705 3.38053
2.63027 0.02800 2.58795 2.67123
4.29162 0.54044 3.72733 5.23843
3.19099 0.04908 3.12128 3.26463
2.68012 0.19225 2.55561 3.05628
5.60773 0.03808 5.54230 5.65498
3.87814 0.04425 3.83613 3.95868
4.34515 0.03563 4.30117 4.40201
7.33896 1.09435 5.87537 8.97256
1.81116 0.16602 1.55100 2.07398
