# avg	std	min	max
4.54349 0.03176 4.49959 4.59371
3.09100 0.00674 3.08105 3.09890
2.44916 0.18506 2.32613 2.81758
-0.02076 0.04674 -0.08161 0.05795
1.16016 0.15184 0.85713 1.24925
-0.75401 0.02296 -0.78825 -0.73455
1.51833 0.76177 0.68275 2.86479
3.79935 1.03181 2.69713 5.08594
6.45715 0.11691 6.38033 6.68975
4.11814 0.09287 3.99042 4.21884
2.95608 0.02133 2.92637 2.98552
2.60900 0.03814 2.54105 2.65066
1.45221 0.92161 0.39841 2.71931
3.55215 0.02854 3.51387 3.59516
2.67849 0.03118 2.63734 2.71888
4.19514 0.14331 3.96878 4.37444
3.53473 0.07961 3.44783 3.68302
2.72399 0.44744 1.83655 3.00235
2.89198 0.12747 2.73817 3.05644
2.64819 0.62354 2.04716 3.46808
