# avg	std	min	max
-0.01931 0.00311 -0.02254 -0.01565
-0.08035 0.00266 -0.08219 -0.07535
0.41304 0.02246 0.37295 0.43343
0.17163 0.00733 0.16749 0.18624
0.36720 0.05993 0.24735 0.39789
-0.00158 0.00057 -0.00187 -0.00044
-0.00701 0.06883 -0.10683 0.05195
0.07231 0.00510 0.06834 0.08231
0.46718 0.01361 0.44286 0.47892
0.05338 0.02636 0.02550 0.09259
0.29008 0.02520 0.24000 0.30704
-0.04595 0.07173 -0.10553 0.04206
0.05353 0.01085 0.04314 0.07160
-0.24417 0.00894 -0.25264 -0.22998
-0.24267 0.02364 -0.26696 -0.20009
0.04606 0.00424 0.04056 0.05357
0.02893 0.00525 0.02187 0.03758
0.08812 0.01625 0.06287 0.10667
-0.15275 0.04852 -0.22227 -0.08105
-0.14269 0.00378 -0.14936 -0.13784
