# avg	std	min	max
4.53355 0.04807 4.44192 4.56817
3.16798 0.01237 3.14646 3.17992
2.58912 0.01002 2.57632 2.59855
0.61965 0.00703 0.60827 0.62635
1.65845 0.03562 1.58868 1.68860
-0.00058 0.00127 -0.00121 0.00196
2.08875 0.98084 1.39359 4.03776
6.94940 2.60776 4.56186 10.18030
4.61574 0.58110 3.89992 5.12745
3.98535 0.00926 3.96714 3.99288
4.47264 0.11438 4.27220 4.57136
3.22855 0.00680 3.22372 3.24201
2.97036 1.19841 2.19125 5.35881
3.45140 0.12662 3.26207 3.64938
3.60534 0.07195 3.46552 3.67324
5.94385 0.01909 5.91924 5.96638
4.81840 0.02364 4.78037 4.84177
2.91692 0.39952 2.62467 3.70812
3.75429 0.52369 3.12019 4.58544
3.83346 0.10814 3.72796 4.04210
