# avg	std	min	max
2.81877 0.01407 2.79854 2.83521
2.01609 0.01972 1.98147 2.04270
1.79316 0.01644 1.77018 1.81469
1.09917 0.04909 1.03362 1.17229
0.69031 0.00547 0.68391 0.69962
-0.02278 0.02899 -0.05421 0.01957
1.58008 0.05064 1.52808 1.66043
1.50617 0.05245 1.43530 1.56720
3.58775 0.04483 3.49981 3.62532
2.22900 0.02059 2.19880 2.25490
2.29999 0.01690 2.27694 2.32959
1.97065 0.02010 1.94045 1.99021
1.60051 0.10749 1.45834 1.73143
2.38782 0.02044 2.35551 2.41248
1.86839 0.03984 1.80512 1.92285
2.43641 0.00936 2.42356 2.44802
2.33313 0.04588 2.28859 2.40588
1.05291 0.08801 0.90611 1.14748
1.14909 0.01381 1.12634 1.16246
2.20425 0.05349 2.11263 2.27667
