# avg	std	min	max
4.86688 0.08262 4.70746 4.93518
3.31799 0.04016 3.24026 3.34913
1.76670 0.05256 1.68445 1.84404
0.10800 0.07648 0.03370 0.23006
0.84850 0.09178 0.70895 0.94329
-0.03025 0.02728 -0.07853 -0.00000
6.58535 0.26024 6.21184 6.96396
11.43653 1.97794 9.34370 14.90040
4.29371 0.07315 4.22520 4.41727
4.68183 0.05660 4.60997 4.75888
3.61997 0.16631 3.36150 3.83275
3.18542 0.03360 3.13858 3.23025
11.23377 1.16359 9.59306 12.58330
3.20631 0.05002 3.15146 3.29189
3.05121 0.06395 2.96370 3.16249
5.42420 0.04457 5.35260 5.46493
5.23727 0.03672 5.20892 5.30538
3.54081 0.45703 2.69788 3.99496
9.06119 0.99558 7.40003 10.37430
6.24135 1.56562 5.04013 9.30236
