# avg	std	min	max
1.64913 0.02198 1.61988 1.68521
1.37970 0.00721 1.36731 1.38637
3.39821 0.12172 3.19349 3.51579
2.39023 0.14166 2.19477 2.53417
4.44334 0.22210 4.13051 4.69374
1.21436 0.17257 0.92376 1.41697
0.61093 0.66332 0.08681 1.90107
2.96314 0.38256 2.44900 3.60159
3.53777 0.18770 3.26200 3.84738
0.58221 0.04669 0.51605 0.64283
0.33497 0.01164 0.32318 0.35213
0.30252 0.01821 0.26924 0.31672
2.48808 1.00283 1.52086 3.90190
-0.00685 0.00444 -0.01406 -0.00209
0.32319 0.14544 0.16356 0.55181
4.33394 0.16356 4.08325 4.52447
4.15381 0.08615 4.00724 4.25419
1.88333 0.48778 0.98469 2.45135
2.10756 0.34219 1.75334 2.74921
2.05070 0.69982 1.41481 3.41534
