# avg	std	min	max
2.84864 0.01643 2.81630 2.86047
3.84789 0.02432 3.81573 3.87740
7.99340 0.32994 7.63793 8.39515
7.06241 0.24864 6.85009 7.52180
9.31683 0.15649 9.04054 9.47218
5.36706 1.16262 4.26747 7.49175
17.97720 0.32339 17.49190 18.42480
32.18772 0.40467 31.67900 32.64100
11.03780 0.04822 10.96550 11.11560
4.78929 0.02298 4.76647 4.83113
6.77427 0.70196 5.96524 8.05297
3.32029 0.01963 3.29092 3.34669
23.34724 1.95287 19.58020 25.25080
0.00614 0.00390 0.00164 0.01110
7.90333 1.26961 5.84447 9.23110
4.94524 0.06030 4.83473 5.01374
10.47660 0.93288 8.78111 11.32260
8.75088 0.75379 7.46756 9.69246
13.10990 0.98420 11.94960 14.61630
16.01130 0.48317 15.34980 16.58760
