# avg	std	min	max
2.51752 0.00722 2.50882 2.52827
0.93199 0.01831 0.89554 0.94385
1.33480 0.00041 1.33434 1.33546
1.51337 0.00335 1.51068 1.51935
1.18621 0.18950 0.94791 1.38029
0.72910 0.07114 0.66587 0.86171
1.11078 0.01016 1.10270 1.13067
1.23936 0.00912 1.23182 1.25733
2.64361 0.03176 2.60564 2.69016
1.00032 0.01209 0.98262 1.01818
1.11878 0.00006 1.11871 1.11885
0.87780 0.01059 0.86142 0.89095
1.11659 0.01420 1.10028 1.13650
0.00142 0.00168 -0.00000 0.00432
0.87735 0.04962 0.78292 0.92530
0.98704 0.00677 0.97585 0.99702
0.84430 0.01955 0.82299 0.88135
0.85530 0.01548 0.83041 0.87366
0.65713 0.38196 0.03165 1.04399
1.01600 0.02850 0.98254 1.06351
