# avg	std	min	max
1.38272 0.02962 1.34849 1.43671
-0.12484 0.20225 -0.37538 0.20377
-0.43947 0.06092 -0.50822 -0.33708
-0.71527 0.73876 -1.56497 0.57298
-0.65775 0.07783 -0.77719 -0.53678
-0.80550 0.76771 -1.63442 0.58378
1.72755 1.92326 0.02513 5.21717
0.77609 1.11988 -0.47382 2.71102
1.95202 0.43335 1.13247 2.33486
-0.87209 0.05546 -0.94376 -0.78922
-0.35414 0.12069 -0.52181 -0.16225
0.18347 0.03913 0.11175 0.22886
0.89637 0.86282 -0.15716 2.29140
-0.00245 0.00491 -0.01227 0.00000
0.62769 0.30857 0.09550 0.87462
1.09662 0.52258 0.05800 1.43370
1.17507 0.26416 0.81283 1.49637
0.90402 0.85374 -0.30494 1.76194
0.30225 0.06503 0.18147 0.36691
0.20763 0.34950 -0.31537 0.60700
