# avg	std	min	max
0.02833 0.00134 0.02605 0.02986
1.02491 0.00160 1.02256 1.02735
3.35962 0.00143 3.35729 3.36144
-0.30178 0.01516 -0.31841 -0.27459
3.16551 0.02395 3.12344 3.18951
-0.35102 0.02669 -0.38666 -0.32400
-0.22724 0.00100 -0.22885 -0.22629
-0.37528 0.00198 -0.37809 -0.37346
3.86255 0.01563 3.85120 3.89308
-0.18856 0.00049 -0.18935 -0.18796
1.21260 0.08304 1.04653 1.25490
0.02042 0.00175 0.01822 0.02215
-0.21371 0.01124 -0.22051 -0.19129
-0.00029 0.00037 -0.00082 0.00021
-0.03646 0.03117 -0.09618 -0.01110
0.06043 0.00113 0.05839 0.06141
-0.05603 0.02331 -0.08568 -0.02880
-0.17055 0.00366 -0.17272 -0.16326
-0.15983 0.05885 -0.23572 -0.10086
-0.01341 0.00947 -0.02657 0.00296
