# avg	std	min	max
2.31121 0.00844 2.29843 2.32080
1.31338 0.00992 1.29821 1.32740
1.44152 0.31925 0.87491 1.75727
1.02158 0.24655 0.78330 1.49033
1.47147 0.08097 1.39096 1.62278
0.32044 0.19452 0.12411 0.65241
2.77159 0.44431 1.89072 3.05963
2.87685 0.71332 1.62552 3.47495
-0.01279 0.01148 -0.02881 0.00079
2.73765 0.00971 2.72179 2.75018
2.55293 0.16278 2.41109 2.82640
2.11409 0.24293 1.97911 2.59939
1.90509 0.24974 1.52216 2.25435
3.07878 0.60760 2.26952 3.80447
1.92844 0.51249 1.28161 2.85793
3.94188 0.45059 3.21196 4.38379
2.80913 0.36973 2.35059 3.46029
1.84110 0.49113 0.97696 2.41012
1.45701 0.34576 0.96255 1.90911
4.76658 0.93370 3.28619 5.62149
