# avg	std	min	max
4.05936 0.01057 4.04795 4.07880
2.46907 0.01557 2.44434 2.48754
2.59955 0.01714 2.58210 2.62082
4.97805 0.47502 4.21136 5.63579
3.91681 0.45451 3.49361 4.79394
5.69358 0.85045 4.52622 6.84764
12.96595 2.76376 9.30353 16.37430
15.54946 7.12288 6.79880 23.95250
-0.00840 0.01095 -0.02860 0.00017
2.63680 0.48409 1.77303 3.25819
2.76840 0.00895 2.75424 2.78024
3.20238 0.39404 2.65503 3.59387
14.78344 2.56928 12.09550 19.64240
3.93868 0.20337 3.57933 4.17264
6.59068 1.27516 4.86986 8.11711
7.26476 0.26247 7.00667 7.64778
9.67289 2.28020 7.29959 12.76870
4.70233 0.50612 3.70303 5.04316
6.50600 0.85862 5.05612 7.37258
17.14090 0.99810 15.86380 18.06230
