# avg	std	min	max
2.68573 0.06448 2.60443 2.76497
1.34009 0.03567 1.28610 1.38546
1.09221 0.11284 0.98442 1.29375
2.43919 0.69632 1.07079 3.00772
1.51141 0.00246 1.50836 1.51586
0.12849 0.13577 0.03193 0.39435
2.71716 0.54572 2.04093 3.45179
3.48204 0.25644 3.27795 3.98173
-0.00887 0.00846 -0.02481 -0.00139
2.30826 0.06140 2.23760 2.39570
2.04311 0.04053 1.98951 2.10464
1.37267 0.07770 1.30685 1.52498
2.32683 0.11425 2.14806 2.44049
3.19897 0.32124 2.56602 3.41223
1.63122 0.33317 1.42161 2.29528
2.45877 0.53179 1.77627 3.18624
2.00592 0.35948 1.61560 2.68594
1.92752 0.40456 1.12537 2.20564
1.93964 0.48952 1.20559 2.46154
1.92223 0.18029 1.64019 2.18787
