# avg	std	min	max
0.61207 0.00057 0.61147 0.61283
0.57985 0.00043 0.57953 0.58060
0.48282 0.00981 0.47476 0.50214
-0.38216 0.11209 -0.44816 -0.15828
-0.16106 0.00244 -0.16522 -0.15863
-0.96953 0.02154 -0.98285 -0.92680
-0.38478 0.08014 -0.50086 -0.30354
-0.48314 0.00461 -0.49229 -0.48000
-0.00031 0.00041 -0.00091 0.00026
0.65770 0.00026 0.65729 0.65808
0.46489 0.00416 0.46135 0.47114
0.64905 0.00037 0.64858 0.64963
-0.06612 0.08041 -0.14071 0.08769
0.81113 0.01278 0.79225 0.82541
0.59580 0.02451 0.56833 0.63889
0.58646 0.01096 0.58054 0.60838
0.21686 0.01028 0.20288 0.22950
0.16576 0.03707 0.11861 0.22948
0.29558 0.02857 0.26274 0.33172
0.42913 0.00882 0.41260 0.43759
