# avg	std	min	max
1.55482 0.00278 1.55227 1.55964
1.41357 0.00320 1.41025 1.41907
2.37595 0.00471 2.36987 2.38284
1.54341 0.08683 1.41779 1.64157
2.10767 0.00331 2.10444 2.11172
1.33043 0.08586 1.23000 1.46497
1.26816 0.12198 1.15430 1.42070
1.12223 0.02409 1.08321 1.14600
-0.00354 0.00735 -0.01222 0.00804
1.14956 0.00490 1.14201 1.15692
2.35329 0.00103 2.35207 2.35463
1.38305 0.07260 1.31954 1.47412
1.50276 0.25099 1.00173 1.65041
1.39074 0.19356 1.14049 1.57331
1.81854 0.01648 1.78999 1.84115
0.38455 0.00700 0.37353 0.39521
1.09388 0.11877 0.91399 1.22178
1.77258 0.05663 1.68958 1.83730
1.77734 0.19670 1.45380 2.07141
1.54744 0.03122 1.49777 1.58075
