# avg	std	min	max
2.40399 0.01511 2.38626 2.42721
1.82504 0.00000 1.82504 1.82504
2.37278 0.06323 2.29443 2.45034
1.94688 0.01784 1.93156 1.98167
2.17557 0.10429 2.05644 2.36671
1.99790 0.12039 1.76521 2.10704
2.31908 0.02073 2.29418 2.35739
2.27597 0.02322 2.25099 2.31325
-0.01052 0.01334 -0.02854 0.00068
2.09599 0.00172 2.09384 2.09814
2.55144 0.00577 2.53989 2.55449
2.58861 0.00007 2.58850 2.58867
2.35823 0.01885 2.33483 2.39270
2.28486 0.01315 2.25926 2.29452
1.76168 0.09670 1.64495 1.88561
2.05213 0.16939 1.76403 2.19426
1.74384 0.09761 1.64729 1.90907
2.13836 0.11841 1.97253 2.32137
2.27346 0.07228 2.17152 2.33468
2.52305 0.05698 2.47947 2.63581
