# avg	std	min	max
0.45559 0.00023 0.45534 0.45592
0.37340 0.00021 0.37305 0.37360
0.77706 0.00024 0.77675 0.77736
0.39281 0.03253 0.32997 0.41795
0.53653 0.00780 0.52675 0.54875
0.29780 0.03335 0.25366 0.34292
0.13987 0.06781 0.04339 0.21926
0.36922 0.00542 0.36307 0.37650
-0.00028 0.00031 -0.00077 0.00014
0.03153 0.00016 0.03120 0.03163
0.38804 0.00813 0.38341 0.40427
0.41700 0.08156 0.34399 0.56781
0.17534 0.00488 0.17219 0.18498
0.26756 0.02212 0.25231 0.31098
0.15878 0.03908 0.09440 0.19694
-0.07861 0.00355 -0.08540 -0.07493
-0.02987 0.00578 -0.03566 -0.02047
0.45459 0.00244 0.45160 0.45829
0.24920 0.05886 0.13956 0.30287
0.25254 0.02889 0.22059 0.30232
