# avg	std	min	max
1.29220 0.00089 1.29103 1.29333
1.07786 0.00412 1.07252 1.08387
1.19651 0.00221 1.19264 1.19886
0.69656 0.05210 0.63170 0.79174
0.87774 0.00607 0.86623 0.88202
0.52347 0.01644 0.50735 0.55365
0.78951 0.09741 0.67299 0.92326
0.80362 0.04793 0.73926 0.88170
-0.00448 0.00359 -0.00820 -0.00004
1.24469 0.00132 1.24303 1.24701
1.15520 0.01423 1.13874 1.17554
1.25589 0.00372 1.25271 1.26054
1.04768 0.01476 1.01911 1.05981
1.26516 0.00792 1.25465 1.27822
0.82717 0.09309 0.72221 0.97646
1.11842 0.01245 1.09370 1.12619
0.80514 0.01688 0.77308 0.82247
0.94973 0.01028 0.93229 0.96012
1.00884 0.01389 0.99079 1.03012
0.60533 0.00869 0.59046 0.61686
