# avg	std	min	max
1.79138 0.04172 1.74800 1.86039
1.33527 0.07101 1.25028 1.44413
1.39066 0.23636 1.18769 1.83801
0.46438 0.05488 0.40904 0.53883
0.69087 0.10124 0.54543 0.85359
0.39646 0.01914 0.37732 0.42338
1.20995 0.42664 0.35675 1.43182
1.57552 0.12411 1.35210 1.70900
-0.01067 0.01617 -0.03006 0.00822
1.74198 0.20636 1.52486 2.13043
1.65463 0.03094 1.62882 1.71395
1.29950 0.04542 1.22385 1.34899
0.88890 0.12588 0.74938 1.04716
1.66902 0.00379 1.66495 1.67583
1.33827 0.08594 1.16686 1.38832
1.78160 0.00472 1.77625 1.79026
1.27732 0.10989 1.17916 1.49110
0.76734 0.06716 0.67224 0.88157
0.67504 0.19691 0.46374 0.98989
1.83743 0.15954 1.56245 2.04971
