# avg	std	min	max
0.74247 0.00000 0.74247 0.74247
0.66763 0.00000 0.66763 0.66763
0.71632 0.00106 0.71519 0.71764
0.49634 0.02935 0.46159 0.54779
0.53815 0.03245 0.47772 0.57571
0.41129 0.03822 0.37650 0.46955
0.01478 0.05476 -0.03276 0.09959
-0.01013 0.04257 -0.07958 0.03481
0.00149 0.00349 -0.00161 0.00801
0.77875 0.00412 0.77441 0.78529
0.56785 0.00127 0.56657 0.56986
0.66225 0.00099 0.66117 0.66391
0.34603 0.03557 0.29780 0.40250
0.65164 0.01205 0.63479 0.66548
0.31291 0.04470 0.25015 0.36581
0.58149 0.00327 0.57962 0.58801
0.15832 0.06635 0.09932 0.28805
0.48896 0.01751 0.46449 0.51352
0.52011 0.06253 0.40144 0.57721
0.57118 0.20897 0.29797 0.88404
