# avg	std	min	max
3.58895 0.06608 3.50630 3.66106
2.07060 0.04113 1.98909 2.09772
2.34885 0.43960 1.46973 2.57655
0.91909 0.56943 0.19623 1.60193
1.60585 0.01197 1.59693 1.62948
0.80657 0.32694 0.37044 1.20339
1.43007 0.08744 1.34848 1.58778
2.28714 0.42032 1.87150 3.07264
-0.00979 0.01158 -0.02497 0.00572
3.48096 0.03604 3.42875 3.52090
3.83263 0.34441 3.14400 4.01963
2.62674 0.01334 2.60537 2.64663
2.46543 0.01271 2.44766 2.48600
3.09567 0.10452 2.95720 3.22241
2.83049 0.50708 2.07808 3.24060
3.78018 0.20004 3.43061 4.05561
3.39388 0.17979 3.10956 3.58218
3.00222 0.11508 2.78417 3.11513
3.26999 0.26666 2.81285 3.55832
3.02662 0.04245 2.98599 3.10387
