# avg	std	min	max
4.73872 0.01294 4.73094 4.76450
2.93229 0.00164 2.93031 2.93527
3.33322 0.25784 3.12775 3.76734
7.45659 0.91778 6.19080 8.60917
4.50136 0.64137 3.58100 5.25720
7.01092 1.22977 5.21849 8.27290
15.69672 1.51582 12.83740 17.19500
22.44874 0.91357 20.87230 23.62150
-0.00167 0.00299 -0.00764 0.00017
4.90748 0.00348 4.90400 4.91404
4.78123 0.07975 4.68744 4.92957
4.27175 0.00287 4.26740 4.27618
15.98748 1.61578 14.03430 18.11950
8.54612 1.85205 6.00571 11.65130
7.74816 0.79771 6.75267 9.03085
8.52526 1.28467 6.83766 9.99619
8.82769 0.92180 8.17609 10.57720
8.65643 0.36975 8.06641 9.02440
8.92542 2.06711 6.42594 11.04410
13.30668 0.83432 11.90710 14.48010
