# avg	std	min	max
-0.19987 0.00847 -0.21255 -0.18693
0.57638 0.00036 0.57609 0.57687
0.71082 0.00089 0.70960 0.71232
0.26903 0.00832 0.25240 0.27355
0.33047 0.00080 0.32972 0.33146
0.30633 0.05365 0.22889 0.36739
0.13220 0.03429 0.09018 0.17913
0.21981 0.02147 0.19412 0.24958
-0.00301 0.00119 -0.00441 -0.00174
0.48472 0.00591 0.47306 0.48949
0.67958 0.00417 0.67676 0.68774
0.66344 0.00960 0.65503 0.67643
0.25477 0.00731 0.24367 0.26295
0.27347 0.00343 0.26735 0.27752
0.37432 0.01781 0.35588 0.40579
0.23639 0.00596 0.22469 0.24040
0.45513 0.00590 0.44865 0.46349
0.21969 0.02873 0.17396 0.25153
0.17361 0.03275 0.14275 0.21959
0.47984 0.01619 0.47065 0.51220
