# avg	std	min	max
4.67284 0.00241 4.66966 4.67528
2.71454 0.00314 2.71107 2.71833
2.43953 0.17461 2.30906 2.78426
4.28738 1.00587 3.04954 5.91749
2.55881 0.46377 2.03410 3.20729
5.86305 0.72646 4.84302 6.71441
12.36532 1.58708 9.53449 14.32870
29.49458 1.33443 27.92560 31.40940
-0.00399 0.00227 -0.00715 -0.00164
3.36389 0.00269 3.35883 3.36643
3.70233 0.72007 2.79846 4.29094
3.91701 0.00254 3.91394 3.91983
18.65988 2.85767 15.03040 22.66490
6.51435 0.70190 5.11078 6.88002
6.50563 1.10288 5.36659 8.21703
6.29229 0.02370 6.26923 6.33526
6.73260 0.51392 5.90049 7.49162
6.40503 1.76333 4.43653 9.54222
14.33436 2.06370 11.38520 17.12190
10.17426 1.77063 8.36158 13.52440
