# avg	std	min	max
1.52777 0.00207 1.52576 1.53131
0.99185 0.00165 0.98933 0.99371
1.24995 0.02552 1.21408 1.29133
0.81947 0.21350 0.40910 0.97666
0.76890 0.08129 0.60637 0.81231
1.01089 0.04259 0.93977 1.05446
0.83883 0.16635 0.54725 0.97528
1.21444 0.02316 1.17967 1.24213
-0.00396 0.00315 -0.00599 0.00213
1.25176 0.04070 1.19130 1.28519
1.32169 0.00965 1.31076 1.33831
0.95625 0.00076 0.95510 0.95715
1.19199 0.05973 1.07660 1.24311
1.41825 0.00470 1.41321 1.42605
0.67873 0.11042 0.51608 0.81207
1.35760 0.11059 1.13675 1.41972
1.28095 0.20107 0.89261 1.46486
0.59245 0.05444 0.53302 0.66674
0.88552 0.09146 0.72189 0.97259
1.35218 0.00509 1.34338 1.35914
