# avg	std	min	max
0.23274 0.00000 0.23274 0.23274
0.26961 0.00000 0.26961 0.26961
0.24450 0.00006 0.24444 0.24457
0.23715 0.00152 0.23508 0.23958
0.27944 0.00075 0.27795 0.27996
0.20948 0.01033 0.19010 0.22064
0.23479 0.00766 0.22145 0.24076
0.22889 0.00814 0.22281 0.24334
0.00015 0.00008 -0.00000 0.00025
0.38206 0.00028 0.38187 0.38260
0.24285 0.00053 0.24237 0.24358
0.23862 0.00044 0.23820 0.23944
0.23494 0.00726 0.22607 0.24597
0.22450 0.00101 0.22325 0.22567
0.22443 0.00765 0.21854 0.23941
0.22322 0.00117 0.22151 0.22489
0.22549 0.01929 0.19006 0.24356
0.17889 0.04760 0.09382 0.22997
0.03751 0.13567 -0.10527 0.25883
0.29819 0.00827 0.28182 0.30355
