# avg	std	min	max
0.88684 0.00956 0.87155 0.90063
0.23400 0.01672 0.20293 0.25213
0.70882 0.01456 0.68858 0.72904
-0.02338 0.01619 -0.05000 -0.00617
0.07457 0.00503 0.06930 0.08298
-0.20483 0.01374 -0.22142 -0.18268
0.01523 0.00999 -0.00095 0.02998
-0.19069 0.01165 -0.20448 -0.17571
3.59861 0.03627 3.56729 3.66392
0.09789 0.01622 0.07184 0.11718
0.64188 0.20057 0.24150 0.76135
0.92206 0.01628 0.89880 0.94038
0.07406 0.00876 0.06296 0.08903
0.15542 0.01228 0.14169 0.17282
-0.02343 0.01247 -0.04463 -0.01072
0.20691 0.01191 0.19404 0.22387
-0.01560 0.01985 -0.04697 0.00654
0.23197 0.03513 0.19664 0.29143
0.28523 0.03774 0.23444 0.33060
0.37446 0.01748 0.35436 0.40275
