# avg	std	min	max
0.29373 0.00000 0.29373 0.29373
-0.00730 0.00039 -0.00750 -0.00652
1.00057 0.08527 0.84820 1.07446
-0.10259 0.00144 -0.10440 -0.10096
0.60618 0.03657 0.54521 0.63459
-0.10122 0.00963 -0.10798 -0.08226
-0.12155 0.00128 -0.12337 -0.11972
0.07751 0.00981 0.05796 0.08375
0.61312 0.27905 0.32580 1.09255
-0.10256 0.00073 -0.10338 -0.10132
0.62183 0.00368 0.61899 0.62850
0.15940 0.00470 0.15498 0.16781
-0.08364 0.00461 -0.08993 -0.07913
-0.18158 0.00105 -0.18330 -0.18023
-0.00031 0.00000 -0.00031 -0.00031
0.20799 0.01433 0.19323 0.23516
0.01808 0.00585 0.01259 0.02688
-0.23050 0.00932 -0.24089 -0.21610
-0.29985 0.03461 -0.33216 -0.23304
-0.01577 0.06177 -0.09421 0.09065
