# avg	std	min	max
2.09929 0.17758 1.98598 2.45145
1.59004 0.17696 1.32552 1.73206
1.23159 0.10416 1.11548 1.40371
1.01327 0.01692 1.00367 1.04709
0.50808 0.17195 0.19895 0.65129
0.88428 0.21046 0.46861 1.04979
1.06947 0.20150 0.81368 1.28292
0.40649 0.03493 0.35480 0.46437
3.17261 0.20718 2.96089 3.49392
0.81575 0.01699 0.78363 0.82993
0.91272 0.08753 0.81260 1.07672
1.42285 0.15762 1.14560 1.57657
1.34499 0.19826 1.02466 1.50316
1.95103 0.27677 1.54166 2.21064
-0.00000 0.00000 -0.00000 -0.00000
1.82949 0.23973 1.56447 2.15668
1.60411 0.11422 1.38509 1.70475
0.33125 0.04849 0.26042 0.40876
1.30853 0.17226 1.12051 1.56204
0.52971 0.06455 0.45350 0.61580
