# avg	std	min	max
0.54500 0.00048 0.54404 0.54524
0.66232 0.00349 0.66057 0.66930
0.65167 0.00019 0.65148 0.65192
0.23762 0.00644 0.23121 0.24544
0.73469 0.00009 0.73456 0.73481
-0.13488 0.01471 -0.15281 -0.11220
-0.17124 0.00130 -0.17211 -0.16866
-0.59261 0.01269 -0.60071 -0.56730
-0.36062 0.01021 -0.37638 -0.34764
0.61769 0.00044 0.61704 0.61820
0.61072 0.00038 0.60997 0.61098
0.57693 0.00248 0.57208 0.57878
0.03477 0.02336 0.01111 0.06424
0.17798 0.06160 0.11343 0.28543
-0.00335 0.00000 -0.00335 -0.00335
0.22750 0.00244 0.22571 0.23222
0.55072 0.00579 0.54196 0.55946
-0.09535 0.00172 -0.09870 -0.09405
-0.13393 0.01621 -0.15359 -0.11230
0.32955 0.03793 0.29480 0.40028
