# avg	std	min	max
0.32082 0.10441 0.20487 0.48513
0.53779 0.07771 0.44227 0.62377
0.55513 0.11948 0.44256 0.77028
0.05112 0.15502 -0.13166 0.23581
0.55100 0.11307 0.42057 0.69910
-0.39464 0.12215 -0.52347 -0.18283
-0.38768 0.11374 -0.52785 -0.25717
-0.49886 0.10041 -0.61983 -0.33334
-0.80704 0.13241 -0.94903 -0.62835
0.72681 0.11577 0.57603 0.85990
0.47141 0.06872 0.39056 0.57757
1.90200 0.15925 1.72035 2.09320
-0.23961 0.04299 -0.28790 -0.16474
0.24651 0.11678 0.11061 0.41690
-0.05441 0.04781 -0.14572 -0.00633
-0.01869 0.03639 -0.08221 0.02613
-0.03803 0.13923 -0.26592 0.16523
-0.05508 0.10944 -0.21321 0.06415
-0.00997 0.11408 -0.15242 0.09093
0.31370 0.09814 0.17565 0.45818
