# avg	std	min	max
0.82255 0.09704 0.73312 1.00238
-0.12845 0.04266 -0.19826 -0.06619
0.01771 0.07183 -0.06637 0.11897
-0.50023 0.02033 -0.51928 -0.46262
-0.57749 0.09132 -0.67064 -0.41914
-0.74370 0.05661 -0.83995 -0.69100
-0.17679 0.24458 -0.47179 0.10570
0.16106 0.43508 -0.49604 0.51914
1.62281 0.04993 1.56182 1.70755
-0.06912 0.03727 -0.11108 -0.01174
0.26781 0.11037 0.12950 0.42839
0.55535 0.07479 0.44944 0.63406
0.10462 0.23961 -0.37394 0.24485
-0.03008 0.27526 -0.20790 0.51767
-0.03288 0.01466 -0.05218 -0.01538
0.20322 0.06650 0.09599 0.27248
-0.55113 0.12683 -0.74942 -0.40514
0.13357 0.03682 0.08945 0.19832
0.30837 0.12654 0.10818 0.41292
0.60234 0.15967 0.38360 0.81639
