# avg	std	min	max
1.86343 0.05395 1.76720 1.92559
0.51848 0.03491 0.47197 0.57173
-0.71039 0.22852 -1.01117 -0.45481
-1.76081 0.01509 -1.79042 -1.74983
-1.01896 0.18851 -1.23730 -0.75829
-2.18645 0.10071 -2.30027 -2.01771
-2.01152 0.38220 -2.49963 -1.60276
-1.00370 0.37127 -1.37709 -0.35977
3.56338 0.06747 3.48935 3.66590
1.46408 0.04980 1.40533 1.53083
0.23323 0.02531 0.19947 0.26990
0.06321 0.07071 -0.04126 0.13697
-1.76313 0.36881 -2.25841 -1.12243
0.45473 0.09772 0.33691 0.60328
-0.01503 0.02571 -0.04126 0.02449
1.47139 0.03289 1.42333 1.50912
1.00389 0.05716 0.96034 1.11497
-0.96544 0.07829 -1.05003 -0.83354
-0.35833 0.12552 -0.50654 -0.15735
-0.31814 0.14111 -0.48098 -0.11772
