# avg	std	min	max
1.30902 0.00577 1.30007 1.31361
0.59139 0.00000 0.59139 0.59139
0.68769 0.00020 0.68737 0.68794
0.25026 0.03362 0.23308 0.31749
0.06808 0.05896 0.00634 0.15703
-0.29585 0.01697 -0.32006 -0.27510
0.09003 0.01493 0.07187 0.10569
-0.08735 0.00282 -0.09030 -0.08231
3.27656 0.05834 3.16962 3.33103
0.51162 0.00176 0.50851 0.51379
1.22090 0.00008 1.22082 1.22102
1.21306 0.00008 1.21296 1.21318
0.17210 0.00879 0.15492 0.17940
0.98344 0.00044 0.98300 0.98399
-0.00000 0.00000 -0.00000 -0.00000
1.12331 0.00627 1.11970 1.13583
0.64401 0.01948 0.60537 0.65607
0.30337 0.04899 0.23772 0.36072
0.44956 0.03902 0.39378 0.51246
1.01645 0.00115 1.01568 1.01874
