# avg	std	min	max
1.07958 0.03876 1.00778 1.12323
0.65081 0.01749 0.62559 0.66802
0.86715 0.12999 0.78733 1.12625
-0.13376 0.29685 -0.49671 0.28203
0.14903 0.14686 0.01516 0.42423
-1.41877 0.01014 -1.43166 -1.40384
2.88203 0.36763 2.17151 3.17606
3.74299 0.91133 2.17981 5.01261
3.17976 0.12411 3.01809 3.35214
1.04884 0.01676 1.02886 1.07275
0.08431 0.01696 0.05205 0.09850
0.10024 0.03247 0.04227 0.13143
2.58087 0.79323 1.51695 3.46772
1.23726 0.00887 1.22619 1.24882
-0.02099 0.01770 -0.04853 -0.00046
2.74057 0.02992 2.69013 2.76383
0.62688 0.01604 0.59828 0.64400
0.47280 0.01902 0.45244 0.50840
-1.15667 0.54248 -1.57890 -0.09788
3.52171 0.81846 1.90115 4.02194
