# avg	std	min	max
1.02097 0.01214 1.00009 1.03621
0.15721 0.00394 0.15524 0.16508
0.66592 0.00668 0.65895 0.67383
0.14656 0.00400 0.14376 0.15435
0.22860 0.00299 0.22423 0.23161
-0.02700 0.00207 -0.03020 -0.02426
0.24698 0.06473 0.17044 0.32049
0.26443 0.11657 0.08300 0.42663
3.82682 0.06248 3.71796 3.90390
0.15643 0.04921 0.08534 0.23636
0.99426 0.00014 0.99408 0.99449
0.92434 0.00401 0.91893 0.92975
0.34970 0.04324 0.29623 0.39799
0.53342 0.00772 0.52369 0.54643
-0.00585 0.01117 -0.02798 0.00270
0.53659 0.00519 0.53354 0.54695
0.19191 0.00971 0.17619 0.20140
0.23549 0.01545 0.21006 0.24976
0.40066 0.01383 0.37694 0.41237
0.89100 0.04940 0.80942 0.93331
