# avg	std	min	max
0.76727 0.02222 0.74491 0.80470
1.11362 0.00984 1.10153 1.12788
1.81815 0.16956 1.51372 2.02911
-0.81239 0.04422 -0.86011 -0.73630
1.42214 0.22720 1.10167 1.75477
-0.99359 0.05541 -1.09218 -0.93705
-0.35158 0.28250 -0.89145 -0.09243
0.52679 0.21539 0.13850 0.79524
8.28215 0.04508 8.20465 8.34249
1.70661 0.05692 1.60498 1.76707
2.75626 0.26822 2.48825 3.23822
0.78097 0.01777 0.74921 0.79747
-0.07264 0.27805 -0.33604 0.45601
1.14621 0.08964 0.99334 1.22642
0.40198 0.17429 0.07614 0.53611
1.88855 0.18667 1.58648 2.11730
1.47040 0.03016 1.43531 1.52372
-0.21569 0.02804 -0.24892 -0.17085
-0.03153 0.03214 -0.07056 0.01880
2.70429 0.17955 2.37365 2.88819
