# avg	std	min	max
1.40072 0.02086 1.35996 1.41625
1.06325 0.04263 1.02692 1.14655
2.41160 0.00446 2.40568 2.41668
0.69532 0.01937 0.66128 0.71994
2.80090 0.01456 2.78179 2.81882
0.46745 0.02285 0.43706 0.50635
2.23997 0.37350 1.72182 2.60773
2.74701 0.03386 2.70631 2.80318
5.89046 0.19670 5.73902 6.25889
1.34061 0.03510 1.31200 1.40701
3.04761 0.02225 3.02093 3.08136
0.99216 0.01827 0.97107 1.01836
2.47424 0.31424 1.85688 2.72208
0.35453 0.02174 0.32156 0.37943
0.45168 0.00131 0.45052 0.45425
3.07265 0.04260 3.02387 3.15233
0.79410 0.00831 0.78134 0.80388
0.26090 0.10851 0.08283 0.35171
-0.00000 0.00000 -0.00000 -0.00000
1.62597 0.01917 1.59794 1.65328
