# avg	std	min	max
1.22575 0.24492 0.94397 1.51444
0.25329 0.21571 -0.04282 0.62381
0.55151 0.25686 0.23779 0.94748
-0.76942 0.17997 -0.99915 -0.46923
0.52718 0.12654 0.32326 0.65244
-0.42823 0.32246 -0.67723 0.20723
-1.26822 0.02198 -1.29983 -1.23711
-0.45880 0.40778 -0.84181 0.32412
-0.36173 0.26864 -0.69551 0.08016
0.56827 0.17287 0.34597 0.81181
0.75781 0.13832 0.62863 1.01589
0.66485 0.07148 0.57874 0.76204
-0.71126 0.15193 -0.87823 -0.51421
0.91126 0.05829 0.86079 1.01605
0.53398 0.18165 0.35104 0.78177
2.02931 0.11168 1.88710 2.20578
1.08676 0.24764 0.61803 1.29114
-0.15208 0.17111 -0.39671 0.02422
0.01679 0.04152 -0.00397 0.09983
0.20334 0.29465 -0.30078 0.46693
