# avg	std	min	max
0.92959 0.01159 0.90914 0.93982
0.54145 0.05684 0.48286 0.64413
0.93114 0.03212 0.89578 0.97257
0.25667 0.18963 0.02556 0.52560
0.35128 0.03088 0.32443 0.40841
-0.22769 0.02247 -0.25167 -0.19149
0.34177 0.05275 0.30290 0.44088
0.39957 0.08913 0.33166 0.56309
1.63055 0.03461 1.60188 1.69218
0.53221 0.01702 0.51321 0.56117
0.56994 0.05707 0.51319 0.66711
0.92220 0.10469 0.85266 1.13023
0.40807 0.05159 0.35835 0.49590
0.57070 0.07318 0.51940 0.71592
0.27722 0.04218 0.23269 0.33970
0.99743 0.02687 0.96726 1.03853
0.63679 0.01798 0.61489 0.65524
-0.00254 0.12318 -0.11440 0.23463
-0.00656 0.01311 -0.03278 -0.00000
0.28115 0.03235 0.25931 0.34330
