# avg	std	min	max
0.76936 0.00000 0.76936 0.76936
0.63219 0.00000 0.63219 0.63219
0.66788 0.00003 0.66784 0.66793
0.56932 0.00048 0.56866 0.57015
0.76862 0.00027 0.76828 0.76894
0.62321 0.00709 0.61455 0.62979
0.59619 0.00370 0.59386 0.60353
0.48429 0.00489 0.47558 0.49065
-0.25101 0.03509 -0.28086 -0.18724
0.71654 0.00020 0.71627 0.71675
0.55629 0.00010 0.55616 0.55642
0.69755 0.00826 0.69333 0.71407
0.64769 0.01933 0.62128 0.67597
0.51927 0.18486 0.14963 0.61831
0.06988 0.00076 0.06932 0.07138
0.45652 0.00445 0.45272 0.46309
0.44819 0.19960 0.07785 0.59042
0.29017 0.01320 0.27045 0.30306
-0.01356 0.00000 -0.01356 -0.01356
0.24294 0.04473 0.19301 0.30972
