# avg	std	min	max
0.92098 0.00719 0.91205 0.92871
0.83156 0.00712 0.82057 0.84275
0.86966 0.01244 0.84712 0.88262
0.68841 0.15628 0.46532 0.82343
0.71538 0.15482 0.52334 0.85012
0.83421 0.10825 0.61940 0.91142
0.62246 0.12763 0.39193 0.74462
0.64441 0.10634 0.49897 0.74576
0.07191 0.03800 0.03015 0.13956
0.93919 0.01060 0.92344 0.95408
0.74717 0.00944 0.73428 0.75938
0.86683 0.00768 0.85514 0.87357
0.49225 0.07333 0.41452 0.60015
0.84629 0.00766 0.83627 0.85609
0.40887 0.00808 0.39716 0.41839
0.74352 0.00713 0.73429 0.75208
0.84415 0.02161 0.80961 0.87182
0.41214 0.02178 0.39200 0.45104
-0.01518 0.00000 -0.01518 -0.01518
0.66974 0.01136 0.64996 0.68154
