# avg	std	min	max
1.51848 0.12200 1.35669 1.66958
0.57067 0.03218 0.51537 0.61608
2.02582 0.13280 1.83077 2.14972
-0.52556 0.07703 -0.60437 -0.38030
2.56068 0.10274 2.39999 2.72400
-0.66584 0.06740 -0.74954 -0.55445
-0.20981 0.05658 -0.30464 -0.13688
0.10706 0.01948 0.08583 0.14224
5.35690 0.06018 5.26574 5.43552
1.23718 0.04309 1.15730 1.27878
3.18552 0.05771 3.12279 3.27794
1.12109 0.17423 0.88792 1.30528
0.00969 0.08560 -0.15426 0.08514
0.65973 0.23405 0.33190 1.02799
0.40591 0.13518 0.18462 0.53831
1.79212 0.02583 1.76035 1.83323
1.29186 0.10139 1.17183 1.45305
-0.19313 0.05874 -0.28212 -0.11572
-0.02685 0.02005 -0.06641 -0.01100
0.91569 0.17230 0.57296 1.02532
