# avg	std	min	max
1.10490 0.04989 1.03442 1.15624
0.52919 0.07486 0.45255 0.62611
0.12577 0.10799 -0.03919 0.22680
-0.80274 0.03080 -0.83420 -0.74690
-0.48845 0.08661 -0.59572 -0.38426
-0.89184 0.09265 -0.99490 -0.74978
-0.28206 0.00815 -0.29010 -0.27187
-0.94475 0.01714 -0.96207 -0.91757
4.77138 0.02680 4.73989 4.81587
0.74901 0.01326 0.72667 0.76457
0.48733 0.09518 0.29729 0.54525
0.31315 0.08432 0.15705 0.40350
-0.25159 0.00942 -0.25961 -0.23313
0.77193 0.03346 0.70614 0.79713
0.10345 0.05221 -0.00044 0.13898
0.93448 0.01652 0.92013 0.96586
0.44152 0.01984 0.42173 0.47504
-0.33380 0.04548 -0.39150 -0.27214
-0.00709 0.01498 -0.02738 0.01583
0.53184 0.06053 0.41662 0.58563
