# avg	std	min	max
1.54762 0.02408 1.50896 1.58073
0.32429 0.01109 0.31482 0.34475
0.28914 0.00198 0.28707 0.29248
-0.52275 0.01269 -0.53663 -0.50334
0.24155 0.01547 0.22809 0.27014
-0.29422 0.02458 -0.31863 -0.24783
3.44889 2.63089 0.26823 6.63570
0.13319 0.77403 -0.61186 1.49824
5.89717 0.12754 5.81035 6.15088
0.73409 0.07596 0.63840 0.84392
1.06652 0.18360 0.82527 1.35982
0.72859 0.00998 0.71645 0.74530
1.29259 0.99966 -0.55541 2.38283
-0.62253 0.00617 -0.63332 -0.61612
0.73319 0.07406 0.58625 0.78255
-0.54004 0.02346 -0.57425 -0.50111
0.42039 0.12273 0.26091 0.54364
0.27195 0.06237 0.15718 0.33847
-0.01595 0.01359 -0.03760 -0.00106
2.82536 1.68422 0.06230 5.22733
