# avg	std	min	max
0.20816 0.05225 0.12663 0.26640
1.49474 0.00651 1.48689 1.50288
2.52225 0.00774 2.50750 2.52758
0.94461 0.34167 0.62591 1.60803
2.89433 0.01144 2.88008 2.91013
0.55904 0.01220 0.54804 0.57980
0.64514 0.01945 0.62430 0.68010
1.33514 0.09973 1.22121 1.48929
5.38974 0.04312 5.31868 5.43856
0.82533 0.02441 0.77725 0.84495
2.04308 0.23633 1.82491 2.33320
1.04196 0.05816 1.01099 1.15823
0.87892 0.06344 0.78701 0.94965
0.67219 0.03352 0.61221 0.70396
1.81434 0.26344 1.39047 2.12708
2.59716 0.04275 2.53176 2.64959
2.57468 0.04816 2.49811 2.63101
0.74776 0.14376 0.60300 0.95163
-0.01380 0.00000 -0.01380 -0.01380
0.71504 0.04996 0.61686 0.75486
