# avg	std	min	max
1.10021 0.06200 1.01997 1.17950
0.88742 0.05383 0.80657 0.96901
1.13377 0.03871 1.09624 1.20700
0.31985 0.02843 0.28900 0.37310
0.88146 0.06122 0.77269 0.94798
0.62805 0.02760 0.60452 0.68134
0.71638 0.05152 0.64063 0.78080
0.84123 0.08506 0.77228 1.00088
0.36411 0.03454 0.33058 0.42811
1.09607 0.03075 1.04509 1.14013
1.15289 0.03276 1.12983 1.21662
1.05940 0.12024 0.91136 1.20765
0.70377 0.03864 0.65375 0.76974
0.67120 0.03087 0.63324 0.71825
0.61332 0.19631 0.22193 0.73077
0.93435 0.05330 0.87609 1.02484
1.14110 0.07592 1.04651 1.27651
0.15852 0.03269 0.12738 0.21630
-0.03271 0.01754 -0.05161 -0.00779
1.19790 0.03130 1.16014 1.25246
