# avg	std	min	max
1.94128 0.08155 1.81090 2.05219
1.00532 0.07905 0.91206 1.11478
0.27814 0.04314 0.24500 0.35707
0.15045 0.02318 0.12569 0.19044
-0.12056 0.30078 -0.44811 0.42044
-0.51836 0.16124 -0.67818 -0.23636
-0.20702 0.10070 -0.34273 -0.07439
-0.17450 0.08567 -0.26483 -0.03155
5.08667 0.23188 4.78857 5.50508
1.20505 0.11345 1.10834 1.41701
0.88029 0.04636 0.79988 0.94336
0.96291 0.39410 0.64840 1.73546
-0.05489 0.08029 -0.19156 0.03000
1.17902 0.16092 0.97934 1.35790
0.45048 0.06542 0.38680 0.56955
1.25386 0.39991 0.82844 1.95817
0.74385 0.12170 0.56929 0.88859
-0.28665 0.09895 -0.36582 -0.09291
-0.18937 0.21606 -0.61904 -0.05199
1.11524 0.14058 0.98325 1.38441
