# avg	std	min	max
1.22536 0.02057 1.20488 1.26334
0.34761 0.02652 0.31047 0.39181
0.25100 0.02354 0.22059 0.28843
-0.12861 0.27327 -0.66876 0.08151
-0.26656 0.05433 -0.34874 -0.21163
-0.40010 0.13315 -0.60807 -0.21166
0.13457 0.20163 -0.08655 0.38286
0.11462 0.05240 0.04104 0.19468
0.72142 0.01878 0.69559 0.74639
0.07055 0.03592 0.02428 0.11368
0.29322 0.06088 0.18335 0.34068
0.20624 0.01837 0.18428 0.23690
0.08043 0.03258 0.02212 0.12268
0.86601 0.04319 0.80146 0.91680
0.28551 0.15807 0.18957 0.60014
0.50012 0.02774 0.45138 0.53138
-0.09667 0.02944 -0.13172 -0.04454
-0.32400 0.07037 -0.40081 -0.22435
-0.02159 0.05066 -0.07150 0.07547
0.42088 0.15790 0.12680 0.57041
