# avg	std	min	max
0.08829 0.04506 0.04298 0.17392
-0.33782 0.03010 -0.37093 -0.29737
-0.07256 0.06360 -0.11968 0.05236
-0.15462 0.01976 -0.19369 -0.14184
0.06910 0.02234 0.04847 0.11253
-0.51565 0.05083 -0.57945 -0.47313
-0.69305 0.05652 -0.76815 -0.59654
-0.16243 0.38466 -0.92916 0.07885
-1.20479 0.03803 -1.24360 -1.14296
-0.15853 0.13961 -0.43275 -0.04085
-0.40885 0.00600 -0.41806 -0.40183
0.00795 0.14250 -0.24269 0.13382
-0.60767 0.01789 -0.63402 -0.58295
-0.17476 0.01377 -0.18721 -0.14977
-0.53335 0.10254 -0.64385 -0.40365
-0.14956 0.07760 -0.27242 -0.04070
-1.12896 0.10818 -1.21027 -0.91549
-0.09948 0.00904 -0.11238 -0.08903
-0.01414 0.00000 -0.01414 -0.01414
0.09201 0.13691 -0.03981 0.33945
