# avg	std	min	max
-0.16206 0.00182 -0.16297 -0.15841
0.60914 0.01275 0.59787 0.63266
3.02992 0.06771 2.96171 3.11493
0.07661 0.00924 0.06960 0.09398
3.17542 0.24123 2.69957 3.34362
0.30724 0.00820 0.30016 0.31781
0.05185 0.02387 0.03136 0.09854
0.17005 0.00773 0.16112 0.18368
4.66285 0.00247 4.66101 4.66755
0.71466 0.01858 0.69738 0.73854
2.12900 0.12878 2.04874 2.38486
0.72760 0.01036 0.71469 0.74576
0.07367 0.02516 0.03731 0.10804
-0.62491 0.01444 -0.64272 -0.60708
-0.69488 0.02754 -0.72181 -0.65596
-0.38931 0.02020 -0.40824 -0.35213
-0.28668 0.01228 -0.30459 -0.26932
-0.11140 0.00903 -0.12408 -0.10233
-0.00848 0.00931 -0.02051 0.00369
-0.31887 0.01787 -0.33997 -0.29215
