# avg	std	min	max
1.53175 0.07057 1.44158 1.62949
1.22553 0.03508 1.19841 1.29371
1.39587 0.04751 1.33370 1.45917
0.14680 0.07422 0.04853 0.25273
1.04713 0.06385 0.97969 1.16662
-0.28040 0.09590 -0.36185 -0.09453
1.28790 0.07375 1.21388 1.42550
1.45397 0.02804 1.40420 1.48042
2.78912 0.06091 2.70624 2.87844
0.32467 0.02793 0.28334 0.35611
0.86498 0.05724 0.77602 0.93542
0.98192 0.06350 0.89861 1.05682
1.38592 0.04194 1.31368 1.43175
0.98169 0.04580 0.93646 1.06229
0.70181 0.03898 0.66219 0.76938
0.85500 0.06436 0.81191 0.98300
0.81824 0.04427 0.76089 0.86929
0.47881 0.02659 0.43356 0.51279
-0.06416 0.04383 -0.11171 -0.00000
1.45158 0.18438 1.20513 1.72217
