# avg	std	min	max
2.64316 0.02314 2.60291 2.66808
1.43857 0.20744 1.20468 1.75861
2.39025 0.09838 2.33946 2.58701
-0.11104 0.21084 -0.24510 0.30927
1.81920 0.14584 1.68147 2.05036
-0.29982 0.04527 -0.37296 -0.24907
1.40878 0.49773 0.60762 2.03617
1.83628 0.52754 1.15366 2.71493
6.60490 0.47701 5.82543 7.04648
2.23811 0.21660 2.03447 2.57027
1.00552 0.00433 1.00203 1.01405
0.71200 0.05667 0.68250 0.82532
2.07989 0.81724 0.85703 3.06882
1.29891 0.13623 1.16098 1.46928
0.49344 0.01421 0.47622 0.51963
3.07285 0.00224 3.06850 3.07482
1.78563 0.10107 1.71770 1.98174
0.56672 0.05223 0.50551 0.63216
-0.13300 0.18997 -0.50315 -0.01282
2.15451 0.31177 1.83921 2.53999
