# avg	std	min	max
0.68364 0.03235 0.63393 0.72700
0.71548 0.04803 0.63921 0.78013
2.31525 0.07581 2.23381 2.41201
0.50413 0.06406 0.43012 0.61763
1.69972 0.08375 1.62186 1.84557
0.35386 0.05264 0.26950 0.40131
0.05862 0.04937 0.01660 0.15263
1.50650 0.05391 1.41896 1.56636
2.34974 0.69325 1.16746 3.30088
0.00028 0.00269 -0.00266 0.00522
1.84129 0.24624 1.39664 2.10480
2.47757 0.04231 2.39438 2.50615
0.45434 0.15168 0.22553 0.69698
0.94843 0.06996 0.84688 1.02308
0.90326 0.10958 0.77683 1.05286
1.20053 0.13949 0.93100 1.29987
1.08845 0.12332 0.91438 1.25657
0.51648 0.13746 0.36024 0.69184
0.64300 0.04814 0.56732 0.71580
1.16265 0.18185 0.81322 1.29866
