# avg	std	min	max
0.39997 0.00343 0.39691 0.40460
0.27597 0.00535 0.27172 0.28433
0.88986 0.07923 0.77643 1.02508
-0.34405 0.01770 -0.36460 -0.31198
0.76587 0.41141 -0.05580 1.00779
-0.56789 0.05241 -0.63000 -0.49532
-1.01222 0.13643 -1.18752 -0.81263
-0.72678 0.59176 -1.84217 -0.07432
5.65874 0.00677 5.64810 5.66873
-0.00379 0.00476 -0.01258 0.00026
0.35581 0.01336 0.33652 0.37672
0.08549 0.00433 0.08324 0.09416
0.21471 0.03378 0.16641 0.25630
-0.41588 0.00524 -0.42543 -0.40995
-0.15101 0.02075 -0.17294 -0.11480
0.45711 0.02980 0.42128 0.49293
0.64609 0.01053 0.62670 0.65506
0.14788 0.01536 0.12088 0.16797
-0.37048 0.06516 -0.47630 -0.28457
-0.11174 0.00742 -0.12398 -0.10397
