# avg	std	min	max
1.40483 0.03780 1.33642 1.45273
1.34583 0.00280 1.34237 1.35011
2.68314 0.10586 2.57185 2.81250
0.58423 0.15124 0.48800 0.87912
2.15118 0.24112 1.79717 2.49547
0.70213 0.11249 0.48573 0.80825
0.74031 0.17988 0.56115 1.07053
0.52158 0.05754 0.45583 0.62558
4.01571 0.03054 3.97140 4.06081
-0.00166 0.00200 -0.00434 0.00072
1.07810 0.06525 1.02168 1.16287
2.17835 0.02103 2.15662 2.20649
2.42040 0.14956 2.27545 2.67770
2.04122 0.07768 1.97272 2.18603
1.84708 0.04868 1.77396 1.91303
3.18368 0.01579 3.17188 3.21430
2.05293 0.03212 2.02003 2.10163
1.20627 0.03622 1.16359 1.25888
1.28141 0.14350 1.06842 1.47318
2.10722 0.05696 2.07424 2.22098
