# avg	std	min	max
0.84301 0.00479 0.83767 0.84837
-0.14343 0.00000 -0.14343 -0.14343
0.15681 0.02707 0.12636 0.20428
-0.55850 0.04599 -0.63767 -0.51082
0.03811 0.04176 0.00379 0.11427
-0.41763 0.04440 -0.46835 -0.34661
-0.98050 0.28188 -1.33482 -0.67516
-0.13213 0.03810 -0.18292 -0.08973
6.03032 0.02649 6.00502 6.08046
-0.00771 0.01020 -0.01842 0.00764
-0.12618 0.04087 -0.16577 -0.07486
-0.08531 0.00427 -0.08934 -0.07744
-0.64019 0.28144 -1.15891 -0.43095
-0.55122 0.08816 -0.68060 -0.44221
-0.20691 0.01473 -0.23063 -0.18673
-0.08993 0.09487 -0.24930 0.04564
0.09631 0.04092 0.05737 0.16690
-0.34589 0.09783 -0.47207 -0.17797
-0.98428 0.54475 -1.67701 -0.46467
-0.13147 0.04928 -0.22129 -0.09238
