# avg	std	min	max
-0.06205 0.00000 -0.06205 -0.06205
0.04781 0.00000 0.04781 0.04781
0.14171 0.01242 0.11689 0.14855
-0.29580 0.01179 -0.30276 -0.27232
0.13018 0.02030 0.11412 0.16936
-0.24045 0.02647 -0.26891 -0.19901
-0.37378 0.00076 -0.37465 -0.37250
-0.12274 0.03087 -0.17051 -0.09197
-0.45006 0.02037 -0.47542 -0.42147
0.00000 0.00001 -0.00001 0.00001
0.06221 0.00017 0.06199 0.06243
-0.00170 0.01172 -0.01203 0.02117
-0.34118 0.00703 -0.34738 -0.32827
-0.38356 0.00807 -0.39762 -0.37557
-0.18662 0.04718 -0.25152 -0.13069
-0.45912 0.00184 -0.46154 -0.45676
-0.48262 0.01782 -0.50223 -0.45597
-0.21922 0.10822 -0.37433 -0.10318
-0.21285 0.18278 -0.55924 -0.08798
0.00893 0.04074 -0.06974 0.03843
