# avg	std	min	max
2.68756 0.00287 2.68401 2.69250
1.33600 0.00000 1.33600 1.33600
3.28376 0.17823 2.97852 3.52542
3.19017 0.08688 3.09172 3.31812
5.76264 0.37027 5.33105 6.19229
3.56956 0.66059 2.35572 4.31768
13.20228 2.61704 9.72780 17.65520
18.51006 7.41581 12.03780 32.80800
7.30945 0.03194 7.25619 7.35176
0.00056 0.00078 0.00001 0.00209
1.99252 0.78628 1.29306 3.53109
2.82985 0.14324 2.65426 2.94770
16.70871 8.11405 9.77542 29.58930
6.83353 0.49448 6.46922 7.80953
7.43106 0.91793 6.49766 8.66569
7.25356 0.39512 6.83312 7.92514
8.35322 1.48468 6.31239 10.84840
6.57460 2.02140 4.29076 9.96606
8.50708 2.43040 5.12689 12.01990
16.42574 1.01694 14.52100 17.32990
