# avg	std	min	max
0.07442 0.00583 0.06277 0.07734
-1.42292 0.00000 -1.42292 -1.42292
-1.07563 0.20546 -1.38008 -0.90937
-1.34995 0.65063 -2.18746 -0.78356
-1.73281 0.19019 -1.93545 -1.46648
-1.41975 1.04287 -2.80395 0.20132
-1.93148 0.16315 -2.05779 -1.61634
0.17174 0.60779 -0.60869 1.17396
-2.55146 0.00587 -2.56123 -2.54493
0.00013 0.00017 0.00002 0.00048
0.07316 0.22322 -0.11030 0.39389
-1.21302 0.00184 -1.21440 -1.20945
-1.34530 0.36933 -1.78660 -0.92097
-0.63080 0.00981 -0.63657 -0.61121
-0.20684 0.16700 -0.45518 0.03639
0.04326 0.03062 -0.01408 0.06994
-0.16892 0.09126 -0.25342 -0.02529
0.00502 0.34314 -0.35067 0.62555
0.06931 0.24995 -0.23607 0.40455
-0.69152 0.01002 -0.70116 -0.67284
