# avg	std	min	max
0.68050 0.00249 0.67926 0.68549
-0.01001 0.00000 -0.01001 -0.01001
0.20855 0.00046 0.20819 0.20945
-0.84813 0.03788 -0.86835 -0.77241
0.48773 0.01745 0.46668 0.50847
-1.22141 0.05474 -1.32582 -1.17265
-1.91608 0.03873 -1.96880 -1.87202
-0.54849 0.05352 -0.61197 -0.46663
0.17933 0.01142 0.16215 0.19712
0.00343 0.00682 -0.00000 0.01707
0.78465 0.50901 0.35987 1.40935
0.32280 0.00003 0.32278 0.32286
-1.42649 0.02590 -1.47745 -1.40660
0.38096 0.09168 0.19790 0.43127
0.23347 0.01443 0.21445 0.25529
0.89255 0.03836 0.84530 0.96284
0.12152 0.04487 0.06224 0.17048
-0.71313 0.04711 -0.76963 -0.64034
0.03183 0.08500 -0.04353 0.16325
0.09761 0.03284 0.07750 0.16298
