# avg	std	min	max
0.26931 0.02647 0.23154 0.30121
1.56621 0.04500 1.51788 1.63725
5.21794 0.49885 4.79141 6.18848
0.83201 0.20988 0.62656 1.22474
6.08413 0.09314 5.96591 6.18351
1.04814 0.07415 0.96274 1.16053
0.44668 0.38264 -0.04545 0.79856
1.06348 0.22445 0.72573 1.33790
6.16295 0.02674 6.13662 6.21161
-0.00052 0.00048 -0.00107 -0.00000
3.74119 0.04573 3.67407 3.80629
1.18541 0.03294 1.14702 1.22816
0.83857 0.05342 0.77590 0.91685
-1.00667 0.01167 -1.01875 -0.99231
1.08545 0.15785 0.79741 1.25227
1.08484 0.04622 1.02893 1.16176
1.55167 0.12550 1.35079 1.71879
0.50582 0.12319 0.32037 0.64853
1.00206 0.09818 0.88948 1.15276
0.12330 0.01499 0.09582 0.13742
