# avg	std	min	max
1.25221 0.33626 1.06308 1.92362
-0.01024 0.02389 -0.05129 0.00845
2.65717 0.21263 2.31993 2.93428
2.99030 1.09624 1.82537 4.63255
5.03352 0.28263 4.72555 5.53374
4.11636 1.16151 2.15647 5.16654
9.94979 2.95977 5.99377 13.58530
10.67980 5.76440 3.88873 19.52610
1.26321 0.19986 0.91660 1.53579
-0.01113 0.01814 -0.04205 0.00971
-0.00151 0.29495 -0.40620 0.40918
0.33119 0.07919 0.25295 0.46350
19.52462 3.00544 15.85530 23.15190
2.83099 0.27788 2.43763 3.29370
1.62949 1.32385 0.06396 3.65410
0.73094 0.33093 0.33296 1.17042
1.85772 0.54597 1.05704 2.55590
6.65613 1.45104 4.90623 8.72191
7.36209 0.80497 6.61722 8.91497
5.91118 0.62838 4.88290 6.56824
