# avg	std	min	max
2.47078 0.00705 2.45950 2.48114
0.78345 0.01271 0.76865 0.80664
3.37925 0.24408 2.89942 3.56344
5.72807 0.37651 5.30085 6.28298
6.16857 0.21716 5.74322 6.34090
6.14620 0.66888 5.57515 7.44346
18.91138 2.18646 16.06150 22.67620
45.18902 4.67648 40.70710 52.91300
6.52371 0.10368 6.42722 6.71232
0.00013 0.00057 -0.00088 0.00079
0.45161 0.15311 0.21376 0.63752
1.24693 0.03509 1.20610 1.29718
21.42754 3.20281 17.70270 27.34710
5.86682 1.05363 4.11020 7.07987
10.32570 0.25182 10.06250 10.77870
7.07990 0.87269 5.53237 8.01313
11.61488 0.16406 11.44200 11.90420
10.57370 0.94011 9.02490 11.55520
14.15614 0.78297 13.19180 15.26080
19.64456 1.67208 16.56900 21.07580
