# avg	std	min	max
1.18472 0.03328 1.13141 1.22383
-0.40914 0.02574 -0.44973 -0.38095
2.83752 0.05238 2.75733 2.91353
4.76914 1.26100 3.24392 5.98106
5.80936 1.15070 4.71926 7.89302
2.75842 1.23761 1.88753 5.19038
15.71734 1.67631 13.63240 18.46270
28.46656 5.04447 18.46760 31.53110
7.01630 0.22920 6.77747 7.29396
-0.02993 0.03382 -0.09035 0.00215
3.28281 0.14317 3.00545 3.41465
0.85533 0.03300 0.81314 0.88779
16.14660 1.39988 14.87710 18.73540
4.49436 0.84066 3.47058 5.55759
7.56546 1.54728 5.56627 10.09990
5.87278 1.14563 4.61386 7.96024
8.69698 1.67834 6.60134 10.87540
9.20247 1.30219 6.73871 10.57820
12.75539 3.19916 8.22794 16.84320
11.78828 1.63519 10.21900 14.03410
