# avg	std	min	max
1.62115 0.47251 0.90109 2.00496
1.29691 0.03610 1.25505 1.34692
2.24515 0.14543 1.96007 2.34911
1.07152 0.44257 0.18702 1.30975
1.67014 0.18713 1.34557 1.87391
0.90569 0.37879 0.17649 1.28004
1.43904 0.06962 1.33667 1.51805
0.96560 0.34345 0.43935 1.38018
0.21409 0.21624 -0.10197 0.47667
-0.00257 0.00198 -0.00519 0.00013
0.22437 0.02039 0.20639 0.26404
1.45842 0.31774 0.87722 1.70734
1.41288 0.21529 1.12117 1.73085
0.77939 0.00816 0.77111 0.78983
1.35299 0.06258 1.28477 1.45247
2.20980 0.02037 2.17993 2.24335
1.68497 0.01955 1.64985 1.70432
1.15801 0.09139 1.00974 1.26736
0.97565 0.52987 -0.05492 1.32975
1.48462 0.33155 0.82874 1.73124
