# avg	std	min	max
-1.52281 0.00001 -1.52282 -1.52279
0.51801 0.00002 0.51799 0.51806
3.42241 0.05448 3.34186 3.48215
3.54987 0.05988 3.46378 3.61442
5.01496 0.05250 4.96768 5.11216
1.26494 0.04546 1.18136 1.30164
1.51029 0.31544 0.89307 1.75646
1.64689 0.08521 1.57446 1.80075
3.96056 0.02992 3.91769 3.99150
-0.00001 0.00005 -0.00006 0.00008
2.65276 0.00098 2.65221 2.65472
0.63775 0.00030 0.63747 0.63822
1.94047 0.48966 1.12049 2.37090
-0.70734 0.06784 -0.83972 -0.64641
1.19756 0.00160 1.19571 1.19977
-0.11338 0.20623 -0.48103 0.06354
0.96751 0.63814 0.04188 1.68751
1.42106 0.19078 1.20576 1.76671
1.83188 0.65550 0.81142 2.43786
3.66899 0.93799 3.09458 5.52400
