# avg	std	min	max
1.50367 0.00000 1.50367 1.50367
0.21105 0.00000 0.21105 0.21105
0.97802 0.11671 0.74468 1.04073
0.08842 0.02885 0.03265 0.11591
1.21327 0.00341 1.20903 1.21797
0.04388 0.05525 -0.04968 0.12037
0.22482 0.00307 0.21871 0.22686
1.60567 0.10456 1.47984 1.77281
3.13617 0.20699 2.87314 3.38198
0.00472 0.00419 -0.00218 0.00862
-0.19124 0.00112 -0.19253 -0.18961
0.23429 0.01474 0.22208 0.25867
0.68371 0.00925 0.67622 0.70156
-0.11976 0.10811 -0.25272 -0.02676
0.61932 0.06417 0.52888 0.70416
-0.05820 0.01265 -0.07263 -0.03469
1.64867 0.18112 1.28870 1.77699
0.54578 0.05870 0.43661 0.60844
0.71508 0.16904 0.46779 0.99480
1.17785 1.00291 -0.06139 2.55528
