# avg	std	min	max
0.26859 0.01465 0.24806 0.28181
-0.67242 0.01382 -0.68475 -0.64554
-0.98739 0.11171 -1.08732 -0.83413
-1.62994 0.03790 -1.69623 -1.59208
-1.36912 0.03166 -1.42025 -1.32856
-1.73155 0.04788 -1.79933 -1.66567
-1.61386 0.04929 -1.67185 -1.54654
-1.77392 0.49916 -2.24771 -0.85603
-0.17716 0.34263 -0.86238 -0.00040
0.00137 0.01834 -0.02807 0.02957
-0.13832 0.01432 -0.15540 -0.12101
-0.41590 0.01323 -0.43342 -0.40426
-2.37461 0.09412 -2.51266 -2.22650
0.44853 0.01665 0.43839 0.48175
-0.19903 0.01458 -0.22613 -0.18360
1.08791 0.06329 1.01121 1.16295
-0.14279 0.02389 -0.17423 -0.11846
-0.76576 0.03469 -0.80142 -0.70702
-2.30482 0.66662 -3.19029 -1.51596
-0.29806 0.10032 -0.43941 -0.13909
