# avg	std	min	max
0.80302 0.00086 0.80197 0.80441
0.76275 0.00033 0.76239 0.76337
0.48318 0.00025 0.48293 0.48361
0.38092 0.00794 0.37250 0.39071
0.28053 0.00006 0.28045 0.28062
0.31397 0.01120 0.29425 0.32797
0.22350 0.00370 0.21965 0.23045
0.36292 0.00129 0.36122 0.36509
5.91764 0.40071 5.23907 6.46789
0.57722 0.04177 0.52377 0.62790
0.00155 0.00197 -0.00053 0.00522
0.41732 0.18215 0.29807 0.77509
0.30319 0.01402 0.28715 0.32733
0.02062 0.10770 -0.19476 0.07700
-0.15372 0.01575 -0.17455 -0.13378
0.53029 0.00161 0.52838 0.53246
0.55483 0.00127 0.55380 0.55700
-0.16568 0.00628 -0.17430 -0.15671
-0.19993 0.02564 -0.24232 -0.17312
0.27891 0.01709 0.26115 0.30972
