# avg	std	min	max
0.22898 0.00275 0.22722 0.23446
0.18584 0.00527 0.17533 0.18893
-0.07293 0.00568 -0.08279 -0.06858
-0.29887 0.00804 -0.31338 -0.29104
-0.30325 0.00502 -0.31240 -0.29777
-0.57071 0.08081 -0.73204 -0.52481
-0.46274 0.05831 -0.54134 -0.38104
-0.62261 0.02736 -0.65786 -0.59835
1.68949 0.02876 1.66276 1.73601
0.11362 0.00515 0.10464 0.11755
-0.00162 0.00288 -0.00736 0.00000
0.03080 0.02502 0.00172 0.06438
-0.53007 0.23116 -0.97225 -0.31010
0.06685 0.13370 -0.04673 0.23285
0.02717 0.02699 -0.02635 0.04588
0.29491 0.00305 0.28886 0.29685
-0.20024 0.02479 -0.23833 -0.16657
-0.33070 0.01547 -0.35376 -0.30574
-0.37707 0.23149 -0.80265 -0.17524
0.15238 0.10518 0.04520 0.31732
