# avg	std	min	max
1.59198 0.03596 1.57383 1.66390
0.52222 0.00068 0.52167 0.52329
-1.18220 0.00125 -1.18360 -1.18068
-0.92125 0.01456 -0.93912 -0.89469
-1.00288 0.00473 -1.00909 -0.99548
-1.38496 0.05186 -1.47396 -1.31127
-0.69098 0.01031 -0.70145 -0.67230
0.15582 0.34627 -0.53460 0.37664
4.94372 0.00947 4.93270 4.95971
0.22231 0.00419 0.21785 0.22836
0.00635 0.00529 -0.00384 0.00993
-0.57565 0.00124 -0.57676 -0.57366
-0.41047 0.01799 -0.44011 -0.38333
0.83582 0.17412 0.49828 1.00044
0.27788 0.04619 0.19713 0.33388
1.07369 0.07371 1.01270 1.16453
0.53278 0.06345 0.47232 0.64378
-0.58265 0.02716 -0.61726 -0.54207
-0.13245 0.08777 -0.21868 -0.02234
0.65593 0.00456 0.65329 0.66500
