# avg	std	min	max
1.15084 0.01677 1.11756 1.16067
0.58426 0.00471 0.58092 0.59342
-0.06332 0.00455 -0.07233 -0.06001
-0.54697 0.09328 -0.60036 -0.36076
-0.53148 0.00564 -0.54256 -0.52774
-0.39667 0.16187 -0.66860 -0.18030
0.09691 0.04050 0.01719 0.12507
0.30130 0.03763 0.25472 0.34399
-0.43864 0.11732 -0.62887 -0.33938
0.77562 0.00046 0.77484 0.77627
0.00089 0.00118 -0.00066 0.00237
0.20826 0.00239 0.20541 0.21251
0.11798 0.00552 0.11108 0.12444
0.36837 0.01818 0.34256 0.39071
0.25450 0.02691 0.21726 0.29854
0.15056 0.00527 0.14461 0.15775
0.02866 0.10176 -0.15663 0.11909
-0.10561 0.06646 -0.22667 -0.03799
-0.18430 0.29891 -0.53240 0.21743
0.69847 0.00680 0.68772 0.70642
