# avg	std	min	max
2.21486 0.00141 2.21281 2.21708
1.66529 0.00209 1.66157 1.66753
1.11948 0.00903 1.10363 1.12907
0.97827 0.04938 0.93953 1.07579
1.22991 0.14237 1.14751 1.51378
0.47711 0.35107 -0.10663 0.84239
1.64697 0.28808 1.24328 1.97920
1.66837 0.23121 1.46035 1.99460
5.30157 0.01214 5.28809 5.32115
0.67566 0.00124 0.67397 0.67773
-0.00061 0.00044 -0.00103 -0.00000
1.43598 0.08215 1.38603 1.59885
1.19441 0.09647 1.06623 1.35209
0.93002 0.02785 0.88714 0.97265
1.50976 0.02296 1.46654 1.53319
-0.03538 0.01861 -0.06528 -0.01385
1.72153 0.17683 1.43591 1.99029
1.25526 0.18289 1.15129 1.62078
0.90667 0.40437 0.25295 1.52279
1.90890 0.04614 1.85252 1.96239
