# avg	std	min	max
1.40183 0.00010 1.40162 1.40188
0.20706 0.00041 0.20641 0.20751
-0.42060 0.03994 -0.47607 -0.35250
-1.98287 0.00091 -1.98368 -1.98113
-0.91188 0.00039 -0.91233 -0.91116
-1.77516 0.04234 -1.82897 -1.72501
-0.62570 0.37634 -1.20646 -0.02610
0.14164 0.04878 0.09702 0.22854
2.89113 0.40730 2.44787 3.41001
0.23280 0.00080 0.23177 0.23380
0.00141 0.00165 -0.00008 0.00346
0.20510 0.00077 0.20436 0.20624
-0.47784 0.07003 -0.58319 -0.36615
0.22104 0.25542 -0.18635 0.50378
-0.87586 0.05796 -0.91691 -0.76202
0.94953 0.01582 0.92951 0.96654
0.01274 0.02232 -0.00966 0.05124
-0.72542 0.03799 -0.77536 -0.67233
-0.86759 0.18150 -1.09436 -0.64421
0.04997 0.38831 -0.64336 0.37162
