# avg	std	min	max
1.77542 0.00099 1.77449 1.77719
0.80409 0.00559 0.79585 0.80921
0.00197 0.00393 -0.00169 0.00681
-1.33953 0.09449 -1.49545 -1.25304
-0.68621 0.00723 -0.69274 -0.67463
-1.34475 0.05876 -1.42539 -1.25064
0.16214 0.06760 0.04255 0.23594
-0.73566 0.02189 -0.76238 -0.69733
0.94213 0.39484 0.54776 1.54730
1.03548 0.00029 1.03525 1.03603
0.75693 0.01318 0.74161 0.77359
0.82740 0.00269 0.82254 0.83042
0.11718 0.27828 -0.34263 0.41092
0.85611 0.01153 0.83875 0.87433
-0.23391 0.01633 -0.24858 -0.20433
0.68494 0.00800 0.67507 0.69278
0.34354 0.08923 0.22254 0.45360
-0.95461 0.07933 -1.06348 -0.85573
-0.07728 0.05380 -0.14397 0.01510
0.96037 0.00895 0.95481 0.97814
