# avg	std	min	max
-0.03788 0.00000 -0.03788 -0.03788
-0.01272 0.00000 -0.01272 -0.01272
-0.00003 0.00005 -0.00013 0.00000
-0.17039 0.02357 -0.20966 -0.14061
-0.25670 0.07099 -0.30645 -0.11620
-0.32408 0.02158 -0.35074 -0.29292
-0.44918 0.03656 -0.51397 -0.40024
-0.39867 0.00519 -0.40596 -0.38972
0.51955 0.20718 0.20842 0.76726
0.09165 0.00002 0.09163 0.09169
-0.07245 0.00029 -0.07284 -0.07214
-0.03575 0.00240 -0.03759 -0.03136
-0.28076 0.06645 -0.35435 -0.19808
-0.42096 0.00014 -0.42120 -0.42084
-0.08225 0.03204 -0.11509 -0.04383
-0.51202 0.00029 -0.51237 -0.51155
-0.40252 0.01128 -0.42055 -0.38637
-0.41538 0.01949 -0.43033 -0.37739
-0.36009 0.03397 -0.40072 -0.32223
-0.15095 0.00474 -0.15663 -0.14583
