# avg	std	min	max
4.82009 0.01880 4.79538 4.83553
2.80720 0.01868 2.78968 2.83012
-0.01094 0.01415 -0.03618 0.00000
0.35580 0.29482 0.05920 0.73084
-0.28297 0.69143 -1.15999 0.36368
1.39843 0.36741 1.09905 2.11972
10.56649 1.48611 9.13949 13.34220
19.02046 4.57489 11.64720 23.36660
6.38470 0.01760 6.35821 6.40431
3.53841 0.01545 3.52753 3.56899
2.11082 0.02942 2.06220 2.14548
2.91928 0.01408 2.91142 2.94742
12.42055 2.19141 9.78923 16.20630
2.74092 0.02751 2.68691 2.76095
3.88733 0.76924 3.22758 5.09601
4.44951 0.04460 4.39607 4.53189
4.74041 0.12301 4.57889 4.93059
4.71991 0.70921 4.22424 6.12068
7.47523 1.26180 5.97657 9.29211
7.90265 0.69119 7.09880 8.91481
