# avg	std	min	max
-0.13522 0.03035 -0.18554 -0.09925
0.07388 0.01880 0.04825 0.09186
-0.00024 0.00030 -0.00073 -0.00000
-0.14725 0.01837 -0.16398 -0.11554
-0.29547 0.01709 -0.31940 -0.27260
-0.13047 0.03178 -0.19323 -0.10867
-0.50815 0.04209 -0.58556 -0.47623
-0.22218 0.04014 -0.27696 -0.17836
-0.39496 0.04456 -0.46964 -0.34464
0.23708 0.00027 0.23662 0.23740
-0.10945 0.01216 -0.12968 -0.09555
0.08283 0.04110 0.02944 0.13469
-0.37719 0.02674 -0.42812 -0.35345
-0.31985 0.06358 -0.40377 -0.24652
-0.30257 0.05051 -0.37836 -0.23963
-0.42247 0.02659 -0.47439 -0.40556
-0.56610 0.02848 -0.59833 -0.52316
-0.27277 0.08002 -0.39000 -0.19670
-0.40196 0.06687 -0.49832 -0.32919
-0.02072 0.05562 -0.08046 0.08228
