# avg	std	min	max
2.00023 0.00000 2.00023 2.00023
0.08548 0.00000 0.08548 0.08548
0.00000 0.00000 0.00000 0.00000
0.06055 0.00580 0.05710 0.07213
0.02631 0.00307 0.02254 0.02947
0.02772 0.00800 0.01292 0.03531
-0.06396 0.01192 -0.07782 -0.04646
0.11153 0.01661 0.08509 0.13174
1.99757 0.00095 1.99663 1.99904
-0.37562 0.00009 -0.37572 -0.37546
-0.06023 0.00004 -0.06029 -0.06017
-0.13533 0.00034 -0.13576 -0.13494
-0.02389 0.00546 -0.03125 -0.01793
-0.27039 0.22494 -0.71982 -0.15124
-0.45522 0.06271 -0.53058 -0.38442
-0.23509 0.00436 -0.24031 -0.23069
-0.03471 0.00218 -0.03682 -0.03186
-0.36658 0.01844 -0.39761 -0.34069
-0.34035 0.02654 -0.39013 -0.31282
0.05465 0.21173 -0.36738 0.19155
