# avg	std	min	max
-0.10111 0.00033 -0.10128 -0.10045
-0.26767 0.00034 -0.26788 -0.26700
-0.00012 0.00039 -0.00076 0.00042
-0.20113 0.00897 -0.21811 -0.19320
0.29751 0.00164 0.29628 0.30060
-0.08602 0.00858 -0.09450 -0.07547
-0.35321 0.01461 -0.38049 -0.33989
1.43652 0.00415 1.43225 1.44254
-1.18792 0.00388 -1.19042 -1.18031
0.06097 0.00260 0.05579 0.06274
-0.07336 0.00224 -0.07478 -0.06894
-0.30867 0.00810 -0.31915 -0.30157
-0.27461 0.00878 -0.28209 -0.25770
-0.15607 0.00168 -0.15787 -0.15366
-0.23484 0.07296 -0.35071 -0.12984
-0.19737 0.00270 -0.19964 -0.19222
-0.61217 0.03004 -0.66970 -0.58394
-0.13994 0.00394 -0.14615 -0.13590
-0.06708 0.11572 -0.29749 0.00272
-0.15950 0.00430 -0.16480 -0.15355
