# avg	std	min	max
4.89949 0.00005 4.89947 4.89959
3.18869 0.03133 3.13308 3.21201
0.00021 0.00021 -0.00000 0.00052
-0.36619 0.01751 -0.39305 -0.34336
-0.81048 0.01430 -0.81922 -0.78204
0.87534 0.48894 0.06381 1.40716
3.26372 1.33184 1.68099 5.61862
9.28352 1.59990 6.77251 11.65970
5.52288 1.21860 3.68623 7.35665
4.57745 0.01894 4.55231 4.59688
2.64007 0.03945 2.56605 2.66825
2.24469 0.01384 2.21705 2.25243
4.30177 0.84649 3.53257 5.91189
3.45784 0.00444 3.45280 3.46586
4.12434 0.25934 3.86325 4.56501
4.63426 0.03914 4.60582 4.70937
4.67432 0.03960 4.61737 4.71682
6.50659 0.82526 5.47045 7.69701
7.17101 1.01942 5.82940 8.66926
5.71594 0.74273 4.51788 6.85641
