# avg	std	min	max
4.46749 0.00580 4.45946 4.47482
2.99602 0.03904 2.97025 3.07380
-0.00538 0.00734 -0.01968 0.00000
3.28064 0.67600 1.95357 3.78683
-0.02183 0.65665 -0.56656 0.79963
2.51850 0.36582 1.91310 2.98062
9.21889 1.43766 7.03484 10.97150
9.30003 0.02032 9.28363 9.33854
5.01903 0.13976 4.83927 5.14551
3.74394 0.00627 3.73532 3.75209
1.84132 0.00988 1.83020 1.85354
2.30993 0.00397 2.30292 2.31484
8.51353 0.70821 7.60889 9.13378
3.45864 0.55978 3.00143 4.16232
3.94665 0.33875 3.61524 4.50257
5.73146 0.00426 5.72566 5.73690
5.05104 0.04006 5.00565 5.11412
3.35412 0.51179 2.71937 4.23487
3.46828 0.29192 3.08136 3.85447
9.50055 0.93944 7.86376 10.58550
