# avg	std	min	max
3.30177 0.28025 3.02392 3.64606
2.13339 0.28793 1.89228 2.54574
-0.02398 0.03385 -0.08948 0.00096
1.39655 0.40816 0.89964 1.80689
0.02594 0.03544 -0.02143 0.06207
3.17242 0.18983 2.91170 3.34470
20.30238 1.23106 19.15700 22.61660
23.12746 2.40036 21.16240 27.84250
4.76969 0.16999 4.50312 4.93101
3.52341 0.00756 3.51076 3.53352
2.26685 0.03803 2.21846 2.30323
2.88852 0.27306 2.34296 3.04335
27.98452 1.54856 26.86900 31.04090
2.77915 0.28613 2.21050 2.97038
5.40717 0.78999 4.47512 6.46802
4.18281 0.13050 3.93875 4.29693
5.61272 0.78564 4.72255 6.51550
6.88175 1.29322 5.60325 8.85495
11.90418 0.75679 10.65760 13.03010
12.16068 0.69011 11.57690 13.08650
