# avg	std	min	max
1.83125 0.00001 1.83124 1.83127
1.12517 0.02582 1.09858 1.16730
0.00015 0.00014 -0.00001 0.00034
-0.60010 0.01062 -0.61945 -0.58733
-0.39564 0.00031 -0.39616 -0.39534
-0.09372 0.04074 -0.14951 -0.02254
0.38600 0.23337 -0.08009 0.51730
0.39238 0.04516 0.31642 0.45734
2.54315 0.09313 2.45384 2.70969
1.80350 0.03031 1.75296 1.82846
0.41740 0.00051 0.41689 0.41832
0.66012 0.00062 0.65957 0.66126
0.41540 0.12680 0.24453 0.52614
0.68280 0.01132 0.66439 0.69971
0.47229 0.03167 0.43144 0.51976
1.44449 0.05720 1.37865 1.55128
1.29793 0.01828 1.27586 1.31705
-0.23185 0.09154 -0.35927 -0.07990
-0.63804 0.43186 -1.48318 -0.26305
0.61134 0.02459 0.58592 0.65826
