# avg	std	min	max
1.29558 0.01589 1.27136 1.32099
0.17603 0.01333 0.16103 0.20040
0.00851 0.00899 0.00000 0.01961
-0.79077 0.15152 -0.98238 -0.64985
-0.60420 0.00817 -0.61959 -0.59550
-0.66546 0.02912 -0.70476 -0.62247
-0.58443 0.00643 -0.59219 -0.57710
-0.09321 0.04373 -0.12926 -0.01249
2.32493 0.06348 2.24600 2.41453
0.53189 0.01242 0.50956 0.54441
0.19857 0.00311 0.19665 0.20469
0.75858 0.15205 0.45755 0.87213
-0.87714 0.10159 -1.07949 -0.81288
0.63216 0.00375 0.62799 0.63922
0.11014 0.13122 -0.00663 0.32725
1.37762 0.03290 1.32548 1.42659
0.68273 0.00845 0.66976 0.69640
-0.20308 0.00590 -0.21312 -0.19803
-1.03518 0.03897 -1.07839 -0.96861
0.36739 0.00887 0.35803 0.38246
