# avg	std	min	max
3.19565 0.00876 3.17825 3.20163
1.91247 0.01564 1.89217 1.93601
-0.02698 0.01610 -0.04816 -0.00000
2.07847 1.01399 1.53363 4.10576
0.98989 0.07163 0.90963 1.09724
3.53616 1.00684 2.39373 5.28271
18.63946 0.70354 17.77630 19.72870
26.01036 2.12067 22.47790 28.28430
5.40961 0.00715 5.40240 5.42313
3.28018 0.02784 3.24550 3.33020
1.83195 0.01147 1.81805 1.84864
2.60562 0.02598 2.57828 2.64792
27.74768 1.52438 25.97920 30.53050
2.73032 0.05232 2.66442 2.82547
8.36306 0.33067 7.97407 8.79276
3.89790 0.06603 3.80660 3.98514
7.77603 0.92512 6.40838 9.29633
8.66383 0.74300 7.71447 9.58205
10.88464 2.01049 8.66361 14.47770
13.82912 0.03088 13.78980 13.87870
