# avg	std	min	max
5.17989 0.02944 5.14307 5.20870
3.55163 0.01699 3.52060 3.57117
-0.00495 0.01088 -0.02623 0.00425
1.39537 0.30065 0.82501 1.69190
-0.41060 0.03289 -0.44603 -0.36262
1.99502 0.55023 1.32715 2.65847
9.65594 1.59976 7.43684 12.24940
22.75596 1.77237 19.99670 25.51280
2.16043 0.02821 2.11169 2.19682
4.34238 0.22645 3.89093 4.48069
2.35759 0.00703 2.34935 2.36728
2.36777 0.00934 2.35060 2.37868
12.54142 1.46455 10.24740 14.32840
3.34422 0.74729 1.96826 3.89011
4.38207 0.93799 3.21101 5.25870
3.81398 0.19811 3.68618 4.20739
3.97795 0.59266 3.54824 5.12141
4.78815 1.59204 3.11440 6.80556
11.14647 1.81281 9.05348 13.85960
8.51958 0.67260 7.34176 9.33633
