# avg	std	min	max
-0.22666 0.00543 -0.23351 -0.21732
0.07399 0.00537 0.06689 0.08167
1.40556 0.06077 1.28433 1.44293
0.07949 0.02301 0.05573 0.10902
1.18838 0.12114 1.10226 1.41496
0.04537 0.05619 -0.00377 0.15423
-0.03872 0.00469 -0.04378 -0.03146
-0.07575 0.15739 -0.18626 0.23370
1.67385 0.14854 1.47791 1.87029
0.02276 0.06281 -0.03235 0.13983
0.44137 0.06682 0.36904 0.54436
0.10796 0.08349 0.01427 0.22694
-0.00202 0.00819 -0.00962 0.01276
-0.05016 0.08814 -0.20074 0.06431
-0.12280 0.02437 -0.14430 -0.08848
-0.73272 0.13375 -0.85784 -0.49940
-0.20198 0.01175 -0.21667 -0.18865
-0.04056 0.10175 -0.17143 0.05144
-0.08720 0.25209 -0.44805 0.24411
0.35155 0.14780 0.05611 0.43257
