# avg	std	min	max
4.87647 0.02577 4.85088 4.91096
3.18029 0.02304 3.15522 3.22049
3.76850 0.22702 3.38287 4.02846
2.53052 0.47222 1.92835 3.37936
4.35741 0.37457 3.80615 4.73454
1.40577 0.23892 1.12569 1.75616
1.53620 0.01063 1.51521 1.54458
4.09397 1.27617 3.31943 6.64186
7.45070 0.04349 7.36648 7.49201
3.91890 0.03578 3.87700 3.98443
3.54829 0.03979 3.49110 3.60147
3.55667 0.02766 3.50579 3.58935
0.01283 0.02494 -0.00952 0.06128
4.25660 0.00900 4.24138 4.26825
3.26260 0.08895 3.17977 3.43313
5.02561 0.17560 4.84407 5.26138
4.34600 0.42815 4.06689 5.19959
2.79587 0.44231 2.00698 3.22401
4.87087 0.74861 3.67497 5.96363
2.77616 0.02843 2.74823 2.81299
