# avg	std	min	max
7.03861 0.12429 6.87608 7.18997
5.29432 0.13777 5.08046 5.50935
3.31712 0.09718 3.15557 3.45597
3.54695 0.58325 2.74148 4.31884
3.39952 0.56693 3.00340 4.49992
2.32931 0.11137 2.22198 2.47283
0.80388 0.08813 0.68906 0.93251
3.13212 0.87008 2.04697 4.01435
8.51548 0.06749 8.41053 8.58273
5.80897 0.13517 5.60998 6.00030
4.13179 0.10352 4.03166 4.30415
4.88017 0.10411 4.75166 5.03509
-0.00339 0.00788 -0.01876 0.00277
4.87807 0.10382 4.74162 4.97135
4.66842 0.11634 4.50709 4.85461
6.85872 0.11304 6.68808 7.02240
6.30236 0.07409 6.20943 6.39075
5.06896 0.11025 4.90296 5.18608
5.77202 0.11959 5.62658 5.93490
4.14812 0.32105 3.84332 4.75365
