# avg	std	min	max
4.24401 0.03530 4.19119 4.28406
3.15460 0.10939 3.01833 3.24436
2.13934 0.03841 2.09668 2.19141
0.94024 0.01710 0.92457 0.96474
2.40377 0.10513 2.27622 2.58374
0.57288 0.03949 0.53071 0.64499
-0.54985 0.01630 -0.56300 -0.52229
-0.00706 0.02243 -0.01973 0.03777
5.23600 0.14976 5.01609 5.48470
4.06075 0.11097 3.99281 4.28146
3.26596 0.02701 3.23740 3.30683
2.43708 0.01492 2.40731 2.44559
0.00984 0.01969 -0.00000 0.04922
3.18214 0.09116 3.11017 3.36151
3.07666 0.02536 3.04299 3.11117
3.91771 0.01462 3.89863 3.94344
3.49917 0.04292 3.44221 3.56371
2.11186 0.15979 1.86745 2.28623
2.39848 0.03210 2.35804 2.45608
2.19083 0.03568 2.14201 2.24411
