# avg	std	min	max
1.31946 0.00000 1.31946 1.31946
0.00000 0.00000 0.00000 0.00000
2.30502 0.07643 2.15221 2.34507
1.32528 1.15527 -0.47347 3.17891
3.22993 0.20147 3.06408 3.50247
-0.29983 0.35726 -0.73544 0.15237
11.16335 1.29731 9.57625 13.21520
20.03054 1.44935 17.71860 21.71960
6.85306 0.12548 6.63256 6.96030
0.48448 0.00038 0.48389 0.48488
1.46954 0.10273 1.40703 1.67403
0.55036 0.06887 0.45061 0.66725
10.26409 1.31228 8.68258 12.31110
2.82803 0.99030 0.95902 3.82435
1.79607 0.26989 1.50436 2.26962
3.44775 0.26716 3.03315 3.87228
3.02854 0.08943 2.88245 3.12318
2.54060 0.20279 2.21384 2.82411
1.80497 0.48019 1.13121 2.60132
14.82540 1.25753 12.82690 16.16100
