# avg	std	min	max
1.80143 0.03708 1.78289 1.87558
0.00000 0.00000 0.00000 0.00000
0.15327 0.76602 -0.34351 1.67928
-0.84715 0.45719 -1.11536 0.06505
0.42714 0.11026 0.22356 0.55960
-0.49082 0.25170 -0.78897 -0.13441
-2.11863 0.50629 -2.80477 -1.46942
2.47867 1.26391 0.31541 3.81402
4.15396 0.26094 3.77942 4.46979
1.03214 0.10233 0.82943 1.10980
1.61950 0.20237 1.46911 2.01105
0.88522 0.18197 0.77314 1.24786
-0.20342 0.29953 -0.53290 0.33544
0.09606 0.70391 -0.42654 1.37030
0.52769 0.37875 -0.10572 0.94193
0.48448 0.06451 0.39239 0.58822
0.46478 0.22228 0.22047 0.83423
0.57872 0.33318 0.12959 1.07528
1.24219 0.36258 0.91995 1.92142
1.17229 0.08334 1.05671 1.26529
