# avg	std	min	max
2.23744 0.00000 2.23744 2.23744
0.00000 0.00000 0.00000 0.00000
-1.18462 0.10370 -1.39142 -1.12471
-1.09340 1.18335 -2.38983 1.14335
-0.83431 0.43098 -1.64552 -0.38402
0.45503 1.79970 -1.53613 2.70976
7.93409 0.61809 7.18959 8.71147
17.37438 3.39661 11.39690 21.08110
4.19857 0.02550 4.16818 4.23997
0.59276 0.00025 0.59259 0.59325
-0.12133 0.00073 -0.12202 -0.12021
0.01462 0.00118 0.01315 0.01578
15.07848 0.66947 14.12570 15.87810
1.29684 0.21444 1.10332 1.68582
4.16834 0.77198 3.19714 5.37358
4.05757 0.56089 3.21086 4.82410
4.18327 0.39382 3.56965 4.53425
6.17152 0.73146 5.28763 7.01142
5.76556 2.44514 1.85474 8.75412
7.43128 0.92545 5.60400 8.07603
