# avg	std	min	max
1.92047 0.00000 1.92046 1.92047
0.00000 0.00000 0.00000 0.00000
2.94767 0.59155 2.17056 3.83287
4.74709 0.47835 3.94262 5.36280
6.58816 0.78501 5.50953 7.56354
5.36942 0.69033 4.46048 6.51051
12.51322 2.65383 9.06176 15.66070
19.99102 4.12486 14.13190 25.21610
2.08213 0.55820 1.42784 2.90254
1.72484 0.43530 1.32358 2.46432
3.23111 0.64298 2.38385 4.16028
2.16545 0.30101 1.61456 2.52915
13.86600 1.88006 10.90840 16.07520
6.08314 0.12763 5.87074 6.25075
7.81092 1.77706 5.13611 9.95571
10.77234 0.32477 10.34420 11.24750
9.75863 1.48283 8.13057 12.11910
7.84155 1.60230 5.49336 9.66674
9.23535 2.28414 6.45281 12.98730
15.48312 0.48897 14.81680 16.25050
