# avg	std	min	max
0.04139 0.00000 0.04139 0.04139
0.00000 0.00000 0.00000 0.00000
-0.02767 0.00492 -0.03679 -0.02217
-0.07074 0.01360 -0.08416 -0.05123
-0.17920 0.00693 -0.18756 -0.16914
-0.21775 0.02381 -0.26293 -0.19359
-0.62509 0.00312 -0.62791 -0.61902
-0.25754 0.02969 -0.30046 -0.23070
3.33789 0.10585 3.20305 3.45340
0.00332 0.00117 0.00200 0.00550
-0.08263 0.00006 -0.08272 -0.08256
-0.13706 0.02203 -0.15086 -0.09321
-0.53768 0.00596 -0.54416 -0.53004
0.38538 0.00976 0.37726 0.40403
-0.30553 0.01241 -0.32833 -0.29160
0.32400 0.00093 0.32222 0.32493
-0.29186 0.02325 -0.32135 -0.26544
-0.39426 0.04943 -0.46507 -0.32177
-1.36669 0.34774 -1.79430 -1.02072
0.08078 0.00157 0.07906 0.08353
