# avg	std	min	max
1.48351 0.00000 1.48351 1.48351
0.00000 0.00000 0.00000 0.00000
5.26211 0.34167 4.81780 5.70568
11.57600 0.16421 11.37180 11.84650
6.78043 1.40019 5.56032 9.38675
10.62745 1.44663 7.84274 11.85710
22.15938 0.72131 21.55980 23.55830
31.33018 5.11491 24.39140 38.08880
-1.95264 0.02233 -1.97699 -1.91245
2.30887 0.14908 2.17673 2.49680
6.89361 0.09745 6.71789 7.00412
2.99514 0.07280 2.93319 3.12315
23.03824 0.81930 22.26660 24.60260
7.90484 1.40030 5.99779 9.25583
11.09862 1.13624 9.44700 12.81850
5.84864 1.21645 4.10334 7.12951
12.45340 0.59359 11.53800 13.14890
12.33600 0.85292 11.47130 13.70490
13.55628 0.64216 12.68920 14.60860
23.41434 4.75902 13.98200 26.65950
