# avg	std	min	max
-1.22069 0.00000 -1.22069 -1.22069
0.00000 0.00000 0.00000 0.00000
1.41703 0.00430 1.41033 1.42257
-0.37746 0.30423 -0.55998 0.23017
0.48181 0.01702 0.46290 0.50885
0.37347 0.13742 0.19722 0.55286
-0.46518 0.00916 -0.47229 -0.44748
0.91554 0.00876 0.90655 0.93109
5.35510 0.33139 4.94703 5.81720
0.63005 0.00642 0.61722 0.63369
3.01719 0.64791 2.22329 3.55661
-0.77226 0.00694 -0.77895 -0.75916
-0.21552 0.00248 -0.21763 -0.21086
-0.03991 0.00680 -0.05266 -0.03224
2.14668 0.16529 1.94861 2.32068
1.10856 0.00236 1.10440 1.11148
2.75151 0.47468 2.16823 3.18701
0.90246 0.18438 0.69553 1.20746
0.47423 0.02466 0.44660 0.51226
0.94708 0.03100 0.92478 1.00781
