# avg	std	min	max
1.79080 0.00000 1.79080 1.79080
0.00000 0.00000 0.00000 0.00000
5.66132 0.11321 5.49458 5.80880
8.61521 1.24472 7.37242 10.63010
4.51130 0.10948 4.30789 4.63572
7.42148 1.79634 4.32832 9.20041
23.32606 7.34210 13.78790 31.84070
24.34958 5.20142 18.76480 33.67320
7.09374 1.28562 5.40046 8.49480
1.17425 0.01350 1.15923 1.19446
4.76345 0.55277 4.31057 5.68490
2.93372 0.89711 1.45478 4.28111
19.07060 7.96195 12.50920 34.70170
9.51575 0.75092 8.68330 10.90170
11.21286 3.19354 5.51660 15.30240
10.20711 2.78807 6.00451 12.83320
11.18411 2.40313 6.55513 13.26830
9.91377 3.91996 5.47870 14.65910
10.80821 4.41536 6.69534 16.27640
26.82270 1.40230 24.76430 29.00580
