# avg	std	min	max
1.58172 0.04062 1.53477 1.63088
0.00000 0.00000 0.00000 0.00000
-1.18033 0.11489 -1.32340 -1.06186
-1.81068 0.01772 -1.84540 -1.79527
-1.58596 0.03271 -1.62838 -1.53745
-1.98652 0.00788 -1.99258 -1.97175
-1.10595 0.35291 -1.61042 -0.70322
-0.21299 0.87882 -1.95417 0.39741
-2.15256 0.11436 -2.35809 -2.03437
1.26642 0.00186 1.26491 1.26885
0.73287 0.01027 0.72701 0.75334
0.05007 0.00756 0.04145 0.06130
-0.63513 0.31312 -0.95107 -0.07922
0.51464 0.25270 0.02311 0.70862
-0.42427 0.00123 -0.42583 -0.42220
-0.08000 0.19983 -0.44938 0.13738
-0.49256 0.01494 -0.50861 -0.46585
-0.45688 0.11889 -0.59576 -0.27526
0.60509 0.08084 0.53039 0.75451
0.31744 0.01384 0.29371 0.33156
