# avg	std	min	max
2.02757 0.00162 2.02676 2.03082
0.00000 0.00000 0.00000 0.00000
-0.18302 0.33570 -0.68306 0.19733
3.36400 0.99232 2.49241 5.02507
3.18636 0.60339 2.23682 4.13314
5.18979 0.71675 3.94598 6.09032
13.88124 0.66546 12.89110 14.61260
24.05934 2.82507 20.21000 27.10690
4.43959 0.18343 4.09212 4.60993
0.70729 0.00011 0.70712 0.70743
0.96507 0.34283 0.66488 1.57633
1.29135 0.03810 1.25331 1.35549
15.09016 0.50629 14.29130 15.80300
2.16695 0.02416 2.14391 2.20965
5.46681 1.02185 4.52823 7.33201
2.84929 0.04603 2.81733 2.93905
7.79721 1.18480 5.77361 9.17554
6.00536 1.03705 4.16198 7.06149
9.44567 1.35825 7.02646 10.92060
12.01720 0.76353 11.16280 12.94140
