# avg	std	min	max
-0.23183 0.00292 -0.23415 -0.22723
0.00000 0.00000 0.00000 0.00000
3.22799 0.12212 2.98423 3.29733
1.22073 0.00891 1.21075 1.23151
2.90094 0.00426 2.89705 2.90616
1.22832 0.01213 1.20602 1.23858
1.22901 0.00372 1.22515 1.23473
1.42325 0.01117 1.40827 1.43649
4.66581 0.54530 4.05581 5.49257
1.70378 0.00000 1.70378 1.70379
3.31256 0.10122 3.18545 3.49681
1.28911 0.00415 1.28270 1.29505
1.28621 0.00879 1.27330 1.29961
1.47517 0.08316 1.30897 1.52273
1.07989 0.06173 1.02675 1.18049
1.50157 0.00337 1.49718 1.50435
0.89455 0.09751 0.80169 1.03190
1.04089 0.05075 0.96416 1.12219
0.44766 0.04954 0.38659 0.52524
1.59921 0.01474 1.58091 1.61741
