# avg	std	min	max
0.53853 0.00020 0.53836 0.53877
0.00000 0.00000 0.00000 0.00000
0.13266 0.01122 0.11393 0.14887
-0.54002 0.02097 -0.58181 -0.52616
-0.71075 0.00272 -0.71433 -0.70664
-0.94275 0.02293 -0.97654 -0.91813
-0.52109 0.00093 -0.52240 -0.51998
-1.26387 0.05460 -1.29963 -1.15751
-1.45350 0.00982 -1.46772 -1.43905
0.33199 0.00021 0.33182 0.33240
0.22795 0.00262 0.22484 0.23222
0.47049 0.01867 0.44687 0.50188
-0.47794 0.00309 -0.47981 -0.47179
0.26674 0.00037 0.26630 0.26739
-0.51742 0.22567 -0.63356 -0.06613
-1.07495 0.00975 -1.09170 -1.06289
-0.50772 0.00625 -0.51803 -0.49982
-0.27846 0.08289 -0.32673 -0.11291
-0.05920 0.00654 -0.07054 -0.05080
0.13520 0.00042 0.13439 0.13559
