# avg	std	min	max
1.38598 0.09452 1.21695 1.49202
0.00000 0.00000 0.00000 0.00000
3.11511 0.12554 2.94509 3.33368
3.49158 1.38947 1.11635 5.34011
4.58588 0.49282 3.76960 5.24100
3.12160 1.22118 1.39578 4.21474
15.61710 2.69555 12.45560 19.90530
22.04830 3.27689 19.67260 28.55380
5.32792 1.02672 4.49817 7.25865
0.60014 0.02759 0.56325 0.64175
2.29957 0.48830 1.41588 2.74322
0.91044 0.40074 0.52686 1.68716
20.60120 1.05943 18.64260 21.67130
4.23175 0.41556 3.70662 4.69720
6.40808 0.92072 5.32523 7.52369
9.68001 1.32538 7.19384 10.60640
9.39971 1.12318 8.06025 11.14540
8.17774 1.64608 5.45278 10.02510
9.44294 4.39150 6.71818 18.17850
17.27560 3.59004 12.50980 22.50680
