# avg	std	min	max
0.85699 0.00000 0.85699 0.85699
0.00000 0.00000 0.00000 0.00000
0.30510 0.02170 0.27911 0.33239
-0.14519 0.02112 -0.17136 -0.11976
-0.21583 0.03088 -0.24289 -0.16209
-0.39494 0.05196 -0.49848 -0.36278
-0.37634 0.01146 -0.39107 -0.36102
-0.39742 0.01385 -0.41153 -0.37092
3.27825 0.03864 3.21341 3.31241
0.06866 0.00005 0.06859 0.06872
0.60443 0.01446 0.58660 0.62001
0.71141 0.00154 0.71053 0.71448
-0.25672 0.01448 -0.27830 -0.24033
0.07607 0.01257 0.06529 0.10058
-0.24209 0.03408 -0.28580 -0.18478
0.51291 0.00701 0.50685 0.52172
0.19824 0.03330 0.15394 0.23768
-0.18012 0.01752 -0.20929 -0.16211
-0.58471 0.02703 -0.61091 -0.53929
0.21904 0.02352 0.20055 0.26030
