# avg	std	min	max
1.00617 0.01398 0.98276 1.02682
0.00000 0.00000 0.00000 0.00000
1.15100 0.02647 1.10856 1.18385
-0.21900 0.04262 -0.25041 -0.13692
0.78194 0.05168 0.68377 0.83391
-0.31529 0.03081 -0.36030 -0.26541
-0.05199 0.03654 -0.08978 0.01735
-0.18280 0.02263 -0.22156 -0.15331
4.03100 0.16345 3.77628 4.26873
0.19561 0.00019 0.19541 0.19596
1.89992 0.24703 1.40699 2.05542
0.97035 0.00004 0.97030 0.97038
-0.15730 0.02436 -0.19403 -0.12944
0.86995 0.02221 0.82635 0.88746
-0.03237 0.00556 -0.03698 -0.02276
0.36270 0.01576 0.33877 0.38043
-0.20061 0.03635 -0.25307 -0.15850
0.06345 0.02755 0.04251 0.11770
0.27531 0.07661 0.18520 0.36973
0.76782 0.00100 0.76668 0.76952
