# avg	std	min	max
1.17861 0.00011 1.17840 1.17868
0.00000 0.00000 0.00000 0.00000
-0.15200 0.33094 -0.81046 0.03434
-1.60924 0.30968 -2.22476 -1.41891
-0.85360 0.39870 -1.49186 -0.32252
-1.84173 0.27162 -2.36741 -1.64655
4.79021 3.06217 2.41243 10.21850
4.41755 2.66142 0.63396 8.64299
9.30484 0.14931 9.01652 9.43817
1.17783 0.00017 1.17751 1.17801
0.57687 0.06634 0.54182 0.70952
0.42805 0.00005 0.42799 0.42811
7.37962 2.27964 3.02215 9.61674
1.11291 1.25556 -0.11651 3.46111
0.13274 0.20543 -0.27777 0.25072
1.95611 0.58646 1.06723 2.83874
-0.62237 0.27220 -0.96316 -0.24771
0.18176 0.12257 0.07440 0.37528
0.23219 0.28919 -0.15390 0.62337
7.74958 1.13738 6.67248 9.20073
