# avg	std	min	max
0.62330 0.00000 0.62330 0.62330
0.00000 0.00000 0.00000 0.00000
0.08386 0.00198 0.07991 0.08494
-0.48705 0.02434 -0.50491 -0.44041
-0.56638 0.00669 -0.57968 -0.56212
-0.62619 0.08924 -0.74565 -0.51100
-0.48216 0.02351 -0.52036 -0.44829
-0.47661 0.01004 -0.49346 -0.46323
3.62338 0.23526 3.25686 3.82746
0.90014 0.01228 0.88479 0.91098
0.55689 0.00017 0.55672 0.55710
0.86084 0.00006 0.86078 0.86096
-0.37532 0.02200 -0.40855 -0.34443
0.09380 0.00488 0.08779 0.10010
0.17635 0.00811 0.17083 0.19229
0.21720 0.01414 0.20382 0.24352
-0.22567 0.01581 -0.24727 -0.20037
-0.05741 0.00835 -0.06743 -0.04266
-0.03705 0.04675 -0.12726 0.00885
0.21805 0.00549 0.21213 0.22717
