# avg	std	min	max
0.66115 0.01696 0.64826 0.69463
0.00000 0.00000 0.00000 0.00000
0.45236 0.00548 0.44358 0.45678
-0.29960 0.01996 -0.32243 -0.26893
-0.08127 0.00040 -0.08183 -0.08079
-0.79507 0.10750 -0.93246 -0.62450
-0.30845 0.06101 -0.41469 -0.24178
-0.18939 0.08184 -0.26170 -0.03467
-0.00921 0.15658 -0.18882 0.24959
0.54963 0.00007 0.54956 0.54975
0.54299 0.00156 0.54156 0.54525
0.74197 0.00866 0.73714 0.75927
0.02863 0.05520 -0.03873 0.11993
0.58510 0.03615 0.53098 0.63841
-0.12708 0.22525 -0.39400 0.25896
0.34268 0.02656 0.31241 0.39018
0.06513 0.02488 0.02322 0.09057
-0.00137 0.05539 -0.08317 0.08900
0.29632 0.02540 0.24702 0.31594
0.64967 0.09759 0.55445 0.83637
