# avg	std	min	max
1.18111 0.00000 1.18111 1.18111
0.00000 0.00000 0.00000 0.00000
0.35841 0.00319 0.35445 0.36246
-0.31933 0.00992 -0.32588 -0.29979
-0.21074 0.00066 -0.21186 -0.20991
-0.31021 0.03216 -0.36850 -0.28214
0.03035 0.00234 0.02734 0.03269
0.00299 0.08086 -0.09501 0.09449
2.99837 0.02538 2.96732 3.03725
0.27327 0.00010 0.27314 0.27342
0.80344 0.00060 0.80279 0.80445
0.83201 0.00128 0.82958 0.83342
0.06324 0.00525 0.05960 0.07341
0.08920 0.00153 0.08769 0.09139
-0.25977 0.00353 -0.26664 -0.25688
0.53123 0.01491 0.51217 0.54877
0.12071 0.00492 0.11186 0.12519
-0.03328 0.00439 -0.03797 -0.02628
0.01246 0.07655 -0.11349 0.12573
0.35677 0.05344 0.31579 0.45170
