# avg	std	min	max
1.39805 0.00000 1.39805 1.39805
0.00000 0.00000 0.00000 0.00000
0.43680 0.38563 0.21310 1.20262
-0.69828 0.44887 -1.48177 -0.18298
-0.52494 0.24420 -0.72717 -0.14521
-1.29941 0.39344 -1.87634 -0.66942
-0.66074 0.46586 -1.09993 -0.03034
-0.08032 0.32377 -0.59425 0.21942
3.07979 0.20600 2.83526 3.33163
0.46578 0.00058 0.46537 0.46692
0.69259 0.22340 0.50818 0.98516
1.18788 0.09402 0.99985 1.23597
-0.40066 0.38215 -0.80824 0.30897
-0.13873 0.11917 -0.29807 -0.01540
0.62523 0.15647 0.42114 0.89575
1.79823 0.27767 1.63196 2.35279
1.16064 0.13987 0.98985 1.35578
1.76266 1.75874 -0.17306 4.26500
0.26824 0.46688 -0.54781 0.85808
0.56450 0.51535 -0.16030 1.41439
