# avg	std	min	max
0.23066 0.00000 0.23066 0.23066
0.00000 0.00000 0.00000 0.00000
0.03138 0.00133 0.03031 0.03378
-0.61271 0.31570 -1.04504 -0.28931
-0.64635 0.00462 -0.65082 -0.64019
-1.19068 0.10275 -1.29978 -1.01789
-0.12526 0.11120 -0.34736 -0.06377
0.32282 0.02989 0.26763 0.35087
0.50981 0.52406 -0.53759 0.78707
-0.30431 0.00020 -0.30448 -0.30396
0.26334 0.00009 0.26322 0.26347
-0.53661 0.00000 -0.53662 -0.53661
-0.18613 0.18923 -0.46808 0.02576
-0.69712 0.09762 -0.77059 -0.50745
-0.70181 0.01814 -0.72317 -0.67689
0.02090 0.00695 0.01737 0.03480
-0.42313 0.04378 -0.44725 -0.33563
-0.43302 0.04911 -0.49346 -0.34319
-0.31518 0.02399 -0.33971 -0.28286
0.17849 0.35086 -0.50589 0.40029
