# avg	std	min	max
1.46808 0.01362 1.45743 1.49474
-0.26903 0.00776 -0.28122 -0.25768
1.69191 0.01242 1.67509 1.71086
0.37912 0.56580 -0.38274 1.31836
3.78357 0.01234 3.76188 3.79617
1.27255 1.25370 0.52766 3.76609
5.56970 1.05389 3.78033 6.74584
15.10706 1.19814 13.01350 16.41020
4.49073 0.04225 4.41246 4.52946
1.06201 0.07842 0.96957 1.16262
0.75798 0.00681 0.74653 0.76729
-0.03125 0.00837 -0.04794 -0.02639
12.96927 3.40677 9.11872 17.29090
1.18511 0.35974 0.54307 1.47051
3.17912 0.69792 2.52457 4.40186
3.44261 0.02080 3.42218 3.47047
3.26798 0.51760 2.88621 4.25873
7.33087 1.08847 5.44552 8.71435
8.66590 2.76824 4.73407 11.19680
6.96929 0.77158 5.55375 7.87539
