# avg	std	min	max
2.09862 0.00033 2.09818 2.09905
0.49648 0.00038 0.49614 0.49710
0.63545 0.18181 0.31610 0.83866
0.58271 0.54857 -0.34560 1.21365
-0.23376 0.18359 -0.50440 0.06924
-0.80177 0.10549 -0.93052 -0.62992
5.34552 1.53165 3.35619 7.33142
8.04410 2.96277 4.82318 13.53590
4.54344 0.19424 4.36301 4.88399
1.88890 0.00390 1.88228 1.89454
-1.30221 0.03755 -1.34860 -1.23895
-0.00047 0.00035 -0.00091 -0.00000
10.09980 1.90548 6.51400 11.77910
2.58099 0.04482 2.50175 2.63372
3.96981 0.82889 2.56989 5.15598
3.04124 0.00234 3.03695 3.04335
4.68747 0.42779 3.87286 5.13602
2.37738 1.20452 1.32373 4.70145
6.18353 2.32541 2.59423 9.46189
4.29811 0.82072 3.12595 5.09927
