# avg	std	min	max
3.27492 0.08554 3.22472 3.44558
3.74051 0.01016 3.73090 3.75969
2.92849 0.01006 2.91113 2.93842
2.76470 0.11109 2.60581 2.88587
2.57046 0.01690 2.55579 2.59766
2.73498 0.22852 2.52352 3.12203
2.17091 0.26964 1.81891 2.57884
2.63449 0.15135 2.46471 2.88132
3.04691 0.53717 2.04646 3.51673
2.41987 0.47235 1.87720 3.28632
2.54279 0.01271 2.52794 2.56570
2.86919 0.46625 2.16678 3.26035
2.38748 0.25439 1.92593 2.68373
0.43863 0.16439 0.25746 0.70635
3.37392 0.00743 3.36553 3.38785
-0.01696 0.01603 -0.03997 0.00000
1.89279 0.11231 1.73321 2.08174
2.53588 0.31171 2.16922 2.91132
2.57713 0.07494 2.49429 2.71143
3.46420 0.09592 3.32166 3.59794
