# avg	std	min	max
1.13538 0.04762 1.08458 1.22272
1.46262 0.04085 1.39498 1.51150
0.92277 0.11135 0.79594 1.08974
0.52125 0.11414 0.43933 0.74154
0.67308 0.02956 0.62192 0.71141
1.57420 0.04613 1.49907 1.64362
-0.41386 0.20683 -0.73477 -0.17360
0.50189 0.08119 0.41142 0.62470
2.67393 0.15361 2.38267 2.82728
1.15350 0.05860 1.09605 1.25540
0.96932 0.06568 0.88931 1.06518
1.26695 0.06464 1.20366 1.39010
0.31988 0.07686 0.18113 0.41178
1.07948 0.05876 1.01529 1.18673
0.27823 0.04476 0.22156 0.32697
-0.00331 0.00058 -0.00360 -0.00214
0.56414 0.10092 0.36666 0.64097
0.47628 0.32294 -0.01544 0.81806
0.41754 0.23347 0.04073 0.63535
1.35481 0.09265 1.18136 1.43950
