# avg	std	min	max
0.32157 0.12951 0.08806 0.45574
-0.61784 0.05141 -0.71683 -0.57652
-0.23227 0.00838 -0.24057 -0.21941
-1.28662 0.27671 -1.83942 -1.13460
-0.81719 0.06673 -0.92468 -0.72960
-1.43480 0.27278 -1.86180 -1.09732
-0.49380 0.02532 -0.52697 -0.45709
-0.28469 0.03286 -0.31864 -0.22186
2.87881 0.24082 2.39733 3.00559
-0.48682 0.00342 -0.49066 -0.48095
0.14370 0.02482 0.10746 0.17463
0.02486 0.00677 0.01778 0.03330
-0.26944 0.06304 -0.38150 -0.20036
-0.33168 0.01618 -0.35190 -0.30252
-0.47010 0.04364 -0.53348 -0.41956
-0.00789 0.00503 -0.01485 -0.00062
-0.68564 0.11629 -0.82658 -0.53997
-0.95464 0.02329 -0.98210 -0.91363
-0.54511 0.07497 -0.62600 -0.40604
0.26311 0.13133 0.09494 0.37836
