# avg	std	min	max
0.42503 0.01207 0.40495 0.44093
-0.05707 0.04945 -0.15594 -0.02994
0.59977 0.01109 0.58166 0.61558
-0.66283 0.00996 -0.67610 -0.64572
-0.11536 0.03954 -0.16264 -0.05344
-0.62105 0.03776 -0.69605 -0.59509
-0.70600 0.01620 -0.73380 -0.68814
-0.52838 0.01032 -0.54256 -0.51299
-0.69401 0.09505 -0.84764 -0.58475
-0.82160 0.00243 -0.82348 -0.81682
-0.50861 0.01605 -0.51975 -0.47806
0.02173 0.00877 0.00477 0.02871
-0.66157 0.01169 -0.67729 -0.64570
0.13464 0.00222 0.13120 0.13758
-0.13905 0.01551 -0.16631 -0.12107
-0.00266 0.00188 -0.00491 -0.00012
-0.22667 0.00887 -0.24098 -0.21513
-0.60921 0.03456 -0.67103 -0.57004
-0.78502 0.10192 -0.90779 -0.67762
0.01236 0.01179 -0.00053 0.02695
