# avg	std	min	max
0.42632 0.07255 0.31352 0.53606
-0.43197 0.02616 -0.46059 -0.39445
-0.16945 0.04915 -0.24885 -0.09703
-0.57322 0.03360 -0.62208 -0.53402
-0.80984 0.15288 -0.99021 -0.60555
-1.01686 0.08640 -1.10426 -0.89737
-0.42276 0.06419 -0.54071 -0.34513
-0.54999 0.04272 -0.60162 -0.47965
1.92470 0.06955 1.79479 1.99156
-0.39714 0.02536 -0.44729 -0.37862
-0.24543 0.16092 -0.45143 -0.08935
0.32933 0.05849 0.25851 0.39271
-0.43694 0.06614 -0.49108 -0.30983
0.38056 0.18401 0.15718 0.63754
-0.49237 0.07369 -0.60200 -0.37511
-0.01309 0.00518 -0.01912 -0.00386
0.26395 0.28367 -0.30308 0.41631
-0.40890 0.20336 -0.66425 -0.14917
-0.31265 0.05472 -0.39911 -0.25720
0.29518 0.24185 0.11561 0.76943
