# avg	std	min	max
0.41234 0.00328 0.40840 0.41824
-1.19132 0.00520 -1.19665 -1.18236
0.96095 0.01045 0.95137 0.97976
0.01797 0.04269 -0.03288 0.07447
0.65372 0.02606 0.61268 0.68447
-0.14587 0.02024 -0.16925 -0.10919
-1.86893 0.05665 -1.96799 -1.80205
-0.01866 0.04593 -0.08940 0.05517
2.04063 0.12034 1.93463 2.24901
0.41086 0.01901 0.37465 0.42888
0.96170 0.01502 0.94549 0.98560
0.19452 0.00161 0.19271 0.19732
-1.84388 0.04557 -1.91192 -1.78742
0.10031 0.00675 0.09111 0.11092
-0.03021 0.14813 -0.23050 0.17505
0.00293 0.00908 -0.00340 0.02072
0.06029 0.13485 -0.18591 0.18972
-0.33301 0.04696 -0.39977 -0.26185
-0.25899 0.10690 -0.47231 -0.19533
0.12764 0.01821 0.10085 0.15081
