# avg	std	min	max
-1.59770 0.06451 -1.68470 -1.50209
0.85989 0.04931 0.82046 0.95692
2.05648 0.05230 1.96585 2.10954
0.26505 0.06212 0.20172 0.37706
1.56230 0.03999 1.51467 1.62747
0.00092 0.05794 -0.06735 0.08081
0.08446 0.10040 -0.05442 0.20874
0.22912 0.07839 0.14129 0.33554
6.66583 0.20633 6.39650 6.98733
0.40672 0.02503 0.36995 0.44646
0.59972 0.17108 0.26051 0.71654
0.54254 0.04066 0.49737 0.59490
0.18448 0.10545 0.02570 0.30239
0.38459 0.25962 0.03513 0.61606
0.27843 0.06763 0.20689 0.40170
-0.02894 0.03217 -0.07231 0.01397
0.16669 0.16998 -0.14932 0.34630
0.25608 0.02633 0.23075 0.29359
-1.18562 0.17537 -1.51775 -1.01868
0.60011 0.11313 0.37684 0.68661
