# avg	std	min	max
0.51590 0.00901 0.49915 0.52653
-0.41354 0.00344 -0.41525 -0.40666
-0.43293 0.00806 -0.44333 -0.42117
-1.01401 0.01393 -1.02401 -0.98649
-1.08857 0.02069 -1.12995 -1.07785
-1.16785 0.03224 -1.22605 -1.13516
-1.05146 0.00113 -1.05246 -1.04942
-0.99459 0.00742 -1.00652 -0.98448
1.90463 0.23761 1.64697 2.18478
-0.29183 0.00011 -0.29204 -0.29173
-0.40550 0.01119 -0.41874 -0.38813
-0.00697 0.00039 -0.00741 -0.00631
-0.97507 0.01726 -0.98650 -0.94085
-0.45934 0.01014 -0.47816 -0.44830
-0.43512 0.01124 -0.44861 -0.41518
-0.00010 0.00000 -0.00010 -0.00010
-0.48222 0.00681 -0.48793 -0.46899
-0.85150 0.02262 -0.87991 -0.82232
-0.71094 0.01290 -0.72959 -0.69405
-0.40040 0.00351 -0.40742 -0.39848
