# avg	std	min	max
0.89720 0.00838 0.89219 0.91389
-0.13692 0.00065 -0.13738 -0.13573
0.02493 0.03142 -0.01646 0.06226
-0.53549 0.02496 -0.58106 -0.50730
-0.47852 0.01884 -0.50731 -0.45178
-0.92384 0.10159 -1.02258 -0.73461
-0.35354 0.04536 -0.41859 -0.30856
-0.64997 0.02194 -0.69038 -0.62802
2.55265 0.50632 2.10362 3.17244
0.24867 0.00143 0.24670 0.25096
0.20430 0.00506 0.20017 0.21393
0.28685 0.02532 0.26362 0.31998
-0.31857 0.02743 -0.34481 -0.27195
-0.67413 0.05808 -0.75424 -0.59275
-0.59689 0.07706 -0.71599 -0.50922
-0.00157 0.00053 -0.00235 -0.00082
-0.13392 0.01058 -0.14438 -0.11996
-0.25605 0.05366 -0.31750 -0.19328
0.09575 0.02948 0.04858 0.13360
0.11779 0.01844 0.09981 0.14537
