# avg	std	min	max
-0.65622 0.04809 -0.71017 -0.58854
-1.60184 0.00158 -1.60313 -1.59981
-0.56900 0.50585 -1.55308 -0.12007
-2.53174 0.24377 -2.73823 -2.05289
-1.98744 0.14230 -2.26975 -1.88212
-3.18510 0.01544 -3.21108 -3.17011
-2.37573 0.03503 -2.42620 -2.32199
-2.62878 0.05733 -2.70000 -2.54853
0.92463 0.07287 0.81492 1.00906
-0.95056 0.29374 -1.09826 -0.36309
-0.81976 0.24320 -1.30605 -0.69186
-1.28027 0.00020 -1.28053 -1.28000
-1.49807 0.12085 -1.62274 -1.26733
-1.29987 0.01221 -1.30978 -1.28246
-0.71289 0.03135 -0.73822 -0.65158
-0.00339 0.00041 -0.00408 -0.00296
-0.74320 0.60588 -1.49098 -0.19337
-1.48320 0.29969 -1.82159 -1.00686
-0.92322 1.06807 -2.17685 0.44951
-0.57812 0.09751 -0.64912 -0.38625
