# avg	std	min	max
2.49872 0.06728 2.41992 2.59042
0.74480 0.01315 0.72026 0.75751
-0.80072 0.52405 -1.30196 -0.11278
-1.34296 0.08003 -1.45004 -1.21520
-1.33131 0.34307 -1.83880 -0.85709
-1.59623 0.13094 -1.77543 -1.43781
-1.26459 0.13597 -1.36640 -1.00559
-1.09549 0.05067 -1.14498 -1.00610
0.06825 0.15113 -0.05103 0.35553
2.12876 0.02385 2.09542 2.15747
1.58559 0.03193 1.53517 1.62776
1.06688 0.02490 1.03919 1.10592
-0.74474 0.04528 -0.82491 -0.69831
1.69944 0.11842 1.61731 1.93142
-0.04853 0.05597 -0.10174 0.04833
2.12610 0.06618 2.05978 2.22356
-0.04129 0.02064 -0.06864 -0.00597
0.27209 0.10649 0.11321 0.43642
0.82448 0.06758 0.75712 0.94957
0.85680 0.11978 0.72758 1.08054
