# avg	std	min	max
5.52625 0.01132 5.51206 5.53989
4.22616 0.01254 4.21319 4.24577
3.46786 0.04339 3.42308 3.53068
3.02347 0.31312 2.42638 3.32842
2.93106 0.01511 2.90132 2.94306
2.72828 0.27951 2.23020 3.01946
3.76388 0.01549 3.74041 3.78013
3.02094 0.07088 2.95109 3.15172
2.78387 0.02945 2.75891 2.84102
5.13346 0.01099 5.12167 5.15244
4.23424 0.00621 4.22351 4.24109
4.38530 0.10966 4.27894 4.54002
3.98879 0.02513 3.95014 4.01666
4.77418 0.09323 4.60418 4.88828
3.67624 0.25974 3.37066 4.01281
3.40424 0.04084 3.32323 3.43244
-0.11997 0.00000 -0.11997 -0.11997
3.95920 0.04981 3.88806 4.02014
4.15183 0.07873 4.08726 4.30519
5.04653 0.04051 5.00104 5.10516
