# avg	std	min	max
0.58887 0.26275 0.45261 1.11416
0.23239 0.00929 0.22140 0.24270
0.51484 0.00007 0.51474 0.51495
0.32955 0.00707 0.31985 0.33570
0.50230 0.03554 0.43137 0.52441
0.21944 0.03174 0.19681 0.28219
0.04057 0.28904 -0.16348 0.58800
0.22885 0.06257 0.15287 0.33938
-0.63830 0.00299 -0.64123 -0.63461
0.54152 0.29714 0.37902 1.13559
0.19386 0.16893 0.10060 0.53132
0.56894 0.13898 0.49434 0.84647
0.25793 0.01449 0.24054 0.27727
-0.01544 0.07375 -0.07572 0.08410
0.15722 0.22939 -0.02924 0.55406
0.13729 0.00794 0.13169 0.15237
0.00000 0.00000 0.00000 0.00000
0.32967 0.02305 0.28922 0.35609
0.01305 0.05212 -0.08909 0.04716
0.08744 0.03457 0.03166 0.13856
