# avg	std	min	max
0.76458 0.00361 0.75981 0.76929
-0.04727 0.00129 -0.04974 -0.04619
0.19048 0.01820 0.16264 0.21408
-0.55739 0.16765 -0.72447 -0.35072
-0.44058 0.02073 -0.45942 -0.40137
-1.10857 0.04779 -1.17009 -1.04296
-0.75350 0.01738 -0.76792 -0.71992
-0.71736 0.01116 -0.72788 -0.69692
2.77609 0.37716 2.02350 3.00569
-0.01379 0.00470 -0.01920 -0.00779
0.49370 0.01422 0.48103 0.52017
0.58708 0.02280 0.56778 0.63055
-0.69498 0.00844 -0.70644 -0.68191
0.23309 0.00762 0.22551 0.24424
-0.39422 0.04609 -0.46595 -0.34255
0.23288 0.00202 0.23086 0.23647
-0.00781 0.01338 -0.02023 0.01529
-0.44181 0.06171 -0.54990 -0.38144
-0.56218 0.16784 -0.74964 -0.25895
0.26752 0.01746 0.25255 0.29927
