# avg	std	min	max
2.03157 0.00000 2.03157 2.03157
0.31809 0.00000 0.31809 0.31809
0.57772 0.00005 0.57765 0.57777
0.22722 0.00345 0.22263 0.23018
0.56259 0.00008 0.56250 0.56271
2.05215 0.04503 1.98906 2.10580
0.19382 0.00645 0.18208 0.20075
2.06635 0.00785 2.05066 2.07039
-0.09303 0.00321 -0.09535 -0.08677
0.45469 0.00017 0.45437 0.45488
0.47666 0.00001 0.47666 0.47668
0.41696 0.00189 0.41578 0.42073
0.21674 0.00921 0.20564 0.22781
0.02116 0.00405 0.01310 0.02368
0.29215 0.03254 0.26223 0.35528
0.16436 0.00646 0.15147 0.16849
-0.02045 0.01175 -0.04004 -0.00319
0.09552 0.08798 -0.04911 0.16964
0.18144 0.00331 0.17578 0.18502
2.21438 0.01790 2.19042 2.24244
