# avg	std	min	max
0.19924 0.00808 0.18318 0.20432
-0.05669 0.02508 -0.08791 -0.02107
0.14563 0.02944 0.08695 0.16399
-0.30998 0.03446 -0.35457 -0.26281
0.02235 0.00650 0.01671 0.03433
-0.37273 0.01524 -0.38872 -0.34657
-0.64958 0.02992 -0.68557 -0.60412
-0.53628 0.02438 -0.56586 -0.49790
1.71635 0.00397 1.71084 1.72292
0.05933 0.01721 0.02511 0.07004
0.13713 0.01541 0.10666 0.14920
-0.11132 0.00110 -0.11245 -0.10938
-0.53550 0.02994 -0.56949 -0.48450
-0.21266 0.01583 -0.22183 -0.18108
-0.53258 0.05291 -0.60317 -0.46140
0.35777 0.03720 0.29621 0.39369
-0.00480 0.00372 -0.01130 -0.00120
-0.40477 0.09992 -0.53504 -0.23424
-0.78978 0.06800 -0.87772 -0.69367
-0.23827 0.14962 -0.52881 -0.09879
