# avg	std	min	max
0.45039 0.02819 0.39635 0.47404
0.34730 0.09715 0.27648 0.53836
0.05451 0.00249 0.05077 0.05685
-0.14767 0.00526 -0.15276 -0.14119
-0.23670 0.01024 -0.24460 -0.21830
-0.04166 0.02652 -0.07956 -0.01216
-0.10251 0.00004 -0.10255 -0.10245
-0.06464 0.03142 -0.12218 -0.03289
0.35283 0.01527 0.32235 0.36179
0.29684 0.01539 0.26942 0.31076
-0.02501 0.00878 -0.03552 -0.01101
0.16887 0.00029 0.16855 0.16935
-0.39288 0.01407 -0.41880 -0.37638
0.09193 0.10723 -0.02472 0.22167
-0.21647 0.01649 -0.23139 -0.18626
0.30457 0.00103 0.30316 0.30620
-0.00052 0.00000 -0.00052 -0.00052
-0.06098 0.02043 -0.10091 -0.04626
-0.06600 0.01053 -0.07596 -0.04602
0.27739 0.04569 0.18834 0.31295
