# avg	std	min	max
1.06092 0.13265 0.90424 1.25883
0.02891 0.16611 -0.13519 0.23172
0.49809 0.13446 0.32252 0.67048
-0.58594 0.10920 -0.79016 -0.49690
-0.11097 0.22035 -0.40521 0.26971
-0.59885 0.10816 -0.70964 -0.41933
-0.88951 0.07989 -1.02796 -0.77818
-0.26582 0.06886 -0.34291 -0.14579
2.95453 0.09873 2.82171 3.07703
0.27277 0.27450 -0.22077 0.56661
0.97729 0.07717 0.85284 1.08816
0.88066 0.16102 0.69837 1.10183
-0.33898 0.46749 -1.07681 0.35739
0.67494 0.03279 0.61944 0.72212
0.62083 0.27015 0.15107 0.96988
0.12913 0.12306 -0.09297 0.27589
-0.03130 0.10314 -0.18741 0.08084
0.31978 0.35649 -0.14078 0.83696
0.40228 0.33717 -0.23730 0.70229
1.30671 0.20056 1.03702 1.56068
