# avg	std	min	max
0.91698 0.00033 0.91632 0.91715
0.06510 0.00000 0.06510 0.06510
0.67136 0.60052 0.23263 1.80388
-0.39639 0.01995 -0.40904 -0.35723
-0.43125 0.01609 -0.45761 -0.40933
-0.50753 0.02154 -0.51906 -0.46446
-0.34561 0.02056 -0.36146 -0.30508
-0.23354 0.00315 -0.23729 -0.22993
2.80643 0.02774 2.77156 2.83999
0.79507 0.00129 0.79389 0.79755
1.08630 0.03115 1.05460 1.14609
0.65053 0.09342 0.57333 0.76499
-0.31138 0.00279 -0.31551 -0.30675
0.07094 0.00518 0.06628 0.08074
0.15722 0.00181 0.15367 0.15880
0.43475 0.00892 0.42421 0.45027
0.00000 0.00000 0.00000 0.00000
-0.21517 0.07204 -0.29461 -0.08240
-0.41104 0.08403 -0.47597 -0.25246
0.30412 0.00324 0.29966 0.30743
