# avg	std	min	max
1.20438 0.03333 1.17030 1.26317
0.54335 0.03974 0.47303 0.59542
1.14645 0.07224 1.06362 1.24368
0.19871 0.11266 0.06436 0.38903
0.79231 0.00818 0.78032 0.80536
0.28572 0.22983 -0.01976 0.57989
0.57771 0.05801 0.51382 0.66841
1.18408 0.02309 1.15399 1.22415
3.92734 0.09839 3.79463 4.04606
0.68363 0.04416 0.62401 0.74828
1.11199 0.03616 1.04727 1.15699
0.54118 0.10479 0.41517 0.67302
0.72593 0.05663 0.65718 0.79003
0.84411 0.06462 0.73551 0.92710
0.28099 0.02674 0.25044 0.32194
0.16418 0.07911 0.10098 0.32015
-0.02139 0.02606 -0.05028 0.02467
0.54862 0.03158 0.50298 0.59067
0.58620 0.06242 0.52515 0.70636
1.09578 0.03124 1.05720 1.15166
