# avg	std	min	max
1.75392 0.10686 1.62853 1.89216
0.55333 0.03673 0.50949 0.61411
0.40847 0.13921 0.22928 0.52898
-0.83073 0.16090 -0.93509 -0.51785
-0.53186 0.04488 -0.58086 -0.45619
-1.65884 0.19180 -1.84181 -1.29585
-0.91676 0.13533 -1.10926 -0.76967
0.51825 0.15392 0.27264 0.72578
3.39775 0.11351 3.27326 3.60921
0.91809 0.04430 0.85693 0.96185
1.62197 0.01919 1.59782 1.64617
1.22060 0.20587 0.96017 1.40207
-0.86958 0.33054 -1.26054 -0.41612
1.02072 0.13078 0.85879 1.17286
0.29391 0.20004 -0.08061 0.52377
0.29036 0.01306 0.27449 0.31239
-0.00510 0.00000 -0.00510 -0.00510
0.75509 0.11415 0.55285 0.85742
0.92112 0.09207 0.80006 1.06300
0.93848 0.01862 0.91080 0.96254
