# avg	std	min	max
1.65967 0.02461 1.64243 1.70777
0.30595 0.01470 0.29275 0.33454
0.66126 0.01999 0.63397 0.68450
-0.87650 0.05721 -0.94410 -0.81188
-0.27712 0.01647 -0.30248 -0.25462
-1.31990 0.03716 -1.38042 -1.27049
-0.50992 0.04358 -0.55985 -0.45626
-0.51816 0.01735 -0.55270 -0.50687
4.22711 0.03461 4.17368 4.28203
0.70677 0.01651 0.68785 0.73442
0.43812 0.03180 0.40365 0.48143
0.65646 0.03110 0.61632 0.71158
-0.49017 0.01743 -0.50777 -0.46691
-0.00552 0.05255 -0.07381 0.06251
-0.04769 0.13081 -0.15626 0.17710
0.70609 0.01631 0.68800 0.72991
-0.01104 0.00835 -0.02428 0.00165
-0.18488 0.05547 -0.28079 -0.13292
0.20626 0.02053 0.17624 0.23302
0.40433 0.01124 0.39290 0.42298
