# avg	std	min	max
0.80821 0.05614 0.75165 0.88818
-0.17011 0.01641 -0.19081 -0.14592
0.88363 0.33630 0.64323 1.54215
-0.60992 0.00606 -0.61846 -0.59987
0.30263 0.34980 0.05624 0.98853
-0.64841 0.02030 -0.66305 -0.60883
-0.46454 0.05565 -0.51080 -0.35762
-0.21946 0.07969 -0.33125 -0.10135
2.73191 0.28638 2.34191 3.07114
0.17080 0.08495 0.10945 0.33919
0.77020 0.01450 0.74965 0.78273
0.56625 0.03154 0.51749 0.60845
-0.36342 0.04444 -0.43358 -0.29317
-0.55306 0.03339 -0.59113 -0.49691
-0.17175 0.19084 -0.41283 0.12219
0.14627 0.07955 0.09488 0.30479
-0.03024 0.04569 -0.08708 0.05042
-0.66580 0.20699 -0.97159 -0.39980
-1.04663 0.13118 -1.20496 -0.82898
0.06451 0.03407 0.03390 0.13098
