# avg	std	min	max
0.93723 0.00558 0.92906 0.94396
-0.02684 0.00781 -0.03705 -0.01565
0.05399 0.00646 0.04427 0.06326
-0.64705 0.17879 -1.00234 -0.53162
-0.82989 0.09389 -1.01712 -0.77378
-1.20835 0.04315 -1.25367 -1.14421
-0.34293 0.03850 -0.40525 -0.28857
-0.69384 0.02613 -0.72124 -0.64758
2.72698 0.29322 2.39379 3.18913
0.01107 0.00798 -0.00209 0.01982
-0.03442 0.05045 -0.06838 0.06534
0.58594 0.01016 0.57293 0.60080
-0.42970 0.04128 -0.48085 -0.36744
0.34552 0.01050 0.33453 0.36382
-0.08007 0.03193 -0.13774 -0.04921
0.73752 0.01325 0.71593 0.75354
-0.01426 0.01581 -0.03714 0.00584
-0.48599 0.07415 -0.62956 -0.42934
-0.29540 0.06384 -0.38270 -0.22467
0.38781 0.00788 0.37547 0.39722
