# avg	std	min	max
0.20347 0.00077 0.20303 0.20501
-0.41232 0.00000 -0.41232 -0.41232
0.06646 0.00284 0.06377 0.07033
-0.52001 0.03147 -0.56334 -0.48112
-0.13503 0.00861 -0.14806 -0.12108
-0.50744 0.04951 -0.59036 -0.45123
-0.48667 0.02046 -0.51449 -0.45392
-0.21808 0.01901 -0.24237 -0.18896
-1.03780 0.01596 -1.05850 -1.01374
-0.02316 0.00015 -0.02326 -0.02287
0.18957 0.02393 0.16388 0.21814
0.06268 0.00057 0.06207 0.06361
-0.47644 0.09036 -0.62425 -0.34243
-0.08196 0.01001 -0.08782 -0.06197
-0.68256 0.02110 -0.69696 -0.64094
0.27177 0.00363 0.26695 0.27479
-0.00018 0.00000 -0.00018 -0.00018
-0.81291 0.01012 -0.82172 -0.79350
-0.76714 0.10946 -0.92311 -0.58969
-0.38718 0.04249 -0.44633 -0.34613
