# avg	std	min	max
1.15667 0.00312 1.15167 1.16152
0.32526 0.00030 0.32465 0.32541
0.57029 0.01968 0.53319 0.58986
0.03850 0.00431 0.03168 0.04401
-0.09641 0.03047 -0.13818 -0.06854
-0.13695 0.02761 -0.17127 -0.09388
-0.14488 0.04854 -0.16982 -0.04780
-0.25239 0.01094 -0.26595 -0.23415
2.36911 0.31202 1.83370 2.68424
0.99478 0.00852 0.98916 1.01158
0.90455 0.01037 0.88973 0.92166
1.00250 0.00440 0.99821 1.01101
-0.09757 0.00898 -0.11070 -0.08462
0.35281 0.00421 0.34778 0.35983
0.34657 0.07334 0.26900 0.45245
0.38808 0.00147 0.38663 0.39050
-0.00395 0.00331 -0.00560 0.00266
0.21610 0.01784 0.18148 0.23158
0.08780 0.19561 -0.30106 0.22461
0.55500 0.01478 0.54309 0.58352
