# avg	std	min	max
1.80765 0.01440 1.78702 1.82964
0.39031 0.01425 0.37183 0.41568
0.54768 0.05694 0.44324 0.61698
-0.30101 0.01235 -0.32411 -0.28717
-0.00029 0.05576 -0.09149 0.07390
-0.02914 0.03802 -0.06161 0.04245
0.17589 0.05822 0.09951 0.25657
-0.31146 0.04926 -0.38062 -0.23133
-0.76050 0.02406 -0.79985 -0.73211
1.32613 0.01496 1.31085 1.34531
1.24514 0.04503 1.17924 1.31841
1.12460 0.01121 1.10310 1.13516
0.35369 0.12080 0.23897 0.50505
1.03829 0.00979 1.02861 1.05262
0.37052 0.01082 0.35694 0.38796
0.72883 0.01957 0.71094 0.76390
-0.00993 0.01491 -0.03299 0.00690
0.10705 0.12076 -0.04373 0.24914
0.47448 0.09350 0.28773 0.52726
0.92250 0.01474 0.89735 0.93773
