# avg	std	min	max
1.17308 0.00000 1.17308 1.17308
0.17738 0.00000 0.17738 0.17738
0.54448 0.00212 0.54035 0.54600
-0.13438 0.04319 -0.17408 -0.05615
-0.01363 0.00481 -0.02010 -0.00547
-0.53446 0.04283 -0.57878 -0.45522
-0.68802 0.00189 -0.68930 -0.68427
-0.27328 0.02594 -0.29889 -0.22465
3.15430 0.03292 3.11379 3.20314
0.24093 0.00006 0.24085 0.24100
0.76837 0.00015 0.76817 0.76862
0.91075 0.01401 0.90120 0.93806
-0.46774 0.00515 -0.47206 -0.45786
0.18627 0.00227 0.18268 0.18894
-0.04781 0.00390 -0.05419 -0.04372
0.55835 0.00023 0.55791 0.55858
-0.00000 0.00000 -0.00000 0.00000
-0.05362 0.04602 -0.11069 0.01158
-0.02648 0.12376 -0.11410 0.21384
0.43072 0.03866 0.36670 0.48317
