# avg	std	min	max
1.86113 0.04219 1.79598 1.91746
0.11353 0.14702 -0.06998 0.36465
0.55458 0.25848 0.04117 0.72850
-1.12640 0.26989 -1.65086 -0.89068
0.43087 0.05925 0.32808 0.50232
-1.39800 0.29053 -1.72346 -0.94923
-1.03608 0.41397 -1.60903 -0.48133
-1.21067 0.18597 -1.44364 -0.89457
2.82006 0.29085 2.45269 3.28781
1.84178 0.32825 1.41820 2.24764
2.37276 0.25955 1.93848 2.71594
0.25016 0.18815 0.04150 0.52348
-0.89670 0.27006 -1.27838 -0.53086
0.46902 0.27852 -0.06447 0.66964
-0.33240 0.17986 -0.63199 -0.06963
0.37688 0.28245 0.07483 0.84540
-0.04322 0.03096 -0.09514 -0.01152
-0.84526 0.08753 -1.00965 -0.75104
-0.44795 0.07211 -0.55700 -0.35641
0.82527 0.29439 0.31073 1.16153
