# avg	std	min	max
2.10926 0.20774 1.74140 2.31513
0.89909 0.03717 0.86274 0.97087
1.12742 0.09604 0.97278 1.23003
0.11064 0.18887 -0.10603 0.44832
0.45252 0.03909 0.39169 0.51335
0.06903 0.13545 -0.16214 0.19665
0.56572 0.24344 0.08625 0.73415
0.92410 0.50194 0.29593 1.49414
4.33601 0.10621 4.17776 4.50262
0.65551 0.16698 0.54104 0.98327
1.66580 0.07983 1.58867 1.78045
1.37680 0.19682 0.99827 1.53449
0.49175 0.21969 0.13556 0.75495
1.08975 0.08674 0.93995 1.19906
0.31518 0.16514 -0.01183 0.43020
1.05828 0.01589 1.03841 1.07545
-0.04241 0.03387 -0.08627 -0.00388
0.69660 0.24888 0.20821 0.86921
0.98740 0.07174 0.87701 1.05312
1.15520 0.07676 1.05166 1.25230
