# avg	std	min	max
2.13712 0.08556 2.02254 2.23269
0.50581 0.06477 0.42362 0.58144
0.48878 0.04637 0.42934 0.56353
-1.03482 0.09558 -1.16957 -0.92580
-0.66267 0.14426 -0.92504 -0.52028
-1.00998 0.02036 -1.03572 -0.97950
-0.47134 0.06397 -0.57360 -0.40934
-0.78310 0.11334 -0.89610 -0.56834
4.40925 0.21586 4.00626 4.59908
1.80747 0.02556 1.78028 1.85520
0.76726 0.32874 0.47083 1.19910
1.32725 0.03960 1.28411 1.37482
-0.30000 0.06146 -0.37782 -0.22854
1.33654 0.04894 1.25775 1.38954
-0.12647 0.09953 -0.32009 -0.03620
1.36986 0.05089 1.30782 1.44995
-0.07284 0.01527 -0.10013 -0.05350
0.05884 0.07759 -0.02349 0.19684
0.48452 0.02950 0.43400 0.51364
0.85932 0.20117 0.46710 1.02896
