# avg	std	min	max
3.25796 0.14959 3.05795 3.46312
1.48736 0.07140 1.38080 1.57535
1.88713 0.10283 1.73523 1.99178
-0.37684 0.07314 -0.46795 -0.25748
0.92728 0.24008 0.64415 1.33334
-0.64993 0.12124 -0.75772 -0.47294
-0.26104 0.08379 -0.39460 -0.14829
0.55438 0.06982 0.43144 0.61940
5.53207 0.08509 5.42680 5.65948
1.91731 0.08476 1.84374 2.05184
1.96645 0.12081 1.83376 2.15896
1.88404 0.16552 1.74105 2.18520
0.20562 0.09012 0.02639 0.26509
1.54558 0.07839 1.40985 1.64900
0.54304 0.28660 0.01531 0.86952
2.70169 0.13618 2.57100 2.95815
-0.00607 0.00000 -0.00607 -0.00607
0.83618 0.14073 0.64139 1.02100
1.01610 0.06532 0.88889 1.07467
1.67554 0.12659 1.47690 1.81320
