# avg	std	min	max
0.70801 0.00291 0.70569 0.71248
-0.05730 0.00192 -0.05826 -0.05345
0.29444 0.00287 0.29274 0.30017
-0.27126 0.01773 -0.29193 -0.24974
-0.21837 0.00231 -0.22179 -0.21550
-0.51111 0.01663 -0.54022 -0.49449
-0.50597 0.00662 -0.51542 -0.49798
-0.58842 0.01371 -0.60292 -0.56665
2.79316 0.24647 2.32112 3.02895
-0.20750 0.00005 -0.20755 -0.20743
0.11749 0.00135 0.11499 0.11871
0.39766 0.00075 0.39683 0.39892
-0.40339 0.01423 -0.42528 -0.38258
0.05423 0.00801 0.04918 0.07020
-0.25289 0.00781 -0.25982 -0.24299
0.52955 0.00416 0.52646 0.53777
0.00145 0.00730 -0.00856 0.01141
-0.27679 0.03335 -0.31958 -0.23239
-0.43651 0.08436 -0.53727 -0.29557
0.22492 0.00405 0.22156 0.23257
