# avg	std	min	max
1.09483 0.00660 1.08891 1.10763
0.37185 0.02723 0.35103 0.42351
0.41437 0.05176 0.33910 0.47714
-0.89583 0.00898 -0.90941 -0.88554
0.30417 0.10861 0.24284 0.52126
-0.93665 0.02356 -0.95910 -0.89187
-0.39878 0.18197 -0.64205 -0.19020
-0.30243 0.24686 -0.61684 -0.01962
1.58885 0.13259 1.42471 1.70969
0.79786 0.00484 0.79356 0.80714
0.93040 0.01003 0.91646 0.94158
0.11548 0.00972 0.10193 0.12868
-0.21262 0.14970 -0.35220 0.01002
0.24966 0.01489 0.22015 0.26076
-0.07263 0.00454 -0.07622 -0.06369
0.37699 0.00842 0.36346 0.38651
-0.00341 0.00593 -0.01339 0.00338
-0.31613 0.04217 -0.36460 -0.26313
-0.45235 0.15853 -0.62030 -0.20492
0.29138 0.00859 0.27937 0.30238
