# avg	std	min	max
1.09848 0.26505 0.77988 1.47019
-0.43041 0.23570 -0.84669 -0.22145
-1.01098 0.21465 -1.36126 -0.73624
-2.96253 0.20776 -3.25824 -2.66934
-2.02912 0.14322 -2.24178 -1.84016
-2.78846 0.12256 -2.98966 -2.65363
-0.78483 0.49176 -1.33231 -0.06030
-0.72359 0.93553 -1.83833 0.46186
2.92074 0.13767 2.73380 3.09571
-0.24327 0.32534 -0.64785 0.28714
-0.39084 0.19379 -0.61386 -0.08459
-0.39794 0.28776 -0.78845 -0.00622
0.25342 0.49948 -0.30758 0.88209
0.65437 0.28206 0.25912 1.03096
-0.20893 0.05060 -0.29301 -0.15148
1.74837 0.32663 1.18771 2.12681
-0.12129 0.18195 -0.39124 0.14022
-0.05343 0.26954 -0.48197 0.35164
-0.75692 0.27640 -1.13173 -0.42718
0.38012 0.22089 0.13830 0.67764
