# avg	std	min	max
0.98823 0.00348 0.98625 0.99515
0.06418 0.00369 0.06079 0.07097
0.32321 0.00199 0.32143 0.32579
-0.48038 0.00601 -0.48949 -0.47060
-0.31646 0.00316 -0.31901 -0.31058
-1.17306 0.01790 -1.20490 -1.15232
-0.53851 0.02758 -0.56514 -0.48921
-1.44744 0.01221 -1.45961 -1.42414
3.22036 0.10783 3.09061 3.39548
0.18540 0.00471 0.18052 0.19148
0.80223 0.00362 0.79995 0.80942
0.67097 0.00160 0.66905 0.67275
-0.39544 0.01728 -0.41349 -0.37285
0.08262 0.00528 0.07747 0.09238
-0.24073 0.00601 -0.24917 -0.23363
0.33716 0.00574 0.33113 0.34441
-0.00991 0.00546 -0.01432 -0.00204
-0.10703 0.04857 -0.16840 -0.04525
0.08677 0.12060 -0.07824 0.20903
0.42821 0.03283 0.40782 0.49361
