# avg	std	min	max
0.97944 0.00000 0.97944 0.97944
0.14757 0.00000 0.14757 0.14757
0.46326 0.00834 0.44658 0.46764
-0.28629 0.01580 -0.30613 -0.27265
-0.25340 0.01826 -0.27284 -0.23129
-0.84579 0.02648 -0.87820 -0.79803
-0.32895 0.00274 -0.33042 -0.32348
-0.49841 0.03989 -0.55701 -0.44687
2.59013 0.21197 2.32666 2.84029
0.22979 0.00134 0.22903 0.23246
-0.03405 0.02138 -0.05134 0.00781
0.77725 0.00058 0.77685 0.77835
-0.24542 0.02358 -0.25731 -0.19825
0.62904 0.05040 0.59003 0.72876
0.10316 0.06190 0.04389 0.18189
0.43751 0.01532 0.42057 0.45729
-0.00217 0.00000 -0.00217 -0.00217
-0.00569 0.02050 -0.04495 0.01150
-0.05355 0.19254 -0.23130 0.31543
0.58681 0.01593 0.57744 0.61863
