# avg	std	min	max
3.45921 0.06181 3.40697 3.56871
2.15490 0.07677 2.04208 2.24829
1.32689 0.13165 1.20016 1.53771
0.71939 0.28748 0.37677 1.14966
0.45726 0.08236 0.32782 0.56899
0.42406 0.04595 0.37201 0.49922
-1.04200 0.07419 -1.16463 -0.94279
1.29725 0.23865 1.13211 1.76986
4.53323 0.31423 4.17894 4.92232
2.27427 0.26440 2.00163 2.64307
2.13118 0.07144 2.03496 2.21141
2.51677 0.05983 2.41833 2.57547
-0.19720 0.05525 -0.23786 -0.08947
2.24527 0.16847 2.04310 2.46081
1.95287 0.11073 1.77085 2.08065
0.88183 0.26599 0.52053 1.23988
-0.08235 0.04098 -0.14637 -0.03495
2.45180 0.05109 2.39452 2.51359
2.33853 0.05212 2.27633 2.42608
2.73779 0.26956 2.21154 2.98120
