# avg	std	min	max
0.62973 0.07265 0.56916 0.73122
-0.14264 0.01957 -0.15806 -0.10405
0.16789 0.00749 0.15721 0.17657
-0.37489 0.03014 -0.39960 -0.31820
-0.63070 0.14589 -0.78834 -0.45461
-0.89027 0.06472 -1.00424 -0.81189
-0.52108 0.18719 -0.77773 -0.35088
-0.33662 0.08695 -0.49780 -0.23789
2.65754 0.01175 2.64641 2.67764
-0.19711 0.06500 -0.25286 -0.10654
0.06237 0.00320 0.05906 0.06649
0.34177 0.00864 0.33300 0.35284
-0.44255 0.19377 -0.75643 -0.22442
-0.12574 0.00289 -0.12877 -0.12193
-0.46994 0.03201 -0.49053 -0.40681
0.37060 0.02621 0.34751 0.41265
-0.00763 0.00515 -0.01418 -0.00105
-0.46280 0.00431 -0.47053 -0.45751
-0.37672 0.04808 -0.44956 -0.31822
-0.09094 0.08197 -0.13750 0.07227
