# avg	std	min	max
1.39671 0.06190 1.28226 1.46006
0.19262 0.09435 0.13397 0.38059
0.21864 0.21551 -0.09995 0.52814
-0.46618 0.04317 -0.53306 -0.39868
-0.14902 0.16480 -0.42753 0.05021
-0.42191 0.05669 -0.47262 -0.34506
0.51559 0.12711 0.33881 0.70049
0.22748 0.05110 0.16768 0.30404
2.26183 0.04394 2.21561 2.32322
0.47207 0.12470 0.29873 0.67771
0.13525 0.09558 -0.03215 0.22444
1.15792 0.02994 1.11357 1.20658
0.50153 0.09364 0.35279 0.61915
0.19224 0.03062 0.13384 0.21780
0.41776 0.02507 0.37188 0.44110
1.60488 0.26852 1.20671 1.83018
-0.00000 0.00000 -0.00000 -0.00000
0.11206 0.10725 -0.05082 0.28359
0.39871 0.07955 0.29545 0.48820
0.82267 0.01573 0.79764 0.84540
