# avg	std	min	max
0.82198 0.03923 0.77473 0.87853
-0.14333 0.03416 -0.18100 -0.07972
1.48162 0.10528 1.28472 1.58880
-0.46070 0.07489 -0.56663 -0.39526
0.71424 0.07164 0.62967 0.84552
-0.54881 0.08927 -0.66684 -0.43838
-0.38981 0.07536 -0.48906 -0.27143
-0.12562 0.11701 -0.27108 0.02008
2.60219 0.13158 2.44574 2.84034
0.65093 0.07062 0.53070 0.72995
1.37707 0.13495 1.10723 1.44959
0.65477 0.08606 0.56188 0.81002
-0.66974 0.14509 -0.84272 -0.43734
-0.51423 0.14042 -0.68660 -0.27418
-0.30445 0.08725 -0.41452 -0.14727
0.14724 0.05690 0.06582 0.22240
-0.06282 0.12985 -0.31688 0.03856
0.09198 0.13674 -0.06876 0.27138
0.29478 0.08984 0.15536 0.40911
0.23558 0.07875 0.13599 0.34194
