# avg	std	min	max
1.82844 0.03083 1.78085 1.87452
0.57241 0.02688 0.52831 0.60753
0.49304 0.02119 0.45820 0.52378
-0.03554 0.04269 -0.09062 0.02580
-0.29233 0.03656 -0.34686 -0.23533
-0.73080 0.02230 -0.74941 -0.68902
0.02733 0.03488 -0.02897 0.07327
-0.25790 0.04869 -0.33664 -0.18972
3.12770 0.15535 2.98233 3.41223
0.97304 0.30288 0.42920 1.35618
1.09885 0.03479 1.05805 1.14464
1.24462 0.02461 1.21081 1.27922
0.01590 0.07460 -0.06865 0.14877
0.66420 0.01917 0.63862 0.69300
-0.02869 0.02286 -0.05924 0.00406
1.15759 0.01671 1.13994 1.17948
-0.03045 0.01332 -0.04432 -0.00754
0.11464 0.15202 -0.06510 0.39195
0.12850 0.09039 -0.02223 0.22760
0.95637 0.03069 0.93009 0.99628
