# avg	std	min	max
1.17719 0.00000 1.17719 1.17719
0.34033 0.00000 0.34033 0.34033
0.39423 0.00615 0.38756 0.40589
-0.38951 0.01283 -0.41107 -0.37080
0.39115 0.00170 0.38935 0.39326
-0.06350 0.04470 -0.14879 -0.02539
0.00027 0.00219 -0.00277 0.00336
0.31819 0.06561 0.20232 0.38133
0.85354 0.02417 0.83183 0.89072
0.81273 0.00632 0.80932 0.82535
1.19795 0.00774 1.18757 1.21015
0.72568 0.00925 0.71202 0.73757
0.03621 0.00310 0.03257 0.04139
0.39279 0.00753 0.38462 0.40189
0.52934 0.04344 0.48034 0.59192
-0.43392 0.00052 -0.43461 -0.43300
0.12557 0.01087 0.11005 0.14057
-0.11897 0.05518 -0.18206 -0.04013
-0.02450 0.07381 -0.15230 0.06619
0.36675 0.03315 0.32249 0.39619
