# avg	std	min	max
6.10262 0.01051 6.08864 6.11983
4.35344 0.00452 4.34758 4.36137
5.57100 0.19552 5.18043 5.68318
1.44809 0.07251 1.39786 1.59177
4.77409 0.59835 4.08232 5.83248
1.06282 0.01203 1.05237 1.08493
-0.02708 0.00867 -0.03860 -0.01631
3.06529 0.56092 2.60714 4.16316
11.65002 0.32155 11.30850 12.24850
5.32676 0.01078 5.31373 5.34616
7.46035 0.13045 7.36692 7.71660
4.57708 0.00892 4.56654 4.59302
2.42249 0.50253 1.53202 2.89120
5.47750 0.01554 5.45893 5.49928
4.75887 0.09314 4.65758 4.89993
6.16838 0.00453 6.16069 6.17392
5.34693 0.03341 5.29624 5.40121
4.16038 0.23797 3.91089 4.56324
6.15445 1.17861 4.58784 7.57895
3.68681 0.00728 3.67785 3.69983
