# avg	std	min	max
5.14338 0.00337 5.13905 5.14640
3.32908 0.00666 3.32069 3.33853
5.01566 0.01315 4.99727 5.03542
1.69654 0.01759 1.67807 1.72677
5.69515 0.23277 5.24585 5.91521
1.06104 0.05482 0.97108 1.14156
-0.03212 0.02981 -0.08007 -0.00240
5.27153 1.32589 3.59018 6.39162
4.81148 0.44436 4.20322 5.42666
5.12515 0.01102 5.11270 5.13946
6.46969 0.01938 6.43930 6.49285
3.84148 0.00680 3.83454 3.85163
1.79100 0.13584 1.56261 1.90068
4.81674 0.00731 4.80916 4.82865
4.39922 0.51679 3.36726 4.70559
5.56078 0.02517 5.51213 5.58425
5.24486 0.01699 5.21256 5.26164
3.46497 0.14576 3.19278 3.63269
4.22926 0.42824 3.91968 5.07650
3.45627 0.00542 3.44976 3.46355
