# avg	std	min	max
4.56427 0.03453 4.50328 4.59525
2.82995 0.02940 2.78558 2.86538
1.92439 0.09769 1.84158 2.10435
0.34793 0.03552 0.27895 0.37705
2.88579 0.15703 2.69698 3.16768
0.62474 0.03531 0.57751 0.68627
-0.06537 0.02870 -0.09782 -0.01466
0.51918 0.19770 0.36831 0.90513
6.68303 0.04560 6.63191 6.74105
4.18574 0.03215 4.15003 4.24282
3.92206 0.01290 3.90414 3.93798
2.98038 0.03237 2.91887 3.01138
-0.73320 0.16525 -0.89995 -0.43493
2.53310 0.02184 2.51176 2.56837
3.27551 0.27362 2.92818 3.57382
3.70380 0.13202 3.54412 3.87794
2.96221 0.05920 2.85389 3.03101
2.82263 0.18617 2.60261 3.14475
2.79196 0.77718 1.51151 3.68419
2.01874 0.21665 1.66831 2.20350
