# avg	std	min	max
4.32339 0.03634 4.27800 4.36804
2.70264 0.00793 2.68925 2.71362
2.34085 0.04581 2.25530 2.38400
1.15905 0.04272 1.09778 1.23071
2.06791 0.02530 2.04075 2.10911
-0.19067 0.01599 -0.21773 -0.17276
-0.00845 0.01697 -0.02653 0.01963
1.58074 0.04027 1.52803 1.64494
5.99398 0.28101 5.60252 6.36287
3.14395 0.00992 3.13178 3.15433
3.28453 0.01267 3.26797 3.30444
3.00210 0.02230 2.98220 3.03906
0.29065 0.03025 0.26457 0.34779
2.47102 0.06372 2.36078 2.53844
1.76201 0.01233 1.74640 1.77622
3.33228 0.03240 3.29308 3.37529
2.48887 0.02973 2.45813 2.53555
1.82723 0.02653 1.78788 1.86283
2.32261 0.03351 2.27278 2.37727
2.50221 0.01030 2.49016 2.51953
