# avg	std	min	max
4.21192 0.02614 4.17571 4.25266
2.71605 0.03612 2.67432 2.76322
1.96982 0.06377 1.86565 2.03529
0.69535 0.10222 0.59489 0.82034
0.90896 0.06394 0.86230 1.03224
0.12724 0.01945 0.09718 0.14516
0.01240 0.00844 0.00176 0.02445
0.51758 0.01075 0.50417 0.52918
5.14449 0.28231 4.80681 5.54966
3.13104 0.03260 3.08747 3.18059
3.41327 0.03497 3.38673 3.47865
3.23973 0.01342 3.21829 3.25196
0.45694 0.02187 0.43195 0.48300
2.99103 0.04257 2.95274 3.06137
2.75623 0.07811 2.67161 2.89580
3.98869 0.01253 3.96580 4.00000
3.06935 0.07763 2.94302 3.16829
2.20745 0.03408 2.17950 2.27402
2.65217 0.02318 2.61339 2.68600
2.63471 0.04877 2.60199 2.73099
