# avg	std	min	max
4.19084 0.03032 4.13508 4.21759
2.97159 0.06176 2.86796 3.02975
3.19623 0.05435 3.09318 3.24726
1.00015 0.06834 0.90516 1.11603
2.54724 0.09349 2.36865 2.63679
0.57754 0.12648 0.39643 0.72463
-0.04498 0.11729 -0.15685 0.17157
1.90091 0.07247 1.81544 1.99087
6.27763 0.02872 6.23566 6.31302
3.33434 0.03636 3.27737 3.38288
3.42018 0.03525 3.35030 3.44231
3.40952 0.02861 3.37311 3.44974
0.99879 0.03520 0.96173 1.04321
2.82900 0.04678 2.77677 2.91541
2.86125 0.10361 2.67442 2.95906
3.99167 0.02099 3.95712 4.01429
3.18101 0.02522 3.15943 3.22790
2.57691 0.01775 2.55511 2.60546
2.72010 0.10174 2.57572 2.87998
2.34706 0.04091 2.29745 2.39155
