# avg	std	min	max
4.58622 0.10656 4.45846 4.73864
3.16817 0.05640 3.10646 3.26773
1.15254 0.19617 0.92888 1.46881
0.31295 0.15764 0.12115 0.49004
0.30323 0.21095 0.05880 0.53048
1.17988 0.03050 1.12034 1.20191
-0.00884 0.00786 -0.01582 0.00580
0.66852 0.27644 0.40515 1.17162
7.21948 0.07637 7.09653 7.33562
4.00063 0.20604 3.75351 4.25979
2.42421 0.23603 2.00636 2.70459
2.62685 0.06293 2.50553 2.68322
0.47599 0.10107 0.36393 0.61044
2.77608 0.10214 2.69189 2.93679
2.86676 0.05799 2.75342 2.90938
3.95835 0.18718 3.72889 4.30062
3.75396 0.11560 3.52946 3.84605
2.24431 0.05848 2.17277 2.33387
2.87099 0.47437 2.16902 3.59846
2.75129 0.03536 2.71341 2.80539
