# avg	std	min	max
0.00000 0.00000 0.00000 0.00000
-0.81799 0.00000 -0.81799 -0.81799
-0.83696 0.00724 -0.84920 -0.82702
-0.00651 0.62516 -1.08098 0.88117
-1.32180 0.06081 -1.44298 -1.28440
-1.50981 0.13017 -1.73982 -1.33721
-0.75642 0.33543 -0.97913 -0.09692
0.19977 0.37159 -0.32056 0.81122
-2.35408 0.00928 -2.36074 -2.33585
-0.91445 0.00442 -0.91829 -0.90598
0.30565 0.00039 0.30526 0.30632
-0.59798 0.00377 -0.60200 -0.59101
-0.40146 0.05333 -0.46799 -0.31105
-0.41929 0.47177 -1.00803 0.03817
-1.65540 0.05265 -1.71846 -1.57694
1.23974 0.01649 1.20874 1.25343
0.88985 0.51568 0.17911 1.66467
-0.32581 0.37558 -0.77034 0.27184
-1.69963 0.50677 -2.14969 -0.96710
0.26596 0.10149 0.07984 0.36785
