# avg	std	min	max
0.00000 0.00000 0.00000 0.00000
0.72126 0.48785 -0.25103 0.99962
2.08745 0.26163 1.76543 2.47365
2.49528 1.06074 1.42956 3.81105
1.85812 0.14317 1.74888 2.14117
0.64653 0.39542 0.31216 1.15319
-0.16284 0.06635 -0.21357 -0.03412
1.08134 0.03675 1.02965 1.11977
-0.76384 0.09132 -0.90601 -0.68517
2.37423 0.03492 2.30478 2.39465
3.01662 0.58979 1.90376 3.64731
1.71508 0.03311 1.67602 1.75632
0.33364 0.07039 0.20549 0.39808
2.53738 0.02889 2.49392 2.57002
0.98344 0.03396 0.93294 1.03329
2.23466 0.05724 2.16709 2.31015
0.33526 0.08055 0.20935 0.43869
1.17295 0.09073 1.00584 1.27697
2.14135 0.07901 2.04323 2.28392
2.43266 0.05204 2.37877 2.52812
