# avg	std	min	max
0.00000 0.00000 0.00000 0.00000
3.04949 0.00000 3.04949 3.04949
4.14184 0.01404 4.12665 4.16387
3.17436 0.01862 3.13716 3.18486
3.86784 0.00273 3.86534 3.87281
2.91520 0.00534 2.90735 2.92407
2.90408 0.01577 2.89345 2.93523
3.02797 0.03089 2.98859 3.06345
5.59919 0.17217 5.37418 5.86874
1.27124 0.25502 1.14170 1.78127
3.97230 0.19145 3.77564 4.19913
3.05239 0.00216 3.04945 3.05491
3.03594 0.01979 3.01930 3.06845
2.90500 0.00379 2.90204 2.91210
2.90342 0.09799 2.76056 3.01251
1.74100 0.00428 1.73285 1.74456
1.83273 0.03219 1.79670 1.88404
2.95454 0.21633 2.52214 3.07390
2.59906 0.13680 2.39770 2.72848
1.26649 0.10046 1.18010 1.46350
