# avg	std	min	max
0.00000 0.00000 0.00000 0.00000
0.12573 0.00000 0.12573 0.12573
0.07891 0.00003 0.07887 0.07895
-0.06534 0.00029 -0.06563 -0.06483
-0.02788 0.00006 -0.02795 -0.02781
-0.01616 0.05308 -0.07311 0.04980
-0.12133 0.00525 -0.12757 -0.11505
-0.35116 0.00691 -0.36407 -0.34441
-0.40064 0.00028 -0.40085 -0.40009
0.13647 0.00212 0.13223 0.13755
0.00275 0.00034 0.00239 0.00333
-0.11915 0.01650 -0.13481 -0.09900
-0.09259 0.01876 -0.11425 -0.06984
-0.15317 0.00921 -0.16767 -0.14367
-0.22840 0.02655 -0.26535 -0.18452
-0.31512 0.00366 -0.32121 -0.31132
-0.66494 0.02263 -0.70529 -0.64284
-0.22190 0.00944 -0.23861 -0.21156
-0.10482 0.00321 -0.11042 -0.10104
-0.08136 0.00783 -0.09209 -0.07257
