# avg	std	min	max
0.00000 0.00000 0.00000 0.00000
0.07996 0.00032 0.07935 0.08017
0.38373 0.04486 0.31598 0.42372
-0.63827 0.01289 -0.65364 -0.62460
0.04138 0.12085 -0.08463 0.23615
-0.65675 0.06166 -0.74138 -0.56347
-1.23362 0.00257 -1.23747 -1.23031
-0.90218 0.05297 -1.00606 -0.85733
2.76544 0.00570 2.75788 2.77250
-0.25683 0.00033 -0.25712 -0.25620
-0.61856 0.00861 -0.62803 -0.60376
-0.29090 0.00833 -0.30631 -0.28162
-1.96886 0.07566 -2.02703 -1.82160
0.60581 0.05633 0.52759 0.65359
-0.19307 0.03520 -0.26127 -0.15965
1.47891 0.05175 1.41754 1.54671
1.97978 0.08474 1.82332 2.06009
-0.50417 0.07744 -0.60279 -0.38067
-1.20569 0.17764 -1.51365 -0.95813
0.23924 0.04661 0.18394 0.30049
