# avg	std	min	max
0.00000 0.00000 0.00000 0.00000
3.48642 0.00000 3.48642 3.48642
11.53994 0.03977 11.50920 11.61590
7.17691 1.26583 5.50822 9.10260
12.19550 0.02387 12.17610 12.24100
5.48647 0.25491 5.15943 5.94277
6.91600 0.27281 6.67454 7.28510
8.03416 0.49674 7.42484 8.56211
10.92526 0.13937 10.79680 11.15520
5.49822 0.00403 5.49280 5.50406
9.85917 0.01160 9.83804 9.87324
4.75275 0.00541 4.74193 4.75567
7.27509 0.34794 7.06462 7.96792
6.68841 0.26154 6.17805 6.92116
5.49202 0.12654 5.34983 5.69356
5.87169 0.18396 5.66185 6.09058
5.56536 0.07010 5.48950 5.69001
5.90284 0.06639 5.83202 6.02363
6.54644 0.48608 5.90179 7.35802
6.26897 0.65542 5.52962 7.27091
