# avg	std	min	max
0.00000 0.00000 0.00000 0.00000
4.25807 0.00000 4.25807 4.25807
3.87966 0.00014 3.87944 3.87980
3.47932 0.02431 3.44252 3.51435
3.59939 0.02482 3.55152 3.62266
3.49383 0.03155 3.44455 3.52790
3.73632 0.06245 3.65721 3.84270
3.85277 0.03823 3.78295 3.88728
6.75999 0.01294 6.74298 6.77488
2.53952 0.00002 2.53950 2.53955
3.96419 0.00807 3.94817 3.96977
3.91904 0.00014 3.91885 3.91921
3.68346 0.02541 3.65163 3.71967
3.71995 0.01469 3.70608 3.74803
3.39468 0.07826 3.29743 3.46641
3.87985 0.03208 3.84881 3.94121
3.39027 0.00540 3.38381 3.39587
3.49370 0.04105 3.44585 3.54758
3.42456 0.04645 3.38279 3.51177
3.91785 0.05211 3.84663 4.00072
