# avg	std	min	max
0.00000 0.00000 0.00000 0.00000
-1.27308 0.00000 -1.27308 -1.27308
-1.47806 0.00010 -1.47827 -1.47800
-2.28507 0.00162 -2.28720 -2.28291
-2.03196 0.00085 -2.03297 -2.03083
-2.20578 0.02830 -2.26101 -2.18205
-1.55530 0.00200 -1.55910 -1.55354
-1.28476 0.15925 -1.57341 -1.15344
2.26394 0.01630 2.23648 2.28669
-0.34830 0.00508 -0.35269 -0.34071
-0.42500 0.00281 -0.42797 -0.42162
-0.78138 0.00768 -0.79471 -0.77484
-1.51927 0.42739 -2.00323 -1.00522
-1.05066 0.06967 -1.10665 -0.91601
-1.51279 0.02158 -1.55596 -1.50157
-0.48691 0.03511 -0.50540 -0.41671
-1.26464 0.01584 -1.28859 -1.23915
-1.62192 0.07577 -1.75209 -1.51991
-1.25050 0.02125 -1.28026 -1.21629
-0.90885 0.20729 -1.07842 -0.50449
