# avg	std	min	max
0.00000 0.00000 0.00000 0.00000
3.43961 0.15129 3.13937 3.53341
7.18170 0.24702 6.75455 7.39938
4.95256 0.20221 4.71474 5.25134
7.84912 0.69428 7.07394 9.07639
4.47077 0.46274 3.81434 4.99197
5.63245 0.47926 5.08055 6.51409
6.75488 0.67370 6.12454 7.65689
8.75207 0.30729 8.21003 9.09486
4.63841 0.11948 4.44324 4.76929
7.14180 0.10380 6.96843 7.27235
3.82108 0.31607 3.25117 4.21232
6.03372 0.62846 4.95036 6.65749
5.03449 0.69110 3.65467 5.45600
5.59074 0.25158 5.19976 5.89370
5.88205 0.38766 5.51056 6.61572
5.69826 0.27629 5.19651 5.93848
5.25298 0.27250 4.83217 5.64494
5.23836 0.24019 4.76643 5.39131
5.05072 0.25386 4.72145 5.40917
