# avg	std	min	max
0.00000 0.00000 0.00000 0.00000
-0.21784 0.00000 -0.21784 -0.21784
-0.42385 0.00002 -0.42388 -0.42381
-0.48955 0.00429 -0.49387 -0.48432
-0.48492 0.00268 -0.48940 -0.48213
-0.58327 0.03495 -0.64145 -0.54043
-0.80878 0.00034 -0.80913 -0.80824
-0.88777 0.02809 -0.90854 -0.83692
-0.43275 0.00127 -0.43467 -0.43137
-0.20276 0.00337 -0.20946 -0.20039
-0.46992 0.00003 -0.46995 -0.46989
-0.40024 0.01349 -0.41142 -0.38371
-0.78471 0.00434 -0.78719 -0.77606
-0.39733 0.00531 -0.40746 -0.39327
-0.31886 0.06126 -0.43079 -0.27427
-0.50895 0.00666 -0.52188 -0.50372
-0.49292 0.07181 -0.55835 -0.36223
-0.54717 0.06095 -0.62958 -0.47134
-0.52552 0.08565 -0.62637 -0.41744
-0.29982 0.00732 -0.30721 -0.28728
