# avg	std	min	max
0.00000 0.00000 0.00000 0.00000
1.45008 0.00000 1.45008 1.45008
2.33017 0.00020 2.33001 2.33054
1.53814 0.00309 1.53559 1.54392
2.31333 0.00106 2.31152 2.31482
1.46561 0.01888 1.43875 1.48594
1.41231 0.00145 1.41041 1.41454
1.57135 0.01503 1.55250 1.58599
2.90328 0.01805 2.87606 2.92372
1.00910 0.00368 1.00699 1.01645
0.54569 0.00314 0.54230 0.54979
1.26751 0.01081 1.26131 1.28910
1.51073 0.00170 1.50795 1.51264
1.46596 0.19506 1.13643 1.63288
0.94227 0.02733 0.88822 0.96362
-0.27613 0.00918 -0.28739 -0.26438
1.46964 0.00436 1.46474 1.47746
0.93052 0.04135 0.87731 0.98030
0.76487 0.06769 0.67356 0.84969
1.11438 0.04765 1.06004 1.17757
