# avg	std	min	max
0.00000 0.00000 0.00000 0.00000
0.49310 0.00020 0.49271 0.49320
0.57873 0.00117 0.57672 0.58031
0.00499 0.00142 0.00298 0.00667
0.23673 0.00628 0.22962 0.24532
-0.07820 0.02112 -0.09713 -0.03756
0.12350 0.00513 0.11348 0.12807
0.32611 0.02976 0.29119 0.36508
-1.20373 0.00024 -1.20401 -1.20335
0.52020 0.00002 0.52019 0.52023
0.66548 0.00007 0.66540 0.66556
0.55345 0.00081 0.55256 0.55440
0.20030 0.01259 0.18477 0.22201
0.37043 0.01186 0.36340 0.39411
0.23694 0.16827 -0.09427 0.37491
0.43886 0.02236 0.41494 0.46664
-0.31808 0.01117 -0.33044 -0.29836
-0.10553 0.12567 -0.26497 0.08145
0.16906 0.03661 0.12588 0.22953
0.40682 0.00028 0.40642 0.40711
