# avg	std	min	max
0.00000 0.00000 0.00000 0.00000
2.71510 0.00000 2.71510 2.71510
4.13714 0.01315 4.11795 4.14776
2.42181 0.06271 2.34389 2.53509
3.84497 0.06449 3.79502 3.96954
2.21655 0.00591 2.20803 2.22386
2.35982 0.00095 2.35825 2.36111
2.16994 0.00799 2.15792 2.18200
5.79447 0.02177 5.77126 5.82999
2.90298 0.00003 2.90296 2.90304
4.14623 0.00062 4.14575 4.14741
2.74830 0.00197 2.74657 2.75212
2.44266 0.00058 2.44163 2.44339
2.43387 0.13299 2.35792 2.69918
1.96638 0.00166 1.96486 1.96930
2.70672 0.00354 2.70472 2.71380
2.59564 0.01282 2.58182 2.61594
1.94922 0.01782 1.92430 1.97397
1.72925 0.06131 1.60785 1.77386
2.34571 0.00239 2.34431 2.35047
