# avg	std	min	max
0.00000 0.00000 0.00000 0.00000
2.86687 0.00293 2.86159 2.86988
4.33786 0.05285 4.23271 4.36982
2.55039 0.08835 2.38030 2.62413
4.02131 0.04681 3.96840 4.09184
2.29858 0.11004 2.15694 2.41746
2.29873 0.01686 2.26918 2.31283
2.36093 0.04955 2.30915 2.43657
7.45864 0.03168 7.40405 7.49583
3.10599 0.00599 3.09537 3.11313
4.34967 0.03413 4.29494 4.39410
2.82934 0.03345 2.78729 2.87563
2.37944 0.04487 2.29227 2.41707
2.17168 0.15010 1.99142 2.44876
2.11012 0.00558 2.10289 2.11841
2.88968 0.01770 2.86867 2.92040
2.67295 0.06092 2.58105 2.72770
2.27687 0.09992 2.19201 2.45389
2.07796 0.03714 2.02257 2.12047
2.51314 0.05426 2.46324 2.61518
