# avg	std	min	max
1.27985 0.18835 0.94668 1.46048
0.34420 0.23130 0.13174 0.75045
1.27325 0.06731 1.18286 1.37646
-0.27517 0.30035 -0.79707 0.11898
1.20326 0.28530 0.87059 1.54904
-0.45263 0.19408 -0.71643 -0.16060
-0.71247 0.29501 -1.29922 -0.53212
-0.65203 0.20270 -0.89396 -0.36334
5.52022 0.03740 5.46721 5.56953
0.69896 0.19587 0.42697 0.92417
0.08334 0.14662 -0.13485 0.26940
1.10450 0.39885 0.54442 1.74248
-0.18849 0.08184 -0.32688 -0.07716
0.95996 0.02257 0.92873 0.98423
1.25329 0.12651 1.05895 1.40613
1.58614 0.10949 1.41430 1.73565
0.80306 0.28719 0.44124 1.32454
0.59505 0.13309 0.41291 0.80337
0.71884 0.38026 0.03385 1.10203
0.15386 0.02546 0.12209 0.18890
