# avg	std	min	max
1.97654 0.03474 1.93087 2.03680
0.87287 0.00540 0.86691 0.88005
1.30947 0.04883 1.24288 1.37040
0.55470 0.02692 0.51576 0.59234
1.30453 0.02894 1.26020 1.33475
0.33513 0.03599 0.27288 0.37557
-0.55503 0.04369 -0.60798 -0.50109
0.12714 0.49350 -0.84749 0.46604
8.40568 0.03319 8.36411 8.46103
1.57695 0.03108 1.52600 1.62144
1.30985 0.02486 1.26780 1.33239
1.66530 0.03043 1.62471 1.71914
-0.34663 0.09391 -0.48667 -0.20367
1.49378 0.01941 1.46425 1.52212
1.34421 0.02960 1.30427 1.37418
1.51963 0.03951 1.47919 1.59028
1.29368 0.03650 1.23754 1.32756
0.91144 0.02185 0.88247 0.94864
0.90693 0.27465 0.61410 1.25415
0.04120 0.02434 -0.00658 0.05652
