# avg	std	min	max
0.22081 0.00030 0.22056 0.22124
0.07267 0.00009 0.07259 0.07279
-0.12844 0.00024 -0.12864 -0.12812
-0.30580 0.04725 -0.35007 -0.22785
-0.39181 0.00949 -0.40167 -0.37585
-0.16351 0.01441 -0.18198 -0.13756
-0.42227 0.00475 -0.42686 -0.41325
-0.06071 0.02888 -0.11498 -0.03233
0.05852 0.05166 -0.04478 0.08568
0.07423 0.00022 0.07384 0.07445
-0.20772 0.00029 -0.20811 -0.20727
-0.13244 0.00169 -0.13427 -0.12980
-0.30528 0.00768 -0.31226 -0.29269
-0.12832 0.00021 -0.12857 -0.12799
-0.33601 0.06031 -0.44056 -0.27947
-0.07958 0.00030 -0.07984 -0.07915
0.03505 0.00163 0.03194 0.03634
-0.20495 0.01841 -0.23859 -0.18617
-0.18331 0.00790 -0.19486 -0.17585
-0.00047 0.00026 -0.00077 -0.00005
