# avg	std	min	max
0.40382 0.00575 0.39893 0.41089
-1.14487 0.00193 -1.14654 -1.14136
1.33558 0.00368 1.33090 1.33969
0.11704 0.01675 0.09089 0.14193
0.88400 0.05805 0.80992 0.96219
0.04190 0.02366 0.00584 0.06209
0.00149 0.06532 -0.09015 0.05612
0.03484 0.01737 0.01092 0.06282
1.20757 0.10094 1.12741 1.39027
0.57140 0.00932 0.56355 0.58964
0.79444 0.20218 0.65057 1.19495
0.30740 0.00719 0.29939 0.31959
0.02347 0.02869 -0.00412 0.07452
-1.74280 0.21719 -1.87080 -1.30893
-0.14726 0.02459 -0.18459 -0.11062
-0.92173 0.01094 -0.92799 -0.89989
-0.02028 0.00998 -0.03106 -0.00569
0.06791 0.00538 0.05755 0.07310
-0.14364 0.01558 -0.15873 -0.11429
0.08129 0.00271 0.07736 0.08478
