# avg	std	min	max
3.06405 0.00274 3.06181 3.06741
1.64261 0.00094 1.64214 1.64448
0.39340 0.00259 0.39102 0.39705
-1.43389 0.08417 -1.48054 -1.26562
-0.53385 0.00196 -0.53621 -0.53106
-1.10911 0.08007 -1.19385 -0.95715
-0.88805 0.08297 -0.99685 -0.74003
1.38211 0.74175 0.23123 2.44051
5.96883 0.12401 5.86306 6.21180
2.24525 0.00432 2.24242 2.25376
2.17961 0.27220 1.78414 2.43111
1.92436 0.00368 1.92171 1.93119
1.79111 0.99322 0.64021 3.12421
2.56371 0.00757 2.54876 2.56943
1.11400 0.02537 1.06558 1.13764
3.76994 0.02302 3.73075 3.79434
2.24676 0.00503 2.23718 2.25155
0.55683 0.04676 0.47165 0.59471
1.23793 0.01415 1.22548 1.26449
0.01926 0.00544 0.00977 0.02513
