# avg	std	min	max
2.33637 0.03340 2.27097 2.36262
0.95109 0.01814 0.92552 0.97942
1.07231 0.12076 0.92066 1.17464
-0.74722 0.17020 -1.02056 -0.54029
0.56629 0.02987 0.50876 0.59539
-1.45600 0.40410 -1.84544 -0.94393
-1.81929 0.06059 -1.88423 -1.70672
6.03999 0.95987 5.39941 7.94775
4.34895 0.15192 4.12543 4.49036
1.34932 0.03527 1.30193 1.40224
0.56594 0.01994 0.52996 0.58712
1.28533 0.07926 1.19295 1.37572
2.66816 0.89403 1.88918 3.98662
1.44093 0.07315 1.33643 1.55518
1.11357 0.33346 0.77646 1.64216
3.83514 0.09720 3.69612 3.97496
2.19844 0.06718 2.08028 2.26412
1.24909 0.49860 0.56854 1.72845
0.70938 0.36927 0.35800 1.41511
-0.11557 0.10923 -0.22334 0.09138
