# avg	std	min	max
2.29398 0.08139 2.19221 2.44234
0.93542 0.17858 0.82316 1.29166
1.61624 0.19949 1.22116 1.75037
-2.09836 0.19609 -2.29426 -1.74459
0.35560 0.46139 -0.35184 0.94548
-1.53161 0.16441 -1.68191 -1.21215
-2.44191 0.25412 -2.81522 -2.01875
1.51597 2.58601 -2.38460 4.37845
2.77482 0.62499 2.29096 4.00159
0.90096 0.05741 0.80035 0.96778
0.07577 0.55379 -0.61591 0.72249
1.17875 0.29458 0.76618 1.48947
-0.41685 0.54067 -1.09322 0.40327
2.46014 0.02271 2.44032 2.49980
0.88557 0.21627 0.68876 1.21951
2.82914 0.04369 2.77617 2.88055
2.18971 0.02022 2.15682 2.21890
0.90894 0.19960 0.66091 1.08656
0.08747 0.40617 -0.24112 0.88890
0.19999 0.00244 0.19755 0.20350
