# avg	std	min	max
0.85294 0.00192 0.85198 0.85678
-0.05681 0.00000 -0.05681 -0.05681
0.12355 0.01509 0.10465 0.14181
-0.53154 0.04615 -0.62026 -0.49124
-0.45652 0.01267 -0.46671 -0.43465
-0.58267 0.01167 -0.60190 -0.57016
-0.58107 0.01080 -0.59131 -0.56271
-0.58280 0.04555 -0.61704 -0.49347
2.63363 0.08306 2.52584 2.74449
0.18749 0.00012 0.18742 0.18772
0.41464 0.00204 0.41232 0.41754
0.75463 0.01657 0.74357 0.78731
-0.52261 0.00854 -0.52751 -0.50555
-0.00259 0.00305 -0.00628 0.00105
-0.42496 0.01668 -0.44512 -0.40417
0.44074 0.00367 0.43434 0.44501
-0.04912 0.00018 -0.04928 -0.04879
-0.45519 0.07807 -0.59129 -0.36818
-0.63329 0.07434 -0.72297 -0.53491
0.00560 0.00920 -0.00513 0.01713
