# avg	std	min	max
0.35137 0.10992 0.29640 0.57121
0.01088 0.10243 -0.04033 0.21575
0.47736 0.12436 0.32634 0.59684
-0.12839 0.10544 -0.19282 0.07973
0.01505 0.00220 0.01318 0.01827
-0.13796 0.12768 -0.29052 0.01384
-0.19694 0.11743 -0.27058 0.03709
-0.35129 0.12474 -0.46162 -0.19800
-0.54203 0.06371 -0.60054 -0.42631
0.30816 0.13125 0.20091 0.46894
0.24801 0.00003 0.24799 0.24806
0.34046 0.10514 0.27874 0.54873
-0.10140 0.16481 -0.27561 0.09854
-0.07056 0.13233 -0.17907 0.09475
-0.30688 0.09723 -0.49946 -0.24402
-0.23452 0.00679 -0.24468 -0.22430
0.08762 0.14834 -0.05967 0.27015
-0.30159 0.15216 -0.47514 -0.11723
-0.03068 0.14123 -0.15825 0.24035
-0.04792 0.04065 -0.09953 -0.01459
