# avg	std	min	max
-0.21668 0.00249 -0.22039 -0.21295
-1.85759 0.00089 -1.85858 -1.85647
-1.97662 0.00058 -1.97726 -1.97572
-1.76347 0.00339 -1.76954 -1.75904
-1.89138 0.00168 -1.89340 -1.88950
-1.84653 0.00552 -1.85552 -1.83991
-0.17876 0.00401 -0.18150 -0.17086
-1.86208 0.01119 -1.87786 -1.84640
-2.50169 0.00224 -2.50432 -2.49864
0.05028 0.00176 0.04678 0.05148
-2.02634 0.00345 -2.03067 -2.02024
-0.04529 0.00197 -0.04794 -0.04260
-0.08380 0.00380 -0.09067 -0.07893
-1.65682 0.00465 -1.66239 -1.64842
-2.15603 0.02097 -2.19143 -2.12873
-2.00915 0.00096 -2.01026 -2.00772
-0.87902 0.01839 -0.90478 -0.85220
-1.91484 0.07816 -2.07109 -1.87360
-2.05803 0.06817 -2.13618 -1.97577
0.02356 0.00872 0.01141 0.03317
