# avg	std	min	max
-1.67588 0.00076 -1.67626 -1.67437
0.55591 0.00076 0.55554 0.55743
1.73426 0.06176 1.70237 1.85776
-0.19132 0.00745 -0.19889 -0.17976
1.40729 0.01257 1.38859 1.42744
-0.51748 0.00642 -0.52442 -0.50599
-0.41153 0.02488 -0.42440 -0.36177
-0.28377 0.05572 -0.37038 -0.19618
2.17067 0.17231 2.02808 2.47994
-1.79547 0.01491 -1.80881 -1.76951
-0.41379 0.00230 -0.41646 -0.41054
0.00639 0.00283 0.00487 0.01205
-0.29547 0.01469 -0.31015 -0.27676
-1.47138 0.01371 -1.48865 -1.45649
-0.39350 0.03293 -0.43566 -0.33882
0.08160 0.01436 0.05519 0.09910
-0.62109 0.02572 -0.63526 -0.56968
-0.28710 0.03237 -0.31433 -0.22359
-0.35000 0.01738 -0.37116 -0.32971
0.01995 0.03128 -0.00846 0.06002
