# avg	std	min	max
0.60469 0.02670 0.57588 0.65245
0.36927 0.06705 0.31679 0.50178
-0.10370 0.02703 -0.13223 -0.06721
-0.71001 0.02737 -0.74647 -0.66528
-0.19604 0.04750 -0.24613 -0.10768
-0.79499 0.09125 -0.88681 -0.62003
-0.70957 0.12219 -0.87343 -0.50478
-0.89510 0.00160 -0.89726 -0.89276
0.25371 0.12222 0.14915 0.49223
0.94299 0.13674 0.67291 1.04125
0.53692 0.10524 0.41348 0.67273
0.25774 0.09478 0.15186 0.43390
-0.60073 0.06168 -0.71842 -0.54097
-0.11966 0.02639 -0.16616 -0.09381
-0.10659 0.03491 -0.16714 -0.06795
-0.06695 0.03254 -0.10628 -0.03315
-0.52787 0.03786 -0.56922 -0.46132
-0.69384 0.01297 -0.71770 -0.67911
-0.36693 0.06203 -0.48198 -0.29681
0.00931 0.00822 -0.00645 0.01738
