# avg	std	min	max
4.17112 0.02114 4.15232 4.20350
3.02232 0.01898 2.99077 3.04032
1.82751 0.02204 1.78396 1.84444
-0.23876 0.03719 -0.29312 -0.18668
-0.02534 0.02284 -0.06003 0.00000
0.20253 0.30680 -0.22527 0.70700
4.08466 1.40513 2.27446 5.74955
4.04462 1.15930 2.91979 6.22269
7.62439 0.12566 7.44087 7.79113
3.74071 0.04205 3.66867 3.79691
3.59379 0.02644 3.56382 3.63212
3.16245 0.02867 3.12065 3.20570
6.20032 2.19098 4.08128 10.43610
3.09158 0.48134 2.65319 3.69572
2.89510 0.29440 2.42427 3.31932
4.75165 0.01160 4.73344 4.76551
4.36632 0.04252 4.31623 4.43712
2.97960 0.25959 2.66341 3.39561
3.93130 0.37584 3.43351 4.51363
4.81062 0.29529 4.48808 5.26478
