# avg	std	min	max
0.75849 0.00345 0.75398 0.76255
0.33480 0.00737 0.33004 0.34950
0.57653 0.00989 0.56550 0.58951
-0.13894 0.09210 -0.22755 -0.00021
-0.02034 0.01580 -0.03839 0.00411
-0.25689 0.03615 -0.30484 -0.21828
-0.38587 0.01904 -0.41336 -0.36735
-1.97139 0.19066 -2.14341 -1.71718
-0.57775 0.01295 -0.58954 -0.55847
0.60981 0.01150 0.58806 0.61901
0.63002 0.01497 0.61284 0.65663
0.52225 0.01172 0.51629 0.54569
-1.44470 0.01492 -1.47108 -1.42968
0.21589 0.24040 -0.04933 0.63487
-0.00033 0.03422 -0.04886 0.05126
0.77134 0.04333 0.71153 0.83712
0.22920 0.05403 0.13209 0.28303
-0.19566 0.05636 -0.27058 -0.10611
-1.09111 0.68165 -1.93829 -0.00782
-0.04481 0.11839 -0.17569 0.15812
