# avg	std	min	max
0.16907 0.00046 0.16826 0.16958
0.07400 0.00066 0.07340 0.07516
-0.01637 0.00057 -0.01694 -0.01568
-0.16106 0.01975 -0.17348 -0.12184
0.00014 0.00009 0.00003 0.00023
-0.17734 0.04085 -0.21414 -0.10368
-0.29343 0.00827 -0.30033 -0.27750
-0.20505 0.01369 -0.22608 -0.18489
-1.09881 0.00059 -1.09960 -1.09796
0.13266 0.00065 0.13212 0.13383
-0.03811 0.00007 -0.03820 -0.03800
0.08954 0.00594 0.08381 0.09953
-0.25614 0.00681 -0.26375 -0.24680
-0.00090 0.00024 -0.00110 -0.00046
-0.42848 0.00654 -0.43704 -0.41879
0.04663 0.00023 0.04641 0.04699
-0.43127 0.00821 -0.44248 -0.42195
-0.10893 0.02465 -0.14237 -0.07207
-0.16374 0.07329 -0.25433 -0.09927
0.07505 0.00411 0.06792 0.08002
