# avg	std	min	max
4.21806 0.06887 4.08103 4.26448
2.67391 0.08580 2.55832 2.80658
0.99641 0.07380 0.91458 1.13421
0.13524 0.02990 0.09617 0.18671
-0.00317 0.00385 -0.01043 0.00019
1.18451 0.05056 1.11333 1.26286
2.70665 0.49167 1.76004 3.10324
2.84032 0.65946 1.55577 3.34084
4.52066 0.04921 4.44573 4.60084
3.74577 0.17138 3.44715 3.88955
2.72161 0.06740 2.62421 2.80361
2.88132 0.11302 2.73800 3.03341
3.52520 1.09550 2.53124 5.61949
1.48638 0.08092 1.41014 1.62869
2.14517 0.06568 2.05234 2.25491
2.95885 0.10468 2.79689 3.07063
2.36662 0.12832 2.19079 2.56328
2.18231 0.36334 1.55201 2.61494
2.41648 0.47205 1.66302 2.90904
2.38033 0.02987 2.33279 2.41412
