# avg	std	min	max
4.06343 0.03370 4.03432 4.11552
2.44929 0.03553 2.39053 2.49592
0.77292 0.00457 0.76642 0.77880
-0.00769 0.02386 -0.03863 0.02373
-0.00081 0.00099 -0.00250 0.00010
0.53505 0.02462 0.49832 0.57074
4.88189 1.00665 3.37736 6.47242
5.54059 2.16762 3.11957 8.98927
6.16713 0.05750 6.07458 6.25630
4.01847 0.03317 3.98061 4.07236
2.91793 0.00253 2.91394 2.92191
2.84411 0.01068 2.82301 2.85109
4.63911 1.94546 1.60410 6.37553
3.11063 0.00400 3.10475 3.11603
2.77272 0.20288 2.59826 3.07971
4.72614 0.15630 4.42234 4.84485
3.28303 0.07825 3.21642 3.42572
2.23690 0.13231 2.05910 2.45541
2.95832 0.03918 2.90586 3.01386
7.04248 2.52683 3.77228 10.50380
