# avg	std	min	max
4.03048 0.17032 3.74275 4.25376
2.76269 0.11091 2.59339 2.89655
1.35229 0.05622 1.24823 1.39803
-0.37212 0.04543 -0.42195 -0.29976
0.00031 0.00319 -0.00333 0.00628
0.63463 0.24823 0.40668 1.07207
1.22179 0.04173 1.15343 1.26815
2.53038 0.14213 2.37694 2.79840
6.29662 0.55306 5.60711 7.08327
3.76742 0.56704 2.63825 4.10983
2.41820 0.17692 2.14030 2.58614
3.02647 0.15459 2.85755 3.21138
2.10649 0.17809 1.95745 2.43686
2.64026 0.06519 2.52885 2.71261
2.96675 0.12431 2.72548 3.06571
4.79216 0.26120 4.44647 5.25645
3.73321 0.17053 3.61474 4.06353
1.80777 0.20245 1.58327 2.05382
2.36894 0.12618 2.11963 2.45904
2.96910 0.05057 2.89815 3.04110
