# avg	std	min	max
2.59176 0.04713 2.52980 2.66002
1.28461 0.04572 1.21364 1.34795
0.65590 0.03662 0.62978 0.72815
0.02757 0.03284 -0.00614 0.07344
-0.01495 0.02834 -0.05887 0.02713
-0.19785 0.02670 -0.24208 -0.16195
-0.08045 0.03663 -0.13712 -0.02394
0.64955 0.14350 0.40581 0.84475
4.99307 0.08195 4.88818 5.09270
2.65836 0.02287 2.62554 2.69243
2.00813 0.01389 1.98807 2.02533
2.00775 0.06105 1.92658 2.11077
-0.55587 0.05085 -0.61092 -0.46813
1.68690 0.07060 1.61421 1.81120
0.88338 0.04362 0.82806 0.96080
2.53229 0.04941 2.46557 2.58687
1.02106 0.29637 0.73291 1.44544
0.62205 0.15399 0.49530 0.89523
0.92404 0.01173 0.91186 0.94429
1.70755 0.03789 1.64143 1.73895
