# avg	std	min	max
-1.52151 0.00000 -1.52151 -1.52151
0.55471 0.00000 0.55471 0.55471
1.04672 0.00036 1.04625 1.04727
-0.07625 0.02027 -0.09000 -0.03635
0.00047 0.00094 -0.00000 0.00235
-0.25812 0.00169 -0.25922 -0.25479
-0.18946 0.00003 -0.18951 -0.18943
-0.02811 0.01415 -0.04590 -0.01364
3.69145 0.08098 3.59784 3.84009
0.06571 0.00073 0.06481 0.06668
0.49449 0.00081 0.49380 0.49607
0.23209 0.00003 0.23204 0.23211
-0.06818 0.00173 -0.06959 -0.06535
-0.19732 0.00184 -0.20002 -0.19504
-0.37025 0.07327 -0.46493 -0.24724
0.30293 0.00051 0.30217 0.30375
0.16405 0.01149 0.15335 0.18505
-0.34102 0.07731 -0.45982 -0.22371
-0.69721 0.03511 -0.74637 -0.63681
-0.09766 0.00537 -0.10412 -0.08824
