# avg	std	min	max
4.71717 0.28447 4.35727 5.02355
2.57399 0.39449 2.21434 3.22366
-0.03605 0.15193 -0.16668 0.25715
1.19282 0.73290 0.11451 2.41484
1.78836 0.44893 1.21944 2.29548
1.25008 0.56864 0.70460 2.08105
5.40879 0.49298 5.01316 6.22402
5.05271 0.31470 4.50337 5.38549
7.03000 0.46394 6.62068 7.92160
3.63561 0.30713 3.32839 4.17993
2.41374 0.55879 2.06069 3.52572
2.18550 0.40756 1.83248 2.93832
6.30778 0.48860 5.71240 6.87326
3.08677 0.27768 2.77432 3.41506
2.11079 0.22261 1.80907 2.37817
5.97710 0.51605 5.33625 6.79568
4.45175 0.37912 4.03453 5.00715
-0.15461 0.24370 -0.62908 -0.00000
0.60946 0.38056 0.09558 0.92881
3.50790 0.72660 2.15100 4.15988
