# avg	std	min	max
2.09502 0.04105 2.01555 2.12549
0.89334 0.04842 0.83144 0.96586
1.19956 0.02910 1.15365 1.24076
0.29226 0.02745 0.25379 0.33270
0.89762 0.22679 0.44824 1.03983
0.46311 0.03760 0.42399 0.52541
0.69772 0.09055 0.61765 0.81023
1.54152 0.07400 1.39718 1.60015
1.95410 0.04714 1.87998 2.01574
0.70216 0.08366 0.60278 0.82613
0.56706 0.05110 0.46869 0.60864
1.09063 0.03819 1.04842 1.15696
0.95120 0.06993 0.85909 1.05555
0.98680 0.04120 0.94176 1.05107
1.77320 0.25037 1.37758 2.13980
2.82988 0.04193 2.75335 2.88060
2.47928 0.14075 2.30056 2.69359
-0.00411 0.06637 -0.12481 0.07874
-0.26000 0.17499 -0.46502 -0.00561
0.88541 0.01154 0.86314 0.89443
