# avg	std	min	max
3.07532 0.32613 2.85725 3.72122
2.49433 0.32072 2.02005 3.00568
2.61583 0.24577 2.39841 3.05543
1.88352 0.29709 1.53899 2.43181
2.41203 0.23091 1.97668 2.66999
1.47674 0.28391 1.07179 1.88882
2.20331 0.54593 1.53924 3.03809
3.24904 0.39944 2.51818 3.64001
0.56489 0.12200 0.36264 0.73030
2.72124 0.24196 2.49732 3.16512
2.34498 0.37560 1.88625 2.78594
2.51811 0.12071 2.37961 2.73441
2.53530 0.61189 1.96058 3.63765
2.68951 0.31291 2.37670 3.08909
2.11376 0.22215 1.84117 2.43874
2.74339 0.35833 2.42875 3.33315
2.38210 0.28097 2.12586 2.79453
-0.33823 0.36347 -0.93614 0.15714
0.18899 0.34445 -0.35480 0.59989
2.18756 0.22427 1.87560 2.55958
