# avg	std	min	max
1.48989 0.07112 1.41128 1.61627
0.69977 0.04590 0.62841 0.77322
0.33200 0.02613 0.30350 0.36553
-1.11076 0.03983 -1.15456 -1.06104
-0.64673 0.05345 -0.73018 -0.57315
-1.42773 0.04102 -1.48999 -1.36058
-1.57157 0.04176 -1.62964 -1.51009
0.52909 0.44004 -0.20971 1.15281
4.22790 0.04750 4.13787 4.27662
1.05342 0.02368 1.01813 1.08133
0.53358 0.04182 0.46228 0.59341
0.89352 0.03568 0.83105 0.93465
1.12002 0.03750 1.05456 1.15498
0.69223 0.01935 0.66312 0.71375
0.77236 0.03583 0.72156 0.82479
2.00873 0.03809 1.95167 2.06795
1.18691 0.05304 1.12462 1.26674
0.02599 0.04917 -0.00000 0.12423
-0.56064 0.15631 -0.72876 -0.32079
0.83098 0.01902 0.81018 0.86088
