# avg	std	min	max
1.05529 0.05770 0.98228 1.12222
0.27680 0.04053 0.23226 0.34053
0.55497 0.05652 0.47889 0.65220
-0.43545 0.01150 -0.44599 -0.41391
-0.29061 0.00298 -0.29346 -0.28604
-0.43165 0.00549 -0.43609 -0.42149
-0.05529 0.04115 -0.13078 -0.02278
-0.26712 0.01699 -0.29469 -0.24988
4.13031 0.03538 4.07487 4.17433
1.08463 0.02482 1.06506 1.13299
0.97352 0.06234 0.86795 1.06207
1.10434 0.03808 1.05068 1.16863
-0.04718 0.02733 -0.09200 -0.02167
0.61552 0.14433 0.47825 0.86540
-0.13622 0.08176 -0.21335 -0.00410
0.72148 0.04221 0.69006 0.80492
0.33144 0.07217 0.20310 0.39917
-0.00685 0.00660 -0.01810 0.00264
0.18481 0.31764 -0.45021 0.36053
0.75739 0.01729 0.73600 0.78783
