# avg	std	min	max
0.10382 0.03035 0.05284 0.14230
0.18968 0.02516 0.16641 0.23647
0.27633 0.02457 0.24982 0.31873
0.07453 0.00418 0.06734 0.08012
0.16441 0.01071 0.15237 0.18153
-0.10115 0.02801 -0.13550 -0.05512
-0.27020 0.02228 -0.30115 -0.23919
-0.12986 0.01397 -0.15498 -0.11190
0.43578 0.02956 0.39941 0.48570
0.28432 0.01350 0.26078 0.29807
0.24338 0.02346 0.20790 0.27130
0.21894 0.02447 0.18468 0.24432
-0.14559 0.01717 -0.16855 -0.11796
0.14851 0.01000 0.13800 0.16742
0.15573 0.01592 0.13184 0.17796
0.55451 0.02022 0.52967 0.58844
0.41766 0.00599 0.40951 0.42516
0.00716 0.03203 -0.02662 0.06041
-0.14804 0.00571 -0.15416 -0.14000
0.20571 0.01946 0.18830 0.23992
