# avg	std	min	max
1.06630 0.01693 1.04730 1.08806
0.36438 0.04429 0.31387 0.44658
0.86529 0.05075 0.79637 0.95338
-0.03782 0.04129 -0.08815 0.00943
0.25582 0.05144 0.19896 0.34736
-0.26391 0.02728 -0.29095 -0.21177
0.21095 0.02547 0.17393 0.25214
0.40543 0.04293 0.35594 0.48054
3.34096 0.05307 3.25415 3.40107
0.96897 0.05240 0.90289 1.05561
1.09390 0.01168 1.08292 1.11598
1.07752 0.03094 1.05509 1.13829
0.66250 0.03201 0.61467 0.71284
0.31257 0.02072 0.28520 0.34279
0.28880 0.03377 0.23823 0.33086
0.77995 0.02909 0.74796 0.81919
0.35306 0.03715 0.31744 0.40493
-0.03629 0.02859 -0.07503 0.00339
0.02378 0.03166 -0.03026 0.06126
0.65442 0.01251 0.63577 0.67448
