# avg	std	min	max
1.08423 0.01893 1.06663 1.10745
0.30920 0.02344 0.28392 0.33727
0.89264 0.01883 0.87566 0.92407
-0.20405 0.03334 -0.26570 -0.17255
0.38683 0.01532 0.37093 0.41588
-0.05050 0.02298 -0.09324 -0.02837
0.03803 0.02798 -0.00811 0.07387
-0.25800 0.02104 -0.28051 -0.21976
2.50526 0.48793 2.04538 3.10770
0.31409 0.02444 0.28892 0.34840
1.05048 0.02339 1.01343 1.07003
0.93101 0.03378 0.89221 0.98746
0.02151 0.01381 -0.00234 0.03875
0.14953 0.02374 0.11759 0.19050
0.46211 0.02965 0.43269 0.50765
0.76107 0.02740 0.72609 0.79325
0.13461 0.02496 0.11222 0.18049
-0.00018 0.00000 -0.00018 -0.00018
-0.52099 0.02935 -0.57609 -0.49247
0.12620 0.02951 0.09440 0.16625
