# avg	std	min	max
1.07897 0.02834 1.06480 1.13564
0.41363 0.01444 0.40641 0.44251
0.55890 0.00258 0.55552 0.56234
-0.02037 0.03116 -0.04311 0.03648
0.03003 0.01608 0.01100 0.05060
-0.27719 0.04888 -0.32311 -0.18393
-0.13267 0.01763 -0.14369 -0.09759
0.21981 0.03355 0.19021 0.27876
2.57073 0.25411 2.16257 2.87829
0.36283 0.00895 0.35810 0.38072
1.03288 0.00908 1.02548 1.04510
0.95227 0.03208 0.93513 1.01641
-0.07596 0.01796 -0.08873 -0.04044
0.27258 0.00324 0.26983 0.27858
0.14899 0.02200 0.12790 0.19026
0.87536 0.05404 0.79889 0.94046
0.34308 0.05214 0.30706 0.44493
-0.06649 0.00000 -0.06649 -0.06649
-0.28173 0.06078 -0.33437 -0.16270
0.48568 0.04521 0.40947 0.54759
