# avg	std	min	max
1.02483 0.05540 0.95936 1.08645
0.12270 0.03291 0.09159 0.18655
0.37071 0.03577 0.30760 0.41072
-0.23681 0.05205 -0.30305 -0.17258
-0.21326 0.02944 -0.25603 -0.17573
-0.66469 0.06577 -0.75179 -0.55249
-0.76370 0.04422 -0.80595 -0.68412
-0.31626 0.01695 -0.34410 -0.29225
2.90314 0.27695 2.57269 3.38329
0.17274 0.03668 0.12529 0.22002
0.74609 0.02201 0.71627 0.76753
0.78356 0.04395 0.73142 0.85333
-0.50379 0.04897 -0.54854 -0.42513
0.04150 0.13585 -0.22412 0.15483
0.24352 0.02826 0.20917 0.27932
0.62586 0.06120 0.52787 0.70976
-0.17671 0.03775 -0.22453 -0.12192
-0.04087 0.03216 -0.09575 -0.00448
-0.08586 0.06894 -0.17292 -0.00685
0.22889 0.03837 0.16587 0.27144
