# avg	std	min	max
1.01559 0.04286 0.93318 1.04875
0.29405 0.03346 0.23517 0.33401
0.85041 0.00916 0.83210 0.85567
-0.22153 0.05509 -0.29122 -0.12588
0.26133 0.00357 0.25838 0.26790
-0.06413 0.03372 -0.11683 -0.02702
0.05958 0.01205 0.03703 0.06843
-0.24640 0.05675 -0.33835 -0.16662
4.27445 0.03869 4.23910 4.32226
0.73648 0.02124 0.70117 0.76549
0.26897 0.01178 0.25576 0.28805
1.13344 0.03737 1.07859 1.19295
0.12002 0.00338 0.11578 0.12338
0.21472 0.11849 0.03583 0.35818
-0.12220 0.00187 -0.12446 -0.12035
0.71792 0.00600 0.71121 0.72680
0.25883 0.01172 0.24557 0.27838
-0.00129 0.00000 -0.00129 -0.00129
-0.26682 0.08040 -0.42606 -0.20979
0.59828 0.00717 0.58800 0.61046
