# avg	std	min	max
0.46161 0.01357 0.44701 0.48020
0.00508 0.01499 -0.01709 0.02234
0.19411 0.01556 0.17331 0.21269
-0.17136 0.03014 -0.21835 -0.14054
-0.17413 0.01219 -0.18971 -0.15907
-0.35801 0.02513 -0.40666 -0.33509
-0.41259 0.02837 -0.45623 -0.37021
-0.52731 0.05959 -0.63863 -0.46173
-1.99367 0.05398 -2.07524 -1.90481
0.34824 0.02083 0.31037 0.37241
0.30204 0.02207 0.26614 0.32274
0.49793 0.01463 0.46975 0.51005
-0.34356 0.01404 -0.36349 -0.32385
0.39883 0.03363 0.34838 0.43313
-0.33565 0.03990 -0.39625 -0.27973
-1.11096 0.02264 -1.14120 -1.07247
-1.48526 0.05383 -1.56846 -1.43453
-0.03061 0.01504 -0.05351 -0.01121
0.30994 0.00835 0.29648 0.31841
0.31734 0.02696 0.28866 0.36721
