# avg	std	min	max
2.78858 0.03386 2.72704 2.82733
1.34760 0.02962 1.31066 1.38899
0.19793 0.34948 -0.08790 0.65075
-1.34385 0.53099 -1.94419 -0.67417
-0.03236 0.46997 -0.43706 0.60882
-1.77966 0.07621 -1.92015 -1.71479
3.52031 0.15790 3.38408 3.80904
4.24943 0.06027 4.14572 4.32892
2.88586 0.11521 2.68483 3.00762
2.28846 0.03188 2.24605 2.32590
1.12336 0.03175 1.09467 1.18127
0.58430 0.06169 0.55148 0.70766
6.88821 0.24586 6.67515 7.29384
1.54698 0.00783 1.53998 1.56170
0.75350 0.02005 0.72495 0.78624
2.80258 0.02865 2.74867 2.83392
1.36922 0.05080 1.29193 1.42958
-0.00113 0.00000 -0.00113 -0.00113
0.28785 0.14235 0.11413 0.44095
2.97273 0.13879 2.76049 3.18838
