# avg	std	min	max
2.59380 0.03538 2.54615 2.63221
1.02497 0.00803 1.01511 1.03748
0.12338 0.00929 0.10666 0.13365
-0.19689 0.07241 -0.28707 -0.10493
-0.15099 0.07097 -0.21171 -0.06273
-0.92843 0.11617 -1.09236 -0.73420
-1.12762 0.08761 -1.19367 -0.95822
-0.00244 0.09063 -0.15054 0.11310
4.02326 0.24013 3.60810 4.24495
1.45375 0.01864 1.43951 1.49048
0.34905 0.01675 0.32168 0.36788
1.34888 0.00808 1.33561 1.36069
-0.52454 0.01718 -0.54085 -0.50269
0.68696 0.00254 0.68377 0.68950
0.41951 0.06530 0.37847 0.54811
2.30639 0.07251 2.22878 2.43259
1.40383 0.06271 1.32605 1.50759
-0.02078 0.00000 -0.02078 -0.02078
0.38922 0.16836 0.06102 0.52805
0.15479 0.03249 0.11955 0.20864
