# avg	std	min	max
2.06697 0.04729 2.01616 2.12961
0.80801 0.02439 0.77679 0.84390
0.60369 0.01669 0.58047 0.62873
-0.52829 0.04319 -0.58254 -0.47211
-0.32124 0.01672 -0.34403 -0.29998
-0.53490 0.05219 -0.63024 -0.47649
-0.10058 0.09879 -0.29204 -0.01767
0.07665 0.17198 -0.07467 0.40882
2.96974 0.03334 2.91322 3.01635
1.07963 0.03067 1.03424 1.11324
0.72242 0.03490 0.66053 0.76314
1.20376 0.03392 1.16828 1.26808
-0.03045 0.17148 -0.22229 0.26231
1.42909 0.02744 1.39228 1.47659
-0.05784 0.03674 -0.11133 -0.01032
1.51974 0.02558 1.48714 1.56099
0.67680 0.01905 0.65615 0.71011
-0.04497 0.04153 -0.10495 -0.00447
0.38729 0.02311 0.36163 0.42789
1.03462 0.01641 1.01546 1.06238
