# avg	std	min	max
2.11195 0.15137 1.89041 2.31614
0.77225 0.04706 0.68712 0.83130
1.00139 0.34216 0.66723 1.62967
0.01633 0.13061 -0.15970 0.20219
-0.19611 0.09108 -0.31893 -0.08800
-0.43741 0.20507 -0.84421 -0.29203
0.10595 0.07876 0.00169 0.21532
-0.23283 0.05265 -0.30979 -0.16127
4.90975 0.03283 4.85646 4.94621
1.14279 0.16104 0.90908 1.40072
1.15589 0.17009 0.86646 1.37524
1.54785 0.14101 1.30852 1.70568
0.16706 0.08693 0.00792 0.25550
0.93966 0.28666 0.56916 1.31450
0.33639 0.12550 0.17258 0.47998
0.65236 0.18022 0.29468 0.78417
0.64164 0.45912 0.14069 1.35315
-0.01688 0.00000 -0.01688 -0.01688
0.18855 0.08660 0.09797 0.31223
1.01968 0.24660 0.75581 1.42040
