# avg	std	min	max
1.24513 0.01105 1.22927 1.25689
0.20548 0.02947 0.18374 0.26138
0.29904 0.01315 0.29181 0.32531
-0.74933 0.02298 -0.76561 -0.70459
-0.51201 0.02302 -0.54630 -0.47862
-0.68938 0.02547 -0.72815 -0.66349
-0.69923 0.02075 -0.71892 -0.66022
-0.40039 0.01174 -0.41013 -0.37745
3.91423 0.00650 3.90706 3.92407
0.30611 0.00418 0.29911 0.31044
0.77230 0.01437 0.75447 0.79300
0.75413 0.00355 0.74987 0.75767
-0.63224 0.02793 -0.66704 -0.59797
0.08087 0.01529 0.06331 0.10822
0.16906 0.00898 0.16172 0.18634
-0.38483 0.01706 -0.39740 -0.35100
-0.48803 0.02622 -0.53861 -0.46545
-0.01466 0.00912 -0.03022 -0.00426
0.34551 0.03132 0.30439 0.39223
-0.11927 0.01215 -0.12999 -0.09690
