# avg	std	min	max
3.76608 0.18073 3.54648 4.06535
2.36567 0.18282 2.12524 2.59620
1.06678 0.22575 0.78647 1.41752
0.04406 0.12600 -0.13379 0.25758
-0.61032 0.22479 -0.87981 -0.31523
-0.26143 0.06522 -0.37816 -0.17827
1.11686 0.21438 0.83083 1.37597
2.01492 0.10285 1.90216 2.20840
0.80712 0.23350 0.55118 1.21166
2.29962 0.18004 2.11723 2.57241
1.00509 0.09438 0.86035 1.13317
1.81531 0.18761 1.69015 2.18569
2.40733 0.30179 2.12277 2.97792
1.62907 0.18453 1.35490 1.90413
2.13866 0.84867 1.00082 3.35238
4.22372 0.12193 4.06341 4.36849
3.95720 0.42466 3.56255 4.52605
2.23192 0.18974 1.90724 2.43511
3.54304 1.26383 1.94663 5.55091
4.21897 1.47220 2.95887 6.18021
