# avg	std	min	max
3.69449 0.04030 3.63747 3.74526
2.73210 0.02781 2.69273 2.76529
1.69703 0.04599 1.61142 1.74397
-0.11623 0.04348 -0.18741 -0.05717
0.64898 0.02807 0.61384 0.68976
0.35431 0.23144 0.16227 0.79617
8.58153 1.53323 6.58894 10.27110
9.65805 0.09123 9.53972 9.81910
3.23033 0.02831 3.18490 3.27141
2.88624 0.00811 2.87619 2.90041
1.50458 0.03639 1.46438 1.55873
2.71822 0.06163 2.63036 2.78318
5.80695 0.14828 5.54418 5.99042
3.16849 0.03001 3.13773 3.21945
2.79729 0.59403 2.26498 3.86546
5.60948 0.03627 5.54290 5.65012
4.69533 0.13761 4.47386 4.90356
2.30945 0.29158 1.95989 2.84800
2.47502 0.38783 1.87556 2.91016
7.47109 1.33755 5.86991 9.15671
