# avg	std	min	max
3.29905 0.03112 3.24967 3.34614
1.83882 0.00804 1.82334 1.84637
2.50639 0.03130 2.46289 2.54878
-0.00443 0.01114 -0.02645 0.00430
1.68346 0.07319 1.60281 1.80719
-0.11083 0.02183 -0.14722 -0.08797
1.56223 0.32506 1.31094 2.18685
2.47301 0.28807 2.12250 2.82908
2.78925 0.66936 2.18118 3.94281
2.39634 0.09016 2.29312 2.52733
4.30344 0.04233 4.21950 4.33038
2.01555 0.02847 1.97404 2.04769
2.01470 0.53318 1.18748 2.80996
2.64687 0.02288 2.62258 2.68007
2.25713 0.02992 2.21458 2.30337
3.55443 0.17865 3.32580 3.80794
3.74728 0.13574 3.53312 3.86610
1.65308 0.08082 1.50001 1.74037
1.46085 0.33585 0.89943 1.92616
3.21204 0.12553 3.10212 3.45790
