# avg	std	min	max
5.11828 0.03423 5.06724 5.16341
3.50772 0.02436 3.46074 3.52776
2.69007 0.05414 2.60380 2.74578
-0.02459 0.04053 -0.06764 0.04336
1.85915 0.13805 1.62389 2.05572
0.10401 0.10138 -0.03289 0.27834
3.03096 0.40439 2.37224 3.44594
7.31609 0.96925 6.09278 8.65502
8.14657 0.01601 8.11717 8.16175
3.88786 0.02515 3.86366 3.93095
3.28773 0.02292 3.26366 3.32155
3.53823 0.02403 3.49297 3.56458
9.86545 1.60038 7.21162 11.60370
4.19654 0.04727 4.13107 4.25421
2.82088 0.03035 2.76528 2.85587
5.15070 0.02736 5.12751 5.19986
4.79819 0.06566 4.73610 4.91565
2.89619 0.25061 2.64823 3.24332
3.97832 1.27335 2.11916 5.52598
2.28401 0.14955 2.10709 2.45744
