# avg	std	min	max
1.36025 0.03807 1.31035 1.40900
2.38474 0.02951 2.35930 2.44179
2.62590 0.03679 2.58796 2.68808
0.00364 0.03937 -0.03817 0.07771
2.79834 0.02477 2.76298 2.83956
-0.38760 0.08800 -0.49631 -0.23188
-0.18313 0.04726 -0.26236 -0.13450
-1.56072 0.04084 -1.61318 -1.52257
5.92044 0.06440 5.83445 6.00183
2.41067 0.04748 2.32973 2.47091
3.70506 0.02548 3.69200 3.75602
1.89007 0.04027 1.84374 1.93991
0.28193 0.03743 0.21126 0.32121
1.51893 0.03594 1.47682 1.56746
1.57066 0.08315 1.51000 1.72706
2.42982 0.03764 2.37628 2.47462
2.02296 0.03366 1.98130 2.07363
0.88383 0.02699 0.84740 0.92415
1.43151 0.07023 1.34161 1.52504
1.38770 0.03494 1.33274 1.42619
