# avg	std	min	max
5.13472 0.10132 5.00175 5.25345
3.66669 0.02785 3.62174 3.70204
2.17409 0.25381 1.94573 2.60572
-0.00208 0.00961 -0.01986 0.00944
2.21163 0.07230 2.10802 2.29551
1.36661 0.25626 1.20719 1.87797
3.89724 0.15987 3.72402 4.11719
21.45668 0.81844 20.36200 22.75800
2.07880 0.06247 1.95724 2.12569
5.01324 0.06894 4.94385 5.12957
3.51678 0.02466 3.49839 3.56240
3.31996 0.00864 3.30468 3.33148
10.10502 1.50678 8.83165 12.61710
4.32126 0.01586 4.30514 4.35164
3.51652 0.65818 2.77457 4.27938
5.60121 0.04661 5.53003 5.66980
4.92439 0.24003 4.53099 5.20946
4.82615 0.78002 3.92410 5.88766
7.75771 1.15633 5.89996 9.32873
3.58110 0.15596 3.34080 3.77760
