# avg	std	min	max
5.17101 0.01922 5.14110 5.20138
3.15018 0.01142 3.13539 3.16579
4.11822 0.23716 3.78039 4.47611
-0.01213 0.00891 -0.02041 -0.00110
3.46736 0.28153 3.21778 3.88149
0.73045 0.14288 0.62019 1.01122
3.59035 1.35264 2.74508 6.24369
13.61290 1.79685 11.52750 16.81960
7.22386 0.06825 7.11321 7.30441
4.71014 0.00655 4.69761 4.71603
4.31383 0.28608 3.74201 4.47137
3.32789 0.03193 3.27828 3.36705
8.57630 3.43421 6.68924 15.42970
3.91524 0.03120 3.86458 3.94830
2.75687 0.03485 2.71204 2.80229
5.13700 0.04537 5.08200 5.18834
4.71392 0.17359 4.61648 5.06019
5.13985 0.74202 3.96633 5.99518
5.37620 0.76181 4.64343 6.50554
5.09664 1.70040 3.23924 7.16091
