# avg	std	min	max
0.37827 0.01481 0.35025 0.39027
0.18557 0.00063 0.18514 0.18676
0.87624 0.01373 0.85438 0.89462
0.00328 0.00878 -0.00634 0.01984
0.89320 0.02371 0.85781 0.92704
0.18392 0.04212 0.13576 0.24453
0.29813 0.03052 0.25564 0.34809
0.68945 0.11288 0.49362 0.84047
4.86720 0.00402 4.86279 4.87431
0.17134 0.00019 0.17114 0.17166
0.98622 0.11653 0.75447 1.05997
0.09435 0.00519 0.08437 0.09946
0.39797 0.07931 0.31031 0.54676
-0.31594 0.01166 -0.32694 -0.29467
-0.02782 0.04729 -0.08478 0.03424
0.37187 0.00486 0.36251 0.37658
0.46432 0.00992 0.44995 0.47606
0.05840 0.05695 -0.01029 0.13779
-0.46841 0.27621 -0.75482 -0.08353
0.76927 0.02855 0.73693 0.81898
