# avg	std	min	max
4.44844 0.10754 4.34625 4.65500
3.10025 0.03829 3.05830 3.14914
3.15594 0.05866 3.09043 3.26606
-0.08337 0.09079 -0.26331 -0.02401
3.55251 0.38556 3.17444 4.21231
0.32580 0.31973 -0.27572 0.66404
1.94340 0.88752 0.69926 3.00739
3.54755 2.05555 0.64237 5.44790
6.57254 0.16775 6.25133 6.70848
3.01399 0.12065 2.89308 3.21068
1.93567 0.07614 1.85697 2.07191
3.26579 0.05066 3.21373 3.35818
6.28393 0.17783 6.11881 6.62198
3.24853 0.65547 2.55285 4.04230
3.31430 0.05683 3.25999 3.42367
5.85776 0.07990 5.70738 5.93156
5.11720 0.22617 4.90046 5.52199
2.67777 0.19660 2.40268 2.94215
3.80261 0.98378 2.66322 5.61573
3.01002 0.07515 2.89247 3.09279
