# avg	std	min	max
1.49977 0.07373 1.35788 1.56519
0.55925 0.02015 0.53296 0.58751
0.78169 0.03728 0.72514 0.83162
0.00119 0.00221 -0.00000 0.00560
-0.06780 0.04097 -0.13286 -0.02318
-0.30131 0.07623 -0.38359 -0.20804
0.27824 0.03499 0.22878 0.33299
0.17157 0.02386 0.14686 0.21415
3.87180 0.04955 3.82305 3.95711
0.59870 0.09396 0.43322 0.71095
1.16835 0.02057 1.13817 1.20060
1.28130 0.04258 1.21591 1.33124
0.37485 0.04282 0.30051 0.41841
-0.09203 0.21895 -0.40208 0.11986
0.06510 0.00420 0.06091 0.07260
0.96491 0.03090 0.92491 1.01427
0.49003 0.00318 0.48382 0.49238
0.39418 0.02711 0.35918 0.43308
0.30362 0.11652 0.13921 0.49361
0.93965 0.03629 0.88030 0.98452
