# avg	std	min	max
3.30467 0.03825 3.26968 3.35281
2.34453 0.02646 2.31448 2.38081
2.12772 0.10544 2.01161 2.27723
-0.02727 0.01357 -0.04611 -0.00945
1.42688 0.03758 1.36033 1.47228
-0.27191 0.02627 -0.29757 -0.22218
2.60399 0.05122 2.53279 2.65365
2.50137 0.12791 2.27462 2.62345
2.24684 0.03728 2.17482 2.27739
2.80075 0.08913 2.73395 2.97740
2.02531 0.03453 1.99921 2.09289
1.65642 0.06151 1.57465 1.74895
2.53357 0.12236 2.35362 2.71622
2.46432 0.02390 2.43837 2.50244
1.38266 0.10808 1.17216 1.47511
2.64914 0.01875 2.63006 2.68217
2.42340 0.04474 2.37042 2.49144
1.18574 0.12997 1.07718 1.43220
1.50409 0.19876 1.25655 1.69385
2.49787 0.06480 2.44161 2.61946
