# avg	std	min	max
1.30472 0.09544 1.12268 1.38262
0.70060 0.04665 0.63933 0.75768
0.94680 0.03522 0.91258 1.01275
-0.00204 0.01961 -0.02963 0.03065
0.55920 0.04172 0.50811 0.63168
-0.43294 0.02764 -0.47125 -0.39223
-0.33767 0.01171 -0.35375 -0.32373
-0.21122 0.09562 -0.29384 -0.02751
-1.02331 0.08244 -1.14795 -0.89069
0.83745 0.09218 0.73078 0.97690
0.83249 0.07539 0.71469 0.92968
1.28564 0.05024 1.22659 1.36541
-0.10652 0.06184 -0.18133 -0.00475
1.36107 0.04763 1.29486 1.41975
0.18083 0.06967 0.12271 0.31511
1.21138 0.12163 1.12717 1.45269
0.90781 0.03105 0.85649 0.94459
0.61773 0.05749 0.53517 0.71572
0.38785 0.09637 0.23192 0.53163
1.22619 0.05064 1.13072 1.28107
