# avg	std	min	max
3.36324 0.13153 3.17344 3.53351
1.90717 0.17386 1.66835 2.17274
2.85420 0.10240 2.77082 3.04867
-0.00210 0.01597 -0.02873 0.02148
2.99261 0.09624 2.85958 3.09950
-0.53954 0.04441 -0.59658 -0.47066
0.99027 0.23678 0.57939 1.18502
1.68151 0.10569 1.51011 1.84152
4.74947 0.45161 4.13390 5.23283
2.40070 0.12961 2.17718 2.57319
2.04091 0.22048 1.69178 2.34310
2.54779 0.01322 2.52985 2.55939
1.23783 0.10069 1.12524 1.42739
2.13632 0.06353 2.06404 2.24761
2.23431 0.40057 1.44453 2.56133
3.75643 0.27230 3.42404 4.14136
2.88200 0.14813 2.66754 3.01030
1.91910 0.18353 1.62595 2.19900
1.72129 0.58281 0.84985 2.39946
1.77953 0.02565 1.75947 1.82907
