# avg	std	min	max
2.99782 0.19982 2.73270 3.33687
1.89899 0.14641 1.69695 2.10167
3.10815 0.46929 2.64477 3.78336
-0.01273 0.01342 -0.03393 0.00351
1.97249 0.16149 1.70060 2.20792
-0.12226 0.07561 -0.20234 0.01090
5.58605 1.14679 4.16156 7.28654
4.92917 0.58961 3.95219 5.70267
5.38411 0.44511 4.74465 5.89773
2.20645 0.32218 1.83837 2.70216
3.65264 0.09000 3.55286 3.78328
2.50581 0.03523 2.46610 2.55735
5.17087 0.38690 4.82453 5.90511
3.02723 0.25960 2.50849 3.16916
1.70543 0.05931 1.58936 1.75526
3.11263 0.09884 3.01342 3.27484
2.78655 0.08837 2.64163 2.90217
2.18366 0.42617 1.67639 2.90982
2.37962 0.16863 2.17065 2.66631
6.17150 1.21826 5.05713 8.40064
