# avg	std	min	max
3.77737 0.10026 3.64327 3.90088
2.41475 0.04683 2.35056 2.48628
2.33784 0.12051 2.11877 2.48143
-0.11211 0.09758 -0.26779 -0.01857
1.37117 0.13290 1.20033 1.55376
-0.39944 0.11820 -0.54354 -0.22887
0.32806 0.11651 0.14204 0.48510
0.60178 0.16414 0.38875 0.83544
7.07038 0.04514 6.98423 7.11698
2.86350 0.10417 2.69758 3.01358
2.68705 0.07618 2.55951 2.76692
2.69367 0.10749 2.50783 2.82383
-0.32905 0.04879 -0.40694 -0.27394
3.16286 0.13365 3.01395 3.36375
2.01505 0.22870 1.65182 2.28210
3.61749 0.17454 3.33189 3.84783
2.48767 0.36318 2.16862 3.04606
1.86290 0.17435 1.65683 2.14637
2.58808 0.48961 2.02887 3.44638
2.38650 0.14376 2.11221 2.53700
