# avg	std	min	max
4.42872 0.06642 4.32238 4.49662
2.82066 0.06543 2.75079 2.91693
1.82774 0.02343 1.79307 1.86671
-0.01913 0.01069 -0.03644 -0.00647
1.27059 0.07559 1.15198 1.38881
0.18982 0.04156 0.15097 0.26417
0.48687 0.10066 0.28783 0.55370
1.14370 0.27707 0.78798 1.51827
7.30819 0.05964 7.21894 7.38409
3.51625 0.03275 3.47165 3.57172
2.74732 0.03394 2.68334 2.78096
3.26153 0.03530 3.21212 3.30912
1.38769 0.07550 1.32319 1.53524
2.72395 0.03444 2.66041 2.76429
2.17081 0.07695 2.03375 2.26814
4.04577 0.03069 3.98693 4.07026
3.18068 0.05120 3.08987 3.24355
2.04336 0.42296 1.61432 2.56458
2.15309 0.11055 2.01614 2.34860
2.39375 0.12224 2.26624 2.61874
