# avg	std	min	max
1.95453 0.04598 1.90064 2.01403
1.20644 0.05116 1.12399 1.26505
1.41232 0.03056 1.36485 1.44953
-0.00991 0.00962 -0.02218 0.00000
0.83706 0.63696 0.42016 2.10436
0.09364 0.02871 0.05680 0.13356
1.46528 0.26828 0.94450 1.66768
1.57099 0.13964 1.38496 1.80854
4.97638 0.23456 4.66285 5.21246
1.45635 0.02408 1.42952 1.49256
1.41025 0.01536 1.38385 1.42876
1.76766 0.02293 1.72193 1.78058
2.14072 0.20976 1.87948 2.38731
0.99248 0.00765 0.98015 1.00115
1.09287 0.22644 0.79261 1.33447
2.30813 0.07604 2.19271 2.41366
1.76199 0.03679 1.70674 1.81897
1.33634 0.02049 1.29987 1.36256
1.27981 0.70444 0.02919 1.83974
1.15353 0.01689 1.13015 1.17623
