# avg	std	min	max
3.48259 0.00831 3.46810 3.49294
2.45487 0.01798 2.42523 2.47213
2.01102 0.01627 1.99958 2.04332
-0.02913 0.01184 -0.04308 -0.01370
1.66284 0.03483 1.62959 1.73034
0.63276 0.03906 0.57058 0.69161
0.43211 0.14120 0.33821 0.71145
1.31285 0.02676 1.27346 1.35552
5.32246 0.23956 5.08864 5.75721
2.92051 0.01096 2.90490 2.93336
2.50083 0.03043 2.44191 2.52903
2.72631 0.03128 2.68553 2.75418
1.13109 0.03856 1.08777 1.20137
3.12703 0.00412 3.11910 3.13018
1.57579 0.00345 1.57118 1.58143
4.06041 0.01493 4.04318 4.08508
3.16859 0.01508 3.14241 3.18379
1.54877 0.16608 1.30002 1.70612
2.10696 0.03643 2.06313 2.15379
2.10398 0.04670 2.02328 2.15999
