# avg	std	min	max
2.02884 0.02270 1.99603 2.06666
1.28511 0.02226 1.26833 1.32805
0.99180 0.01221 0.97325 1.00434
0.00400 0.00717 0.00000 0.01827
0.06568 0.01172 0.04250 0.07472
-0.89659 0.04333 -0.95579 -0.83718
0.23373 0.00305 0.23134 0.23973
1.00138 0.19804 0.61091 1.16221
3.22389 0.09394 3.14357 3.40148
1.24960 0.02760 1.20535 1.28563
0.69031 0.00511 0.68561 0.69993
1.60622 0.01330 1.58475 1.62618
0.49242 0.11843 0.25744 0.56194
1.33094 0.01665 1.30890 1.34763
0.90514 0.03031 0.85970 0.94771
1.76725 0.02693 1.72961 1.81143
0.88767 0.08762 0.76479 0.98215
0.92065 0.05249 0.82986 0.98564
0.86190 0.04087 0.81011 0.91238
1.05346 0.00446 1.04881 1.06145
