# avg	std	min	max
3.86536 0.03376 3.82151 3.90856
2.53671 0.00802 2.52461 2.54509
2.85902 0.07460 2.72523 2.93782
-0.01010 0.01853 -0.03397 0.01527
1.61763 0.16801 1.30484 1.78722
0.18239 0.04940 0.12893 0.25982
3.36855 0.21173 3.02236 3.64762
3.41821 0.87256 2.42073 4.57821
4.80713 0.10656 4.70864 4.97032
3.46618 0.03059 3.43132 3.51527
3.42642 0.02377 3.39020 3.45994
2.92565 0.02491 2.88017 2.94817
8.44820 0.64251 7.71888 9.33300
2.41358 0.02972 2.36892 2.45689
2.22066 0.00680 2.20967 2.22699
3.96574 0.33075 3.46160 4.33216
3.42908 0.15326 3.16422 3.58690
2.73307 0.12853 2.62974 2.97403
2.74610 0.70390 1.39221 3.29781
3.83781 0.23501 3.47831 4.06135
