# avg	std	min	max
2.17433 0.01918 2.14009 2.19540
0.95731 0.01098 0.94096 0.97400
0.99160 0.01719 0.96566 1.01212
-0.00000 0.00000 -0.00000 -0.00000
0.15000 0.00167 0.14896 0.15333
-0.11446 0.02360 -0.13878 -0.08327
0.40044 0.00989 0.39216 0.41338
0.61589 0.00962 0.60519 0.63173
3.22489 0.09600 3.06874 3.36513
1.12439 0.01436 1.11020 1.14987
1.40093 0.00035 1.40066 1.40161
1.53549 0.01214 1.52037 1.55545
0.49221 0.01747 0.47483 0.52509
0.89246 0.00923 0.88330 0.90795
0.47978 0.00239 0.47761 0.48438
1.48091 0.00780 1.47144 1.49467
0.85777 0.01260 0.84662 0.88075
0.52180 0.02127 0.49712 0.54905
0.79538 0.00917 0.77801 0.80314
0.97497 0.01802 0.94986 1.00393
