# avg	std	min	max
4.46425 0.39264 3.93838 4.88932
3.18853 0.12354 3.03625 3.32274
3.00209 0.08465 2.92782 3.16635
-0.02929 0.08795 -0.13267 0.10203
1.98669 0.12564 1.85004 2.19906
0.71395 0.01821 0.68103 0.73256
4.21798 0.79269 3.63802 5.75157
3.29468 0.20724 3.09594 3.68643
5.85538 0.21062 5.44496 6.02178
3.62088 0.05345 3.55221 3.68512
2.89351 0.10615 2.82356 3.10410
3.37423 0.05497 3.27076 3.42818
6.57094 0.81740 5.55862 7.56272
3.79107 0.10564 3.62509 3.95168
2.98451 0.25682 2.64657 3.23207
4.83731 0.33984 4.40302 5.24253
4.92339 0.24005 4.45690 5.10027
2.99588 0.02786 2.96110 3.04594
2.47376 0.48961 1.75757 3.07872
3.25630 0.02270 3.23880 3.29768
