# avg	std	min	max
2.84386 0.00525 2.84075 2.85426
1.44461 0.02225 1.42390 1.48513
1.85669 0.11794 1.70180 1.95304
0.00002 0.00036 -0.00051 0.00063
1.47360 0.05546 1.39466 1.52056
-0.31356 0.05899 -0.36128 -0.21807
0.43457 0.00951 0.42482 0.44851
0.89811 0.00433 0.89398 0.90471
4.69558 0.31403 4.13358 4.94925
1.69178 0.00891 1.67402 1.69766
2.28044 0.00015 2.28029 2.28068
1.97416 0.00055 1.97380 1.97525
0.55390 0.01017 0.54851 0.57424
2.07217 0.00009 2.07207 2.07231
1.44759 0.03157 1.41067 1.49380
2.06397 0.04788 1.99140 2.11270
1.39070 0.01131 1.36886 1.40186
0.70013 0.03774 0.63614 0.75353
1.19413 0.01717 1.17501 1.21621
1.64140 0.01902 1.62898 1.67893
