# avg	std	min	max
2.94462 0.04914 2.86077 3.01166
1.84217 0.08611 1.73442 1.95389
2.33083 0.06078 2.22703 2.41427
-0.01598 0.00652 -0.02251 -0.00473
1.09893 0.01985 1.07405 1.12121
-0.98453 0.02180 -1.02405 -0.96349
2.32570 2.26217 0.28104 5.45298
2.51129 0.99805 1.47411 4.41350
5.68549 0.02568 5.65622 5.72632
2.01831 0.06026 1.93522 2.06936
1.88605 0.07841 1.74043 1.97057
2.08469 0.06133 2.00818 2.14287
4.68832 0.34615 4.17769 5.20602
1.96096 0.14111 1.77383 2.12664
2.11606 0.05965 2.05513 2.19518
3.21341 0.03257 3.16964 3.25786
2.25335 0.01931 2.22540 2.27805
1.88059 0.05003 1.80733 1.92879
2.20176 0.25271 2.06746 2.70704
3.49206 0.85431 1.92694 4.41459
