# avg	std	min	max
5.21321 0.01723 5.18905 5.24168
3.24883 0.02537 3.19937 3.27163
3.46932 0.48818 2.49548 3.75567
-0.00238 0.00561 -0.01278 0.00408
1.81938 0.60801 0.83253 2.42360
-0.38017 0.06746 -0.46842 -0.30221
1.12522 0.45320 0.62843 1.95439
3.01798 1.13018 2.26986 5.24794
6.38392 0.07280 6.27278 6.48109
3.66111 0.04050 3.60516 3.72685
3.55641 0.06439 3.44138 3.61498
3.58380 0.08002 3.49242 3.69063
2.95377 1.61311 2.02058 6.17574
3.24558 0.01154 3.22977 3.26511
3.56965 0.12690 3.34907 3.71830
4.54997 0.00875 4.53602 4.56160
4.38751 0.04537 4.30936 4.43741
3.23317 0.19993 2.87014 3.42330
3.07323 0.39198 2.35441 3.45384
4.68091 1.00560 2.95117 5.46924
