# avg	std	min	max
2.55368 0.02367 2.53247 2.58370
1.63008 0.02364 1.60150 1.66112
1.26161 0.03775 1.23007 1.32437
-0.02115 0.04699 -0.06796 0.05639
0.14314 0.03649 0.07933 0.18221
-0.49547 0.04184 -0.55329 -0.44771
-0.66707 0.06355 -0.72762 -0.54559
0.15010 0.14548 0.01564 0.37638
6.02371 0.05566 5.95719 6.11303
1.96385 0.01282 1.95360 1.98883
1.42361 0.01288 1.40972 1.44809
2.07345 0.03037 2.02355 2.10581
-1.32353 0.12302 -1.55454 -1.21676
1.14659 0.01764 1.12411 1.17798
1.18806 0.05351 1.11279 1.27612
2.06953 0.01781 2.04736 2.09688
1.29919 0.03998 1.22820 1.34742
0.45810 0.02562 0.42116 0.50096
0.78529 0.02224 0.74992 0.81377
0.50482 0.08188 0.42690 0.61739
