# avg	std	min	max
2.31083 0.03378 2.27036 2.35349
1.39510 0.00916 1.37928 1.40786
1.23937 0.02033 1.21628 1.26551
-0.02650 0.00199 -0.03017 -0.02411
0.35056 0.02780 0.32426 0.38570
-0.80471 0.05201 -0.90502 -0.76140
1.06045 0.08292 0.98465 1.16603
0.75583 0.02359 0.72790 0.79389
4.61124 0.24686 4.30471 4.88863
1.39790 0.01687 1.36693 1.41733
1.88294 0.02431 1.83502 1.89958
1.75574 0.02144 1.71387 1.77362
1.20648 0.02981 1.15910 1.23424
2.05837 0.02583 2.02388 2.08944
0.92600 0.01651 0.90387 0.94624
2.31469 0.03513 2.25589 2.35265
1.83826 0.01620 1.81624 1.86175
0.64262 0.03109 0.60283 0.69868
0.71837 0.09344 0.61094 0.86520
1.58926 0.07250 1.50783 1.70891
