# avg	std	min	max
4.69228 0.04495 4.62914 4.75634
3.07503 0.02787 3.04476 3.12300
2.03823 0.10496 1.91929 2.19063
-0.01989 0.02284 -0.06243 0.00000
1.83611 0.11768 1.69335 2.01655
-0.10300 0.05883 -0.16835 -0.00091
1.78064 0.13957 1.63869 2.02486
6.06092 0.40152 5.58636 6.71943
7.44877 0.14646 7.21832 7.64997
4.10819 0.05664 4.01428 4.16504
3.48457 0.04079 3.45292 3.56455
3.54593 0.04591 3.49057 3.59975
3.17788 0.63672 2.00615 3.73400
3.86059 0.09664 3.68786 3.98481
2.84675 0.01363 2.82373 2.86586
5.21118 0.35715 4.53944 5.52478
4.81054 0.10259 4.64773 4.93262
2.42875 0.08689 2.27786 2.51330
3.72034 0.15582 3.49205 3.94214
5.78577 0.17988 5.61545 6.11041
