# avg	std	min	max
0.68042 0.08330 0.52223 0.75188
0.65647 0.07613 0.55257 0.74330
1.31373 0.01688 1.28465 1.33567
0.00029 0.00027 0.00000 0.00080
1.12493 0.00089 1.12409 1.12652
0.21346 0.08366 0.04622 0.26047
0.41126 0.07630 0.33003 0.51829
1.85702 0.11022 1.74674 2.06520
2.45054 0.32307 2.12245 3.04054
1.10199 0.13984 0.85598 1.25542
1.77016 0.07471 1.62090 1.81346
1.06943 0.01769 1.04690 1.10085
0.96043 0.14974 0.67465 1.10083
0.26696 0.08576 0.10102 0.34243
0.95827 0.13494 0.78013 1.17288
1.20721 0.14836 0.97915 1.41203
0.92848 0.05893 0.83512 0.99996
0.77018 0.06024 0.64983 0.80370
0.80883 0.36640 0.49680 1.50796
-0.06274 0.12296 -0.19982 0.11336
