# avg	std	min	max
2.17829 0.04245 2.12337 2.25208
1.21017 0.03835 1.16306 1.26605
2.69785 0.11277 2.47938 2.78541
-0.22244 0.02170 -0.26140 -0.19494
1.67257 0.03219 1.64224 1.73500
-0.02738 0.00805 -0.03519 -0.01253
-0.07184 0.32028 -0.35171 0.38799
0.18674 0.05085 0.13748 0.28021
4.63472 0.09498 4.48367 4.75379
1.35880 0.01685 1.34000 1.38189
1.06821 0.02368 1.04024 1.10244
1.39827 0.01957 1.36958 1.42480
0.33841 0.21678 -0.08392 0.48549
1.07268 0.10491 0.97246 1.22087
0.77957 0.02649 0.75704 0.82878
2.19104 0.05979 2.09866 2.27915
1.49548 0.04011 1.45320 1.55385
0.38053 0.03215 0.33881 0.43566
0.61318 0.02466 0.58057 0.64648
1.53859 0.04232 1.49532 1.61618
