# avg	std	min	max
2.14331 0.04543 2.07539 2.18624
1.01969 0.03589 0.96799 1.05964
0.91461 0.11094 0.82308 1.12959
0.31097 0.25859 -0.05939 0.61195
0.23653 0.13215 0.14292 0.49059
-0.00060 0.00000 -0.00060 -0.00060
0.27810 0.17909 0.10485 0.53733
-0.57746 0.04423 -0.62943 -0.50785
3.69883 0.28541 3.37931 4.11504
1.20318 0.02541 1.16051 1.23348
1.66827 0.14840 1.50411 1.85127
1.69900 0.02944 1.66631 1.74423
0.35442 0.13827 0.18806 0.53610
1.67794 0.03951 1.63054 1.74893
0.46709 0.06311 0.35039 0.52871
1.68577 0.03254 1.64721 1.73154
0.99305 0.13261 0.87882 1.22144
0.66513 0.15884 0.50617 0.92065
0.91955 0.14154 0.76889 1.13505
1.43694 0.07375 1.28970 1.47906
