# avg	std	min	max
0.21211 0.08886 0.06822 0.32863
0.11246 0.03589 0.06640 0.15699
0.51761 0.03695 0.45910 0.57376
0.12794 0.05915 0.01903 0.17832
0.60747 0.14561 0.47132 0.86752
-0.00635 0.00428 -0.01163 -0.00012
0.25341 0.11241 0.11502 0.42552
-0.19272 0.12749 -0.30397 -0.01950
-0.15183 0.10082 -0.33480 -0.02830
0.44007 0.02022 0.41196 0.46346
0.40992 0.04191 0.36509 0.48208
0.32278 0.01798 0.29895 0.34598
0.19520 0.07702 0.10734 0.31587
0.11345 0.02045 0.08799 0.14597
-0.07055 0.05619 -0.13361 0.01279
0.20939 0.11347 0.03703 0.33388
0.02064 0.33475 -0.28059 0.62900
-0.01649 0.05080 -0.08972 0.06286
-0.25289 0.07121 -0.38356 -0.17103
0.02594 0.03171 -0.02096 0.06554
