# avg	std	min	max
0.77278 0.00000 0.77278 0.77278
0.55129 0.00282 0.54988 0.55692
0.39152 0.00539 0.38857 0.40231
0.12202 0.00251 0.12066 0.12703
-0.00412 0.00590 -0.00794 0.00764
-0.02230 0.00735 -0.02597 -0.00759
-0.44673 0.01193 -0.45323 -0.42287
-0.07655 0.02952 -0.13277 -0.05061
1.25146 0.10271 1.14608 1.38999
0.64993 0.00685 0.64590 0.66350
0.39565 0.02917 0.38086 0.45398
0.39667 0.00072 0.39618 0.39804
-0.39354 0.02690 -0.41808 -0.34240
0.35771 0.00943 0.35077 0.37581
0.26539 0.01314 0.25059 0.28760
0.47472 0.00644 0.46554 0.48572
0.45655 0.01582 0.43484 0.48140
0.00968 0.02098 -0.02829 0.02903
0.03159 0.01514 0.01454 0.05877
0.33565 0.00898 0.31988 0.34721
