# avg	std	min	max
-0.26589 0.00000 -0.26589 -0.26589
-0.21364 0.00000 -0.21364 -0.21364
-0.27328 0.00002 -0.27329 -0.27325
-0.25470 0.00722 -0.26634 -0.24400
-0.38587 0.00005 -0.38593 -0.38579
-0.00058 0.00000 -0.00058 -0.00058
-0.29154 0.00044 -0.29185 -0.29070
-0.09144 0.00597 -0.09965 -0.08133
-0.44178 0.00580 -0.44943 -0.43197
-0.06761 0.00309 -0.07226 -0.06439
-0.38243 0.00012 -0.38257 -0.38224
-0.31279 0.00015 -0.31295 -0.31260
-0.41596 0.07245 -0.49665 -0.30091
-0.40205 0.00571 -0.41082 -0.39601
-0.19427 0.07361 -0.33189 -0.11420
-0.53497 0.06943 -0.61867 -0.40677
-0.46654 0.06697 -0.54115 -0.36949
-0.69017 0.11031 -0.79458 -0.52306
-1.36170 0.15657 -1.62029 -1.19216
-0.13954 0.00548 -0.14844 -0.13480
