# avg	std	min	max
3.65236 0.05426 3.54924 3.70603
2.55061 0.03157 2.51472 2.58809
2.21453 0.06406 2.14009 2.30133
0.56966 0.14811 0.42308 0.77528
1.53287 0.13885 1.41220 1.79232
-0.00912 0.00368 -0.01131 -0.00186
1.56971 0.57582 0.72020 2.09213
1.82968 0.04239 1.78667 1.90884
5.30827 0.19192 5.06373 5.65212
3.06495 0.04236 2.98060 3.09256
2.97779 0.15578 2.73138 3.20272
3.08566 0.02052 3.06706 3.12359
1.85437 0.49220 1.07565 2.32011
2.69714 0.05169 2.63476 2.75481
2.20470 0.37879 2.00325 2.96166
3.19286 0.04955 3.15603 3.28772
2.41339 0.21505 2.01484 2.63215
2.16504 0.06734 2.05571 2.25122
2.03622 0.03415 1.98397 2.08059
2.47538 0.06355 2.41073 2.56056
