# avg	std	min	max
3.19602 0.06281 3.09649 3.29377
2.24423 0.02544 2.21446 2.28295
2.56671 0.23490 2.13173 2.75741
0.43847 0.04025 0.38277 0.48021
1.29699 0.19885 1.10919 1.60089
-0.07337 0.05083 -0.14145 0.00923
1.51957 0.11644 1.39371 1.66646
1.14840 0.08065 1.03018 1.24999
4.78702 0.28056 4.54106 5.29578
2.67442 0.05182 2.57132 2.70969
2.39780 0.04545 2.34076 2.43728
2.35090 0.03865 2.28393 2.39614
2.92128 0.29375 2.52393 3.38914
3.15569 0.09028 3.04578 3.30107
2.26532 0.06205 2.17275 2.35592
3.11592 0.02266 3.08343 3.14215
2.46013 0.03958 2.41413 2.50279
1.58063 0.04752 1.48953 1.62128
1.45330 0.58696 0.70961 2.07156
2.52420 0.03279 2.47119 2.56260
