# avg	std	min	max
3.09290 0.01596 3.06158 3.10449
2.12964 0.03146 2.10497 2.18414
1.34887 0.01523 1.33529 1.37236
0.16693 0.00221 0.16438 0.16974
0.29634 0.01247 0.27850 0.30786
-0.00108 0.00177 -0.00352 0.00102
-0.30201 0.02655 -0.32891 -0.25875
0.43567 0.10744 0.30839 0.57030
5.45369 0.01767 5.43619 5.47979
2.31838 0.00279 2.31560 2.32225
1.72773 0.01286 1.71352 1.75180
2.37999 0.01824 2.36355 2.40687
0.37564 0.12568 0.12871 0.47886
2.79369 0.01308 2.77525 2.81306
1.32317 0.25724 0.81037 1.48931
3.40112 0.01365 3.38708 3.41867
2.30299 0.02975 2.27256 2.35283
1.71915 0.03281 1.66894 1.75546
2.11893 0.12945 1.86658 2.21637
1.95045 0.19412 1.66148 2.21489
