# avg	std	min	max
3.39821 0.10740 3.30296 3.57124
2.02643 0.08050 1.94101 2.17733
1.13022 0.05058 1.05406 1.20255
-0.25831 0.05860 -0.33546 -0.17606
0.31938 0.08462 0.23962 0.48258
-0.02929 0.03656 -0.08558 0.02896
4.53909 1.72556 1.47741 6.46613
4.78541 1.07444 3.46720 5.80440
5.78805 0.07663 5.72962 5.93643
2.48639 0.05139 2.39346 2.52885
2.99408 0.01666 2.97200 3.01882
2.13676 0.23664 1.86552 2.44136
5.62545 1.55947 3.25515 7.79145
1.40950 0.30773 0.82861 1.74267
1.80613 0.01152 1.79629 1.82766
3.65024 0.09855 3.56167 3.84092
2.76334 0.06370 2.67207 2.85274
1.70181 0.09644 1.55802 1.83957
2.08787 0.08340 2.02599 2.24937
3.43360 1.99852 1.95030 7.38049
