# avg	std	min	max
3.71324 0.02201 3.68846 3.74947
2.21147 0.03422 2.16912 2.26052
0.49265 0.07940 0.34689 0.56908
-0.18847 0.50318 -1.19429 0.09410
-0.03737 0.07012 -0.11575 0.05203
-0.02559 0.02366 -0.06230 0.00548
0.49969 0.37444 0.27183 1.24553
0.66980 0.03894 0.60329 0.71289
4.81708 0.04659 4.74522 4.86811
2.80840 0.01341 2.78858 2.82906
2.15518 0.01400 2.13555 2.17428
2.31703 0.01386 2.29551 2.33806
0.53460 0.07940 0.38738 0.62803
2.04168 0.01973 2.01430 2.06966
1.32562 0.06325 1.22193 1.40655
3.18630 0.07655 3.07477 3.30897
2.30150 0.11134 2.14295 2.48891
0.81717 0.07725 0.67253 0.90118
1.74942 0.11169 1.53341 1.82857
0.99513 0.02582 0.95652 1.03479
