# avg	std	min	max
0.99247 0.02515 0.94334 1.01503
0.33274 0.02264 0.29896 0.35670
0.80793 0.03031 0.77385 0.85854
0.21900 0.02030 0.20150 0.25100
0.34588 0.03438 0.29338 0.38380
-0.03215 0.03216 -0.09470 -0.00203
0.35245 0.01513 0.32494 0.36810
0.27992 0.01720 0.26472 0.30721
3.42003 0.01252 3.40980 3.44409
0.22275 0.04723 0.15807 0.30393
0.88069 0.03500 0.82994 0.92180
1.05789 0.02782 1.02063 1.10399
0.33610 0.03325 0.29816 0.39066
0.34126 0.03553 0.29546 0.38584
-0.04506 0.00997 -0.05526 -0.02646
0.63209 0.01897 0.59814 0.65366
0.36206 0.02637 0.32023 0.38979
0.27791 0.01379 0.25857 0.29323
0.17291 0.02748 0.12561 0.20489
0.67288 0.05839 0.60643 0.77859
