# avg	std	min	max
2.81879 0.07042 2.74695 2.95117
1.79929 0.04086 1.75486 1.87375
1.75926 0.04881 1.70007 1.82580
0.35358 0.04488 0.30586 0.40734
0.61931 0.08384 0.45210 0.66797
-0.08729 0.00000 -0.08729 -0.08729
0.68263 0.06846 0.60517 0.80463
0.88805 0.41363 0.47177 1.60302
6.36070 0.03269 6.31873 6.40095
1.98948 0.01770 1.97228 2.02200
1.65051 0.02873 1.61396 1.69172
2.30682 0.04677 2.25998 2.38494
0.93216 0.09543 0.84400 1.05006
1.47297 0.04664 1.43028 1.54329
0.03333 0.14619 -0.18578 0.24429
2.56223 0.03389 2.53344 2.61941
2.35918 0.09126 2.19222 2.44972
1.01157 0.17926 0.80039 1.32488
-0.00986 0.33805 -0.42636 0.55423
1.88012 0.35913 1.46125 2.29678
