# avg	std	min	max
2.02937 0.00000 2.02937 2.02937
0.15955 0.00000 0.15955 0.15955
0.37775 0.00002 0.37773 0.37778
0.11039 0.06533 0.02029 0.18307
0.34224 0.00480 0.33620 0.34740
-0.00274 0.00000 -0.00274 -0.00274
-0.30433 0.03499 -0.33808 -0.24035
-0.42871 0.00337 -0.43097 -0.42201
1.49615 0.00580 1.49081 1.50351
-0.35022 0.00000 -0.35022 -0.35021
0.23377 0.08206 0.06967 0.27561
-0.22580 0.00051 -0.22675 -0.22537
-0.16905 0.00374 -0.17358 -0.16439
-0.51261 0.01865 -0.54229 -0.48662
-0.31288 0.01575 -0.34423 -0.30261
0.02544 0.00275 0.02192 0.02867
0.07779 0.00004 0.07775 0.07785
-0.42216 0.07150 -0.50314 -0.30089
-0.52926 0.02475 -0.55633 -0.49193
0.02289 0.11178 -0.04568 0.24540
