# avg	std	min	max
-0.75650 0.03513 -0.81609 -0.70763
1.22059 0.06170 1.15486 1.30884
2.28535 0.05451 2.19973 2.34802
0.40946 0.00034 0.40914 0.41006
1.64769 0.09555 1.55647 1.82136
-0.00042 0.00021 -0.00064 -0.00001
0.04160 0.04654 -0.03948 0.09237
0.29410 0.07079 0.18804 0.36073
6.92810 0.08056 6.85458 7.05357
0.61568 0.10896 0.47517 0.71335
2.63669 0.03745 2.57313 2.68639
0.87671 0.07852 0.75950 0.94555
0.09188 0.10042 -0.05755 0.20276
0.99380 0.02758 0.97007 1.04741
0.70124 0.10998 0.49316 0.80398
1.04345 0.08483 0.93977 1.12638
0.55730 0.17601 0.32209 0.74489
0.37507 0.24343 -0.03120 0.60482
-0.01959 0.14290 -0.18747 0.19530
0.79071 0.11652 0.56334 0.88639
