# avg	std	min	max
-0.20851 0.07886 -0.30676 -0.08628
0.92135 0.07094 0.81465 0.99974
2.45491 0.02452 2.41788 2.47764
0.26371 0.01534 0.25433 0.29430
2.16679 0.14238 2.07363 2.44769
-0.00257 0.00089 -0.00323 -0.00080
0.19176 0.16856 -0.00512 0.50390
0.39792 0.02377 0.37469 0.43876
2.41660 0.12253 2.24030 2.57233
0.06598 0.07354 -0.02371 0.18600
1.48054 0.16765 1.26740 1.68381
0.21415 0.06962 0.13576 0.34491
0.29951 0.11160 0.16042 0.46319
-0.36859 0.10027 -0.51703 -0.21292
-0.15284 0.11069 -0.35758 -0.05652
0.56732 0.07947 0.44890 0.65038
0.26167 0.07729 0.16940 0.40027
-0.20189 0.08419 -0.29425 -0.07143
-0.29226 0.05909 -0.37524 -0.19706
0.19309 0.05617 0.12457 0.27579
