# avg	std	min	max
-0.14518 0.04551 -0.20342 -0.06934
0.72031 0.06505 0.66552 0.84209
1.46672 0.00008 1.46661 1.46683
0.14378 0.02064 0.12655 0.17144
1.01635 0.01624 0.99413 1.03626
-0.02678 0.03363 -0.08657 -0.00189
0.30811 0.01278 0.29786 0.33316
0.52437 0.04026 0.45005 0.57144
3.71678 0.01788 3.70295 3.75054
-0.43139 0.26918 -0.73297 0.05483
0.82540 0.00067 0.82472 0.82668
0.04422 0.04419 -0.00924 0.10622
0.33189 0.03244 0.31065 0.39505
0.06300 0.00884 0.05279 0.07632
0.12348 0.15344 0.00680 0.41677
0.54966 0.01183 0.53892 0.56660
0.33374 0.00870 0.31823 0.34251
0.38143 0.01492 0.36025 0.40466
0.08485 0.04031 0.03996 0.15569
0.34385 0.02924 0.29604 0.38486
