# avg	std	min	max
2.06896 0.07336 1.97546 2.15870
1.41397 0.06576 1.29151 1.48501
3.02999 0.14667 2.76928 3.17019
2.14457 0.11255 1.97400 2.30944
2.21641 0.18091 1.87447 2.39094
1.87859 0.20383 1.67544 2.16056
2.05600 0.34984 1.36605 2.33829
6.31191 1.25572 4.38396 7.86261
3.76796 0.19268 3.47802 4.03729
0.72558 0.00571 0.71655 0.73408
0.92461 0.00549 0.91617 0.93319
1.08675 0.03558 1.04346 1.12823
2.48442 0.68277 1.64286 3.28353
-0.00303 0.00389 -0.00775 0.00099
2.76714 0.89837 1.27345 4.00625
4.67961 0.11212 4.54375 4.86151
5.08756 0.31363 4.58700 5.54890
2.29545 0.09348 2.20099 2.47360
2.61452 0.27451 2.07580 2.83242
1.74856 0.26008 1.43925 2.05773
