# avg	std	min	max
0.05008 0.00243 0.04666 0.05422
0.18444 0.00809 0.16847 0.19023
0.08908 0.00795 0.07917 0.10140
-0.38145 0.01385 -0.40595 -0.36457
-0.24590 0.02303 -0.27205 -0.21853
-0.58499 0.13706 -0.73270 -0.32991
1.12109 0.49551 0.80621 2.08851
0.16416 0.01161 0.15154 0.17788
0.87917 0.01390 0.86506 0.90551
-0.24095 0.05919 -0.28141 -0.12355
0.13478 0.00333 0.13139 0.13999
-0.27937 0.01084 -0.29990 -0.27161
1.06684 0.70303 0.29060 2.11621
-0.00479 0.00429 -0.01073 -0.00013
-0.02270 0.11142 -0.15987 0.11073
-0.04292 0.00391 -0.04783 -0.03783
-0.16631 0.01485 -0.18169 -0.14704
-0.63516 0.01700 -0.65743 -0.60840
-0.38363 0.09718 -0.51260 -0.21666
0.46761 0.02680 0.42881 0.50230
