# avg	std	min	max
-0.69510 0.09375 -0.86633 -0.60858
-0.62412 0.02912 -0.67002 -0.58568
-0.08044 0.09068 -0.17884 0.06826
-0.95682 0.09704 -1.14009 -0.86605
-0.19337 0.18496 -0.45606 0.09837
-1.29874 0.29120 -1.70283 -0.80986
-1.33031 0.03482 -1.36007 -1.26198
-1.34138 0.20851 -1.64222 -1.05395
-0.01651 0.47035 -0.73475 0.50698
-0.14477 0.34159 -0.78324 0.22772
0.63971 0.07515 0.54542 0.77106
0.02740 0.37821 -0.39070 0.66676
-1.15031 0.03533 -1.17738 -1.08292
-0.01385 0.01102 -0.02988 -0.00044
0.78540 0.34332 0.10191 1.00603
0.34435 0.26702 0.18579 0.87768
0.83024 0.29839 0.48517 1.30024
-0.04294 0.32878 -0.56074 0.45793
-0.57070 0.41714 -1.11798 0.15595
0.05263 0.11282 -0.12073 0.16390
