# avg	std	min	max
-0.35911 0.00674 -0.36542 -0.35060
-0.23453 0.01038 -0.25017 -0.21755
-0.21943 0.01319 -0.23011 -0.19342
-0.63062 0.03728 -0.66731 -0.56030
-0.62003 0.11254 -0.84351 -0.54409
-1.02472 0.08585 -1.18702 -0.95047
-0.86793 0.00868 -0.87614 -0.85236
-1.06567 0.31485 -1.23733 -0.43658
-1.34502 0.00399 -1.34979 -1.33780
-0.17086 0.07043 -0.28556 -0.11318
-0.06341 0.01393 -0.07958 -0.04271
-0.34951 0.00569 -0.35533 -0.33913
-0.71891 0.01762 -0.75330 -0.70477
0.00596 0.01772 -0.01068 0.03752
-0.80166 0.03179 -0.86150 -0.76951
-0.39020 0.05520 -0.49327 -0.33749
-0.18825 0.01890 -0.20185 -0.15108
-0.16989 0.01167 -0.18638 -0.15205
0.03982 0.04946 -0.03999 0.09227
0.23283 0.12593 0.14206 0.48098
