# avg	std	min	max
1.39385 0.00000 1.39385 1.39385
-0.03132 0.00000 -0.03132 -0.03132
0.08912 0.00239 0.08606 0.09227
0.10452 0.00013 0.10433 0.10473
0.23423 0.00376 0.22955 0.23928
-0.13747 0.04384 -0.16557 -0.05012
1.27048 0.00038 1.27025 1.27125
0.01508 0.01077 -0.00054 0.02742
0.21894 0.00952 0.20781 0.23633
1.68111 0.00191 1.67855 1.68291
-0.00027 0.00223 -0.00349 0.00301
1.59840 0.00003 1.59838 1.59846
1.50009 0.00385 1.49616 1.50672
0.00000 0.00000 0.00000 0.00000
-0.30305 0.10742 -0.40856 -0.10962
0.09997 0.00253 0.09859 0.10504
1.60273 0.00093 1.60166 1.60380
0.01137 0.01054 -0.00596 0.02468
-0.28192 0.06028 -0.37022 -0.23299
1.47228 0.00250 1.47069 1.47725
