# avg	std	min	max
1.24656 0.01875 1.22234 1.26674
0.50138 0.01768 0.48145 0.52987
1.35843 0.00168 1.35629 1.36115
0.09474 0.11655 -0.04672 0.28206
0.44468 0.08032 0.31049 0.53608
0.26601 0.16624 0.11109 0.56846
0.97222 0.01208 0.95908 0.99067
0.81314 0.01518 0.80045 0.84269
3.26492 0.13485 3.01094 3.38583
0.46647 0.02721 0.42378 0.50668
0.71096 0.20512 0.58512 1.11931
1.17220 0.02115 1.15158 1.19822
0.94579 0.20855 0.52920 1.06702
-0.00241 0.00089 -0.00356 -0.00094
1.06738 0.00524 1.06085 1.07652
1.09708 0.16954 0.87778 1.23795
1.00582 0.00831 0.99848 1.02206
0.59499 0.20745 0.26663 0.82702
0.55378 0.04721 0.49910 0.63400
0.62551 0.05188 0.55934 0.71464
