# avg	std	min	max
-0.49705 0.00000 -0.49705 -0.49705
0.98767 0.00000 0.98767 0.98767
1.90984 0.03719 1.83551 1.93104
0.05767 0.02877 0.03334 0.09290
2.05460 0.02243 2.03869 2.09897
-0.18480 0.10440 -0.30570 -0.03353
0.23129 0.00861 0.21410 0.23644
-0.27891 0.00068 -0.27993 -0.27789
4.91097 0.01770 4.89276 4.93438
0.53765 0.00029 0.53740 0.53819
1.31435 0.00643 1.30369 1.32364
0.79320 0.00022 0.79304 0.79361
0.27860 0.01392 0.25337 0.29156
0.00038 0.00036 0.00000 0.00089
0.48321 0.00697 0.47324 0.49165
0.25807 0.02150 0.21508 0.26954
0.23068 0.04608 0.20505 0.32277
-0.55619 0.02654 -0.59157 -0.51985
-0.30067 0.05907 -0.41350 -0.25715
0.61193 0.00090 0.61071 0.61283
