# avg	std	min	max
0.76331 0.05152 0.67946 0.82020
-0.46308 0.04799 -0.55345 -0.42269
0.01538 0.05470 -0.05966 0.07542
-0.63392 0.00657 -0.64457 -0.62401
-0.57460 0.01485 -0.59452 -0.55475
-1.03427 0.17514 -1.18414 -0.75810
-0.43433 0.07086 -0.53238 -0.36915
-0.81767 0.04637 -0.86713 -0.75502
2.40634 0.04082 2.34109 2.45897
-0.19219 0.05718 -0.27133 -0.12057
0.50133 0.03122 0.44146 0.53003
0.41049 0.01501 0.39148 0.42905
-0.57368 0.08098 -0.67657 -0.46653
-0.00014 0.00035 -0.00084 0.00012
-0.19117 0.03798 -0.24410 -0.15207
0.13234 0.02175 0.10383 0.15538
-0.37489 0.01247 -0.39356 -0.35909
-0.36871 0.04972 -0.43927 -0.28848
-0.26335 0.08736 -0.41422 -0.14360
0.20559 0.05841 0.09040 0.24365
