# avg	std	min	max
1.69786 0.00998 1.68992 1.71680
0.93707 0.01698 0.91924 0.96952
1.04442 0.00058 1.04340 1.04515
0.61134 0.00971 0.59192 0.61646
0.25165 0.17007 0.12137 0.57631
-0.86640 0.24777 -1.23163 -0.55355
0.14067 0.02629 0.11551 0.17941
0.46950 0.14603 0.25795 0.67414
2.32757 0.02151 2.31347 2.37027
1.28272 0.02927 1.25039 1.33712
1.57545 0.02094 1.54962 1.60641
0.87933 0.06557 0.79884 0.93847
0.15140 0.03642 0.08952 0.19427
0.00095 0.00407 -0.00507 0.00748
-0.34916 0.20921 -0.61555 -0.10764
-0.47813 0.01916 -0.50992 -0.45359
0.33251 0.01567 0.31098 0.35778
0.24082 0.15529 -0.00117 0.38817
0.00265 0.08628 -0.11835 0.13570
-0.21378 0.06510 -0.30831 -0.16018
