# avg	std	min	max
1.09934 0.10628 1.02302 1.31036
0.43712 0.16243 0.34401 0.76143
1.12475 0.02781 1.07762 1.16143
-0.58144 0.18640 -0.77325 -0.30065
0.55937 0.04933 0.48694 0.63712
-0.02082 0.43994 -0.47979 0.50742
0.68763 0.29486 0.09866 0.86273
0.29399 0.30426 -0.01557 0.80355
4.08484 0.07493 4.00272 4.19260
0.50745 0.02852 0.46885 0.53626
1.79131 0.01560 1.76394 1.81107
1.28796 0.01444 1.26497 1.30600
0.83630 0.20250 0.43235 0.95620
-0.00312 0.00210 -0.00579 -0.00009
0.53259 0.35202 -0.17059 0.73638
1.62109 0.01485 1.60347 1.64300
0.04117 0.16386 -0.21361 0.25164
0.93189 0.37947 0.43866 1.31397
0.89487 0.29440 0.40315 1.18934
1.69398 0.03989 1.64142 1.76049
