# avg	std	min	max
0.37425 0.00000 0.37425 0.37425
-0.59783 0.00004 -0.59784 -0.59776
0.66940 0.52269 0.01551 1.14853
-1.59775 0.06924 -1.65068 -1.46275
-0.93858 0.09045 -1.01039 -0.76947
-2.50564 0.05461 -2.57495 -2.42156
-2.03921 0.00584 -2.04868 -2.03078
-0.36371 0.07634 -0.45432 -0.25481
2.60081 0.10983 2.39296 2.72041
0.19980 0.13935 0.12944 0.47849
1.75029 0.01521 1.72587 1.76538
-0.06566 0.00947 -0.07600 -0.04825
-1.66031 0.01420 -1.67150 -1.63544
0.00270 0.00167 0.00000 0.00508
-0.33801 0.04020 -0.36794 -0.25908
0.10305 0.00331 0.10004 0.10870
0.66149 0.01611 0.65105 0.69355
-0.82182 0.08568 -0.97060 -0.75094
-0.28517 0.25596 -0.56621 0.11531
-0.33384 0.01856 -0.35776 -0.31227
