# avg	std	min	max
1.62828 0.12857 1.47674 1.80835
-0.47683 0.37435 -1.11629 -0.11963
-1.81580 0.26138 -2.25718 -1.54872
-2.45649 0.65667 -3.31209 -1.51101
-2.47378 0.16028 -2.71514 -2.27237
-2.92426 0.16829 -3.17682 -2.76850
-1.12669 1.70853 -4.14631 0.86692
-1.01677 0.79420 -1.49722 0.56664
5.25042 0.11879 5.06177 5.37836
0.75325 0.06018 0.66085 0.80951
0.35479 0.08686 0.24346 0.43639
-0.09076 0.08105 -0.18912 0.01944
-1.24426 0.59810 -1.92227 -0.50343
0.00851 0.02185 -0.02298 0.04175
-0.85784 0.20966 -1.13774 -0.50246
0.55008 0.06588 0.49247 0.67586
0.54486 0.14097 0.36577 0.79853
-0.91857 0.25975 -1.30876 -0.60013
-0.87871 0.13865 -1.06181 -0.70821
0.45196 0.71733 -0.97835 0.88331
