# avg	std	min	max
0.84046 0.01397 0.82583 0.86104
0.09840 0.00030 0.09813 0.09885
0.36464 0.00024 0.36424 0.36495
-0.34439 0.06619 -0.39969 -0.21592
-0.22186 0.02659 -0.25020 -0.18064
-0.61908 0.04720 -0.65896 -0.53588
-0.14776 0.01151 -0.16216 -0.12733
-0.18367 0.04259 -0.23839 -0.12948
2.69803 0.14187 2.49029 2.83031
0.09217 0.04625 0.00799 0.14535
0.38184 0.00032 0.38136 0.38220
0.76178 0.00077 0.76098 0.76301
-0.19749 0.38765 -0.97278 0.00020
-0.00022 0.00026 -0.00055 0.00000
-0.21244 0.02017 -0.24099 -0.17771
0.49391 0.00110 0.49269 0.49543
0.08873 0.01007 0.07271 0.10075
-0.17590 0.02818 -0.20346 -0.13839
-0.33696 0.05662 -0.42585 -0.27493
0.09848 0.00385 0.09518 0.10426
