# avg	std	min	max
0.99740 0.03559 0.95398 1.05908
0.28201 0.00667 0.27251 0.28927
0.10342 0.00747 0.09661 0.11797
-1.17594 0.01130 -1.18507 -1.15400
-1.00317 0.02093 -1.01869 -0.96176
-1.33093 0.17764 -1.64148 -1.15763
-1.46265 0.02757 -1.51044 -1.42491
-1.06277 0.03529 -1.09059 -1.00373
3.79615 0.02001 3.76953 3.81885
0.15505 0.02734 0.13434 0.20902
0.38052 0.00493 0.37587 0.38951
0.50349 0.00917 0.48886 0.51787
-1.16384 0.01256 -1.17711 -1.14624
-0.02544 0.01454 -0.04646 -0.01370
-0.28096 0.04291 -0.33155 -0.21980
0.77273 0.00785 0.75879 0.78192
0.09247 0.01020 0.07478 0.10569
-0.60131 0.03094 -0.63944 -0.56374
-0.61491 0.20471 -0.75182 -0.20875
-0.33153 0.00859 -0.33966 -0.31643
