# avg	std	min	max
0.61628 0.00000 0.61628 0.61628
-0.08940 0.00000 -0.08940 -0.08940
0.23289 0.00046 0.23235 0.23361
-0.14255 0.01291 -0.15836 -0.12362
-0.45251 0.02039 -0.46905 -0.41836
-0.63510 0.04164 -0.71122 -0.58798
-0.65205 0.04102 -0.71527 -0.61713
-0.69967 0.01982 -0.73492 -0.68412
2.82346 0.03655 2.77423 2.88090
-0.17976 0.00098 -0.18080 -0.17820
0.43406 0.00006 0.43401 0.43417
0.42097 0.06796 0.36481 0.50430
-0.53239 0.02194 -0.54872 -0.48965
-0.00701 0.00508 -0.00955 0.00316
-0.24699 0.00166 -0.24890 -0.24444
0.36887 0.00756 0.36463 0.38398
0.02450 0.01293 0.00203 0.04051
-0.38716 0.02382 -0.43143 -0.35989
-0.80235 0.00904 -0.81418 -0.79184
0.00159 0.02503 -0.02039 0.03334
