# avg	std	min	max
0.31218 0.00000 0.31218 0.31218
0.18663 0.00000 0.18663 0.18663
0.09897 0.00165 0.09790 0.10223
0.03412 0.00005 0.03408 0.03421
0.06177 0.00030 0.06134 0.06217
0.13530 0.00497 0.12546 0.13903
0.03462 0.00028 0.03432 0.03510
0.00320 0.00037 0.00290 0.00392
-0.00124 0.00118 -0.00183 0.00112
0.23655 0.00001 0.23654 0.23657
0.04725 0.00002 0.04722 0.04728
0.09554 0.00000 0.09554 0.09554
-0.63626 0.02987 -0.67049 -0.58516
0.08080 0.00033 0.08017 0.08101
-0.08490 0.02403 -0.10999 -0.04338
-0.03483 0.00012 -0.03499 -0.03471
-0.36316 0.00909 -0.37361 -0.35093
-0.33736 0.12680 -0.48484 -0.13600
-0.57072 0.03019 -0.60418 -0.52449
0.15648 0.01116 0.14221 0.17255
