# avg	std	min	max
3.24210 0.01190 3.22728 3.25597
2.17393 0.02730 2.12815 2.21271
1.95282 0.02414 1.91434 1.98283
0.52547 0.05680 0.43954 0.58189
1.20398 0.06313 1.09584 1.27992
0.12956 0.04508 0.06864 0.20214
5.15900 0.79353 3.80356 5.94402
5.61122 1.71969 2.21857 6.81967
-0.00010 0.00014 -0.00031 0.00011
3.23368 0.01888 3.20817 3.25797
2.97817 0.02559 2.94762 3.01840
2.44032 0.12082 2.33641 2.66866
4.43485 1.70425 2.33199 6.06596
2.66257 0.12848 2.41911 2.78460
1.66544 0.04633 1.59039 1.72230
3.92108 0.01320 3.90507 3.94440
1.96882 0.01511 1.95233 1.99424
1.89523 0.05607 1.81721 1.95712
1.80948 0.39607 1.39679 2.32782
4.15079 1.31335 3.21181 6.62274
