# avg	std	min	max
3.19643 0.00169 3.19350 3.19845
1.96477 0.00476 1.95566 1.96886
2.72283 0.08003 2.56997 2.79468
1.69683 0.03504 1.66140 1.74191
3.24748 0.80360 2.65891 4.84131
1.07049 0.04508 1.04327 1.16045
2.13001 0.03923 2.07408 2.17652
1.91105 0.07482 1.77533 1.98389
-0.00150 0.00242 -0.00482 0.00144
2.40231 0.01014 2.39532 2.42237
3.69665 0.00079 3.69582 3.69767
2.85200 0.03147 2.81303 2.89205
2.29023 0.02332 2.26939 2.32511
2.95309 0.03180 2.93477 3.01653
2.58573 0.05514 2.51706 2.64697
3.34944 0.03470 3.31085 3.39849
2.90768 0.01983 2.86951 2.92725
1.78589 0.02872 1.74858 1.82812
1.58259 0.10687 1.49733 1.79162
2.98098 0.00659 2.97056 2.98963
