# avg	std	min	max
0.32618 0.00000 0.32618 0.32618
0.51351 0.00001 0.51350 0.51353
0.54575 0.00221 0.54139 0.54714
0.40092 0.00347 0.39789 0.40532
0.48466 0.00571 0.47752 0.48947
0.12123 0.05158 0.07193 0.22093
0.11426 0.05094 0.02148 0.16788
0.26185 0.21775 -0.07300 0.44256
-0.00148 0.00031 -0.00164 -0.00086
0.51554 0.00344 0.50899 0.51924
0.42868 0.00021 0.42850 0.42901
0.29080 0.00007 0.29071 0.29090
0.27051 0.00810 0.25866 0.27805
0.16958 0.14466 -0.06927 0.29216
0.14161 0.01801 0.10707 0.15817
0.06398 0.00597 0.05690 0.07162
-0.18430 0.01025 -0.20164 -0.17209
0.10912 0.03176 0.04859 0.13459
0.05833 0.18765 -0.31299 0.19540
0.25815 0.00941 0.25306 0.27697
