# avg	std	min	max
0.49517 0.01950 0.46477 0.52559
0.28731 0.01495 0.26718 0.30316
0.17220 0.06071 0.13125 0.29106
0.06409 0.04815 0.02053 0.15533
-0.00732 0.06035 -0.10404 0.06058
-0.17406 0.06097 -0.24976 -0.06390
-0.39872 0.08027 -0.54950 -0.31092
-0.68883 0.04185 -0.76108 -0.64571
0.00001 0.00024 -0.00039 0.00029
0.45129 0.00165 0.44862 0.45336
0.20968 0.03845 0.17654 0.28174
0.20877 0.00724 0.20311 0.22281
-0.18844 0.04902 -0.23544 -0.09555
0.18444 0.01250 0.17326 0.20744
0.11186 0.01663 0.09071 0.14190
0.07662 0.03392 0.01684 0.12126
0.12954 0.00534 0.12130 0.13658
0.00536 0.02750 -0.02899 0.03322
0.06780 0.01135 0.05303 0.08346
0.33109 0.04531 0.26778 0.39242
