# avg	std	min	max
0.69121 0.00061 0.69016 0.69207
0.62921 0.00000 0.62921 0.62921
0.60851 0.00063 0.60743 0.60920
0.41884 0.04304 0.39646 0.50491
0.43584 0.00113 0.43380 0.43693
0.53068 0.01144 0.50998 0.54275
0.54094 0.03174 0.48140 0.57423
0.38039 0.03253 0.34486 0.42776
-0.00788 0.00596 -0.01274 -0.00025
0.77699 0.00012 0.77688 0.77723
0.52557 0.00039 0.52524 0.52626
0.48680 0.00114 0.48494 0.48798
0.56077 0.01679 0.54550 0.59109
0.62811 0.00062 0.62694 0.62882
0.20747 0.04198 0.13423 0.26170
0.63037 0.00091 0.62950 0.63196
0.19297 0.01299 0.17354 0.20672
0.33060 0.00888 0.31920 0.34162
0.39883 0.00916 0.38346 0.40891
0.86250 0.00886 0.84931 0.87376
