# avg	std	min	max
-0.02879 0.03386 -0.08024 0.00800
-0.04351 0.03354 -0.09549 -0.00212
-0.16329 0.01228 -0.17660 -0.14592
-0.36759 0.01787 -0.38288 -0.34118
-0.35024 0.03562 -0.40871 -0.30735
-0.22105 0.03881 -0.27918 -0.17661
-0.30909 0.04182 -0.39151 -0.27601
-0.09177 0.03181 -0.14898 -0.06530
-0.11712 0.01026 -0.13118 -0.09993
0.08372 0.01864 0.05342 0.11182
-0.21655 0.02227 -0.25939 -0.20042
-0.16371 0.04195 -0.20238 -0.08802
-0.24584 0.04762 -0.30790 -0.18803
0.01317 0.02880 -0.01192 0.06739
-0.14890 0.02425 -0.17428 -0.11762
-0.13688 0.03186 -0.17044 -0.08967
-0.25826 0.02419 -0.29910 -0.22379
-0.23556 0.03397 -0.29710 -0.19716
-0.12423 0.04540 -0.16984 -0.03933
0.11080 0.02632 0.07802 0.15630
