# avg	std	min	max
1.09184 0.33991 0.42045 1.31371
1.42616 0.09828 1.22966 1.47914
1.86910 0.02578 1.84984 1.92004
1.34836 0.06164 1.26976 1.41192
1.66331 0.02600 1.61745 1.69455
0.98642 0.08140 0.88800 1.12068
1.56576 0.14164 1.35933 1.70805
1.62579 0.29514 1.14826 1.90592
-0.00791 0.00451 -0.01364 -0.00221
1.49653 0.04693 1.43742 1.53963
1.42932 0.00559 1.42464 1.43890
2.04320 0.00321 2.03998 2.04895
1.64192 0.01704 1.61494 1.65912
1.13912 0.02162 1.11486 1.17774
1.38913 0.06502 1.29189 1.48533
-2.03122 0.83730 -3.68484 -1.46938
-0.71883 0.17858 -0.91929 -0.42298
1.72973 0.02568 1.69952 1.76385
2.06043 0.05162 1.99034 2.11443
1.39915 0.04115 1.32401 1.44104
