# avg	std	min	max
2.89256 0.00000 2.89256 2.89256
2.26096 0.00010 2.26090 2.26115
2.34814 0.00018 2.34791 2.34836
1.99146 0.01545 1.97375 2.01272
1.76519 0.11095 1.59175 1.90636
1.72397 0.00909 1.71463 1.73942
2.08018 0.03903 2.03627 2.14015
2.00649 0.04879 1.92731 2.07249
0.00021 0.00121 -0.00220 0.00101
2.65939 0.00011 2.65932 2.65961
2.54835 0.00800 2.53268 2.55499
2.83669 0.00094 2.83607 2.83856
2.14580 0.03031 2.09241 2.18538
2.61723 0.01206 2.59842 2.63026
1.93419 0.03897 1.89560 1.99812
2.30878 0.01536 2.28981 2.32745
1.93058 0.02361 1.90860 1.96097
2.14517 0.01154 2.13257 2.16397
2.06244 0.11361 1.87864 2.20215
2.70785 0.02587 2.66423 2.74504
