# avg	std	min	max
0.17583 0.00392 0.16981 0.17943
0.27695 0.00105 0.27591 0.27827
0.31707 0.00289 0.31317 0.32014
0.15764 0.00353 0.15343 0.16396
0.23018 0.00275 0.22479 0.23248
0.19666 0.00912 0.18711 0.21016
0.09105 0.00468 0.08715 0.09989
0.15136 0.00109 0.15024 0.15333
-0.00081 0.00120 -0.00237 0.00073
0.40256 0.00244 0.40048 0.40726
0.23021 0.00302 0.22651 0.23366
0.46291 0.00456 0.45917 0.47166
-0.01064 0.02403 -0.03449 0.01898
0.02093 0.00846 0.00468 0.02755
-0.10797 0.09376 -0.25107 0.00521
-0.13826 0.00242 -0.14266 -0.13576
-0.10691 0.03726 -0.15654 -0.06815
-0.19448 0.06220 -0.31683 -0.14875
-0.00520 0.17783 -0.26215 0.25492
0.11297 0.00851 0.10287 0.12528
