# avg	std	min	max
0.55435 0.00007 0.55427 0.55445
0.44514 0.00010 0.44496 0.44522
0.49268 0.00023 0.49239 0.49306
0.28651 0.00578 0.27549 0.29187
0.43403 0.02840 0.37748 0.45337
0.35878 0.01790 0.33004 0.37493
0.19365 0.00859 0.17985 0.20670
0.14375 0.03611 0.07370 0.17082
-0.00041 0.00007 -0.00050 -0.00034
0.45861 0.00009 0.45846 0.45873
0.48150 0.00013 0.48126 0.48162
0.53672 0.00837 0.52642 0.54356
0.27079 0.00525 0.26362 0.27736
0.56006 0.00473 0.55363 0.56547
0.13943 0.03833 0.09922 0.20829
0.27027 0.10513 0.15697 0.45260
-0.13733 0.03310 -0.17368 -0.08043
-0.13555 0.08730 -0.23200 -0.00360
-0.08724 0.10769 -0.21224 0.11191
0.56641 0.00439 0.55771 0.56949
