# avg	std	min	max
0.57317 0.00126 0.57167 0.57516
0.27804 0.00179 0.27642 0.28036
0.36962 0.00157 0.36779 0.37232
0.32740 0.00369 0.32328 0.33298
0.32499 0.03090 0.26329 0.34333
0.37078 0.00392 0.36649 0.37606
-0.26022 0.00321 -0.26214 -0.25382
0.46331 0.00188 0.46150 0.46622
-0.00118 0.00117 -0.00315 0.00000
0.46503 0.00229 0.46180 0.46823
0.29662 0.00290 0.29282 0.30031
0.36233 0.01715 0.35043 0.39643
-0.13517 0.00221 -0.13746 -0.13228
0.17358 0.00288 0.16984 0.17847
0.19928 0.04509 0.14322 0.25552
-0.31146 0.00143 -0.31322 -0.30963
-0.04510 0.01883 -0.06336 -0.01128
0.23678 0.04196 0.16578 0.27414
0.32913 0.04070 0.24841 0.35764
0.65539 0.00086 0.65436 0.65654
