# avg	std	min	max
0.74354 0.00015 0.74337 0.74377
0.76617 0.00031 0.76560 0.76647
1.05745 0.00272 1.05386 1.06158
0.74830 0.01029 0.73591 0.76096
0.96830 0.00538 0.96170 0.97424
0.65377 0.02280 0.60916 0.66889
0.72413 0.00101 0.72322 0.72584
0.96945 0.00271 0.96666 0.97276
-0.00066 0.00032 -0.00117 -0.00031
0.76826 0.00045 0.76750 0.76889
1.00999 0.00301 1.00609 1.01280
0.86652 0.00015 0.86635 0.86674
0.77601 0.00372 0.77095 0.78041
0.91294 0.00502 0.90291 0.91570
0.43045 0.03975 0.39176 0.50551
0.80278 0.00056 0.80221 0.80375
0.10746 0.01504 0.09127 0.13533
0.61362 0.06459 0.53620 0.70341
0.28593 0.03682 0.23271 0.33278
0.95458 0.00052 0.95373 0.95531
