# avg	std	min	max
-1.95607 0.00008 -1.95614 -1.95596
-1.16134 0.00012 -1.16157 -1.16120
-0.87916 0.32789 -1.04942 -0.22342
-1.04343 0.20118 -1.33766 -0.70850
-0.80741 0.35165 -1.03944 -0.11844
-1.35218 0.06138 -1.43037 -1.27562
-0.87411 0.02328 -0.90816 -0.84333
-1.22445 0.08275 -1.32685 -1.10632
-0.00023 0.00008 -0.00035 -0.00016
-1.23855 0.12692 -1.34482 -1.08304
-0.86145 0.08415 -1.02973 -0.81687
-1.12559 0.00014 -1.12572 -1.12533
-0.84247 0.12884 -1.09950 -0.76755
-0.92344 0.44923 -1.81816 -0.64112
-1.40248 0.00029 -1.40285 -1.40201
-1.88465 0.10695 -2.09851 -1.82850
-1.57625 0.00206 -1.57970 -1.57337
-1.51776 0.02181 -1.53713 -1.47987
-1.66729 0.04245 -1.75206 -1.64298
-1.42722 0.26783 -1.70735 -0.91691
