# avg	std	min	max
0.63175 0.00000 0.63175 0.63175
0.41580 0.00000 0.41580 0.41580
0.40026 0.00019 0.40007 0.40055
-0.03785 0.01019 -0.05823 -0.03253
-0.11356 0.00121 -0.11584 -0.11270
-0.06573 0.04807 -0.14997 -0.00299
-0.02796 0.07434 -0.10476 0.09760
0.34694 0.17379 0.16733 0.58257
-0.00086 0.00195 -0.00245 0.00177
0.45930 0.00385 0.45595 0.46556
0.42471 0.00012 0.42458 0.42495
0.21001 0.00157 0.20856 0.21248
0.18395 0.13426 -0.03670 0.32468
0.19231 0.00113 0.19112 0.19442
-0.16337 0.03276 -0.20267 -0.11585
0.03636 0.00609 0.02972 0.04769
-0.46582 0.00482 -0.46976 -0.45672
-0.15467 0.00879 -0.16396 -0.14366
0.02155 0.00711 0.01509 0.03536
0.40594 0.01216 0.39016 0.42005
