# avg	std	min	max
-1.73672 0.00533 -1.74678 -1.73224
-1.50158 0.00050 -1.50213 -1.50089
-1.32647 0.03019 -1.34860 -1.26969
-1.69607 0.00119 -1.69762 -1.69399
-1.47389 0.08196 -1.52504 -1.31032
-1.80377 0.00339 -1.80772 -1.79861
-1.83012 0.18476 -2.16752 -1.69554
-1.64406 0.08757 -1.73554 -1.53976
-0.00097 0.00133 -0.00295 0.00123
-2.30538 0.00588 -2.31617 -2.29872
-1.51705 0.00128 -1.51892 -1.51544
-1.65149 0.00121 -1.65289 -1.64957
-1.76514 0.09684 -1.95874 -1.71354
-1.44555 0.00086 -1.44671 -1.44436
-2.02999 0.17882 -2.31513 -1.80842
-1.56468 0.16542 -1.80990 -1.43099
-1.77493 0.00172 -1.77758 -1.77233
-1.84100 0.00352 -1.84704 -1.83679
-1.91310 0.00812 -1.92730 -1.90433
-1.70540 0.00456 -1.71296 -1.69876
