# avg	std	min	max
0.98261 0.08095 0.86078 1.07911
0.79340 0.03064 0.75887 0.83425
-0.21545 0.06208 -0.26970 -0.09709
-0.20760 0.36693 -0.65508 0.27591
-0.56926 0.02765 -0.61734 -0.53237
-0.56818 0.09274 -0.74598 -0.47593
-1.10791 0.08725 -1.26276 -0.99693
-1.09139 0.05394 -1.16099 -1.02177
4.36595 0.17221 4.15308 4.68083
1.15170 0.09104 1.01044 1.27786
0.25857 0.09824 0.18493 0.45066
0.94350 0.03322 0.90864 0.99769
-1.11387 0.08740 -1.18735 -0.94820
-0.63982 0.17669 -0.78897 -0.33499
-0.00639 0.02989 -0.02874 0.05281
0.94344 0.01699 0.92047 0.97010
0.51868 0.05340 0.45992 0.60423
-0.22951 0.10148 -0.39003 -0.11235
-0.01107 0.09371 -0.14596 0.11502
0.06022 0.03385 0.00661 0.11011
