# avg	std	min	max
1.43403 0.01772 1.41042 1.46167
0.56929 0.03235 0.52748 0.61922
0.36923 0.02453 0.34310 0.40992
0.19510 0.25440 -0.00713 0.65486
0.28584 0.03312 0.24796 0.33203
0.32485 0.05956 0.22915 0.40605
-0.21603 0.04615 -0.29344 -0.15645
0.53906 0.07154 0.47859 0.67833
4.36216 0.23120 4.06232 4.57352
0.21224 0.03124 0.16167 0.25746
0.52533 0.03996 0.48856 0.59298
0.04967 0.04236 -0.00739 0.10604
-0.00024 0.03550 -0.04759 0.05786
-0.11219 0.01628 -0.14106 -0.09503
-0.00743 0.04693 -0.06397 0.07295
1.27484 0.02533 1.22605 1.30023
1.23705 0.09917 1.10556 1.38335
-0.17800 0.08950 -0.27936 -0.03826
-0.15797 0.11104 -0.27093 0.03655
-0.52050 0.03718 -0.57824 -0.47040
