# avg	std	min	max
1.28834 0.02103 1.25702 1.32334
0.45348 0.00000 0.45348 0.45348
0.68387 0.03212 0.66673 0.74808
-0.79209 0.07095 -0.92596 -0.73168
-0.12001 0.06547 -0.21467 -0.02790
-0.51836 0.08062 -0.67754 -0.45447
-0.83943 0.08157 -0.93920 -0.74128
-0.56723 0.47219 -1.49730 -0.17625
2.80543 0.06706 2.72022 2.87365
0.45039 0.01956 0.41887 0.48071
1.12190 0.01289 1.11488 1.14767
1.02136 0.00122 1.02002 1.02296
-0.52212 0.03236 -0.57217 -0.47971
0.48538 0.00718 0.47421 0.49306
0.00011 0.00023 0.00000 0.00056
0.59499 0.00032 0.59450 0.59537
0.14313 0.02474 0.09520 0.16495
0.14106 0.02098 0.12115 0.17858
-0.04833 0.50380 -0.97777 0.39528
0.63533 0.00902 0.62324 0.64597
