# avg	std	min	max
0.53416 0.03274 0.48844 0.58377
0.43624 0.03424 0.37973 0.48539
0.68554 0.04082 0.66104 0.76704
0.08951 0.03640 0.04409 0.12415
0.47693 0.03486 0.44667 0.52915
-0.00290 0.03227 -0.05817 0.03435
-0.05844 0.03176 -0.08648 0.00178
0.32973 0.06108 0.27152 0.43365
0.57359 0.02860 0.54164 0.62613
0.43680 0.02935 0.41402 0.49414
0.59050 0.03236 0.54780 0.62870
0.17904 0.02273 0.14036 0.21057
0.02916 0.02957 -0.00757 0.07616
0.21701 0.03546 0.17946 0.28214
0.02447 0.03944 -0.02878 0.07775
0.92711 0.02516 0.90054 0.97227
0.20272 0.06930 0.11927 0.32542
-0.07424 0.03426 -0.12435 -0.01785
-0.28221 0.08652 -0.42153 -0.18402
0.21383 0.09729 0.05873 0.32786
