# avg	std	min	max
-0.25731 0.00171 -0.25907 -0.25508
-0.16358 0.00062 -0.16423 -0.16250
-0.28452 0.00052 -0.28499 -0.28355
-0.38241 0.00068 -0.38308 -0.38109
-0.38650 0.00539 -0.39436 -0.37796
-0.25164 0.03779 -0.31701 -0.20065
-0.59688 0.02490 -0.64607 -0.57852
-0.22016 0.00920 -0.23135 -0.20386
-0.62853 0.00745 -0.63770 -0.61971
-0.04406 0.00161 -0.04619 -0.04189
-0.34460 0.00068 -0.34559 -0.34348
-0.15859 0.00061 -0.15924 -0.15747
-0.39471 0.02119 -0.42548 -0.36935
-0.43903 0.00211 -0.44227 -0.43576
-0.00143 0.00131 -0.00292 0.00043
-0.31466 0.00685 -0.32220 -0.30172
-0.23999 0.00223 -0.24322 -0.23752
-0.43313 0.03562 -0.50420 -0.41191
-0.42687 0.00466 -0.43334 -0.42042
-0.20988 0.00524 -0.21865 -0.20286
