# avg	std	min	max
2.66989 0.02133 2.62735 2.68229
0.89450 0.05988 0.80115 0.98527
0.46993 0.03758 0.43668 0.53686
-0.51170 0.04895 -0.58810 -0.46385
-0.33225 0.14191 -0.53681 -0.14812
-1.22460 0.06859 -1.32852 -1.13187
-1.64260 0.05552 -1.73508 -1.56303
-0.10581 0.16662 -0.27042 0.20013
1.39899 0.01272 1.38277 1.41438
1.09402 0.02964 1.05164 1.12448
1.13806 0.03184 1.09655 1.19380
0.32840 0.03642 0.27621 0.38586
-0.42145 0.25762 -0.84158 -0.16276
0.43515 0.05791 0.32826 0.48235
-0.01128 0.00000 -0.01128 -0.01128
0.85087 0.01416 0.83729 0.87209
0.98741 0.05106 0.92367 1.03896
0.08351 0.03818 0.03204 0.14008
-0.10900 0.28824 -0.36095 0.44154
0.10996 0.16184 -0.18129 0.31639
