# avg	std	min	max
1.73427 0.17327 1.63160 2.07912
0.16703 0.24834 -0.06717 0.60679
0.60419 0.01225 0.59089 0.62622
-1.60017 0.06197 -1.66803 -1.49726
0.40098 0.09309 0.30171 0.56441
-1.54570 0.17710 -1.76023 -1.32023
-1.24384 0.02936 -1.29563 -1.21665
-0.76360 0.04426 -0.80405 -0.67724
3.22042 0.19441 2.99602 3.57324
0.38165 0.03540 0.33475 0.43553
0.32850 0.32300 -0.11526 0.62390
-0.08113 0.09430 -0.16789 0.08844
-1.02939 0.03724 -1.06823 -0.96681
-0.28391 0.04123 -0.34045 -0.22728
-0.00428 0.00856 -0.02141 0.00000
1.17332 0.03409 1.13186 1.22183
0.15669 0.14360 0.02099 0.41736
-0.83475 0.02430 -0.85880 -0.79951
-0.55886 0.22490 -0.89844 -0.34112
-0.74292 0.02863 -0.77412 -0.69187
