# avg	std	min	max
1.06670 0.00956 1.05510 1.07611
0.29758 0.01524 0.27425 0.31073
0.73532 0.00737 0.72899 0.74886
-0.09444 0.07573 -0.19335 -0.00790
0.16597 0.01088 0.14981 0.17866
-0.28422 0.04113 -0.32025 -0.20511
0.10291 0.04669 0.01014 0.13490
-0.21252 0.00465 -0.22161 -0.20911
3.33504 0.02956 3.31394 3.39369
0.83280 0.00786 0.82301 0.83991
0.83858 0.00478 0.83050 0.84416
1.00099 0.00990 0.99137 1.01765
0.15200 0.01110 0.13075 0.16035
0.23450 0.00905 0.22660 0.25198
-0.00746 0.00442 -0.01085 -0.00000
0.53379 0.00701 0.52574 0.54360
0.26435 0.01114 0.25028 0.28188
0.20953 0.01734 0.19076 0.24155
0.01458 0.14919 -0.08630 0.30852
0.51094 0.00472 0.50314 0.51737
