# avg	std	min	max
2.21007 0.12145 2.06251 2.37978
0.75079 0.12268 0.55265 0.87577
2.18347 0.32242 1.75959 2.68891
-2.00929 0.09160 -2.18238 -1.92272
0.69679 0.47629 -0.00177 1.38559
-1.77899 0.10155 -1.88844 -1.61228
-1.04843 0.12339 -1.12271 -0.80304
6.15553 1.62985 3.30855 8.31195
4.54138 0.03153 4.51012 4.59785
1.24571 0.08680 1.14118 1.33800
0.96259 0.17101 0.70495 1.19010
1.17211 0.06766 1.04331 1.23526
0.92760 0.35257 0.38080 1.49470
0.94706 0.07041 0.85194 1.05473
-0.02102 0.00476 -0.03054 -0.01865
2.95468 0.11677 2.78892 3.10729
1.93783 0.05440 1.83549 1.99707
1.34472 0.22201 1.00091 1.57009
1.67854 0.28588 1.30795 2.00361
-0.34069 0.38290 -0.83870 0.34128
