# avg	std	min	max
1.39232 0.12571 1.14626 1.48911
-0.00349 0.04173 -0.07549 0.04998
0.57756 0.08459 0.46253 0.66614
-1.52233 0.09502 -1.70208 -1.42297
-0.05765 0.09394 -0.21583 0.04517
-1.76399 0.16504 -1.91821 -1.51265
-0.63550 1.02575 -1.58878 1.17313
1.48651 0.74624 0.47378 2.32633
2.84947 0.31075 2.40842 3.28723
0.56613 0.02277 0.53383 0.59668
-0.10411 0.06808 -0.16681 0.02039
-0.50023 0.04585 -0.55091 -0.41767
1.01555 1.12969 0.21375 3.19874
-0.40206 0.07698 -0.49455 -0.30104
-0.04449 0.07947 -0.20338 -0.00112
1.09722 0.12854 0.93271 1.32901
0.63872 0.03777 0.60183 0.70008
0.29791 0.15288 0.07729 0.53828
0.55039 0.12614 0.39825 0.76396
1.13831 0.58942 0.57962 1.98256
