# avg	std	min	max
0.85121 0.00844 0.83763 0.86299
0.13132 0.02264 0.09360 0.15416
0.38465 0.01480 0.36455 0.40437
-0.59310 0.03941 -0.63597 -0.51864
-0.37290 0.04523 -0.42221 -0.31436
-0.71579 0.04493 -0.76934 -0.63619
-0.60575 0.01866 -0.62668 -0.57226
-0.51453 0.02943 -0.55080 -0.47017
1.92827 0.01981 1.89265 1.94698
0.14824 0.01675 0.12529 0.16632
-0.37393 0.09035 -0.48066 -0.22705
0.80912 0.03903 0.74144 0.84418
-0.50353 0.00862 -0.51266 -0.48776
0.44522 0.01163 0.43162 0.45893
-0.01695 0.01650 -0.04496 0.00536
0.81807 0.01170 0.80250 0.83883
0.25093 0.02013 0.21307 0.26898
-0.23791 0.04445 -0.31367 -0.17433
-0.56248 0.06860 -0.62911 -0.46305
0.30533 0.00926 0.29609 0.32121
