# avg	std	min	max
1.02625 0.00127 1.02469 1.02730
0.23302 0.00103 0.23250 0.23508
0.62080 0.01948 0.59865 0.64729
-0.17678 0.00222 -0.18049 -0.17371
-0.05350 0.03807 -0.09542 0.00947
-0.92081 0.00895 -0.93617 -0.90906
0.36732 0.01156 0.34482 0.37806
0.49979 0.01830 0.47876 0.52766
3.40079 0.17522 3.08371 3.60732
0.26737 0.00036 0.26678 0.26775
0.74604 0.01334 0.73394 0.77170
0.89350 0.02277 0.87732 0.93654
0.46626 0.01611 0.43810 0.48747
0.19878 0.01996 0.16664 0.22409
-0.00847 0.00000 -0.00847 -0.00847
0.36447 0.01878 0.32708 0.37727
-0.00711 0.01501 -0.03600 0.00786
0.33541 0.07535 0.21345 0.40875
0.73096 0.01715 0.70943 0.75808
0.90131 0.00227 0.89942 0.90540
