# avg	std	min	max
1.82581 0.26902 1.47923 2.05048
0.79825 0.12559 0.66897 0.96242
-0.03943 0.05820 -0.10212 0.06971
-0.98944 0.01756 -1.02064 -0.96663
-0.66441 0.03601 -0.70586 -0.61940
-0.54550 0.31109 -1.15760 -0.34468
-0.68275 0.37178 -1.14402 -0.32439
0.26769 0.17742 0.09459 0.59093
4.43257 0.09500 4.32226 4.58978
1.19138 0.03975 1.12334 1.24653
1.16453 0.01626 1.14435 1.18649
0.83989 0.05952 0.72622 0.88336
0.64984 0.52056 -0.09849 1.20719
0.84641 0.21272 0.45397 1.06726
-0.01290 0.00990 -0.02331 0.00261
2.13477 0.15574 1.85586 2.27402
1.73934 0.02376 1.70236 1.76876
0.10262 0.19263 -0.24063 0.35215
-0.56453 0.24918 -0.96973 -0.28980
0.93029 0.30040 0.62524 1.49829
