# avg	std	min	max
1.56850 0.04909 1.51660 1.63854
-0.16580 0.02109 -0.18913 -0.14150
1.15861 0.19321 0.77318 1.27848
-1.29120 0.88621 -2.13065 0.32021
0.88431 0.01652 0.86372 0.90654
-1.69404 0.04344 -1.76428 -1.62903
2.51801 0.91839 0.96986 3.82821
3.78510 1.50173 1.17624 5.50565
4.79500 0.03355 4.74842 4.84827
0.55952 0.04657 0.49783 0.63706
1.29315 0.05832 1.22913 1.38327
0.03499 0.02240 0.01821 0.07869
3.81316 1.16237 2.53570 5.61416
2.22358 0.10587 2.13139 2.40926
-0.01748 0.02034 -0.05524 -0.00027
3.76443 0.85350 3.01645 4.82038
0.19201 0.05867 0.10311 0.25888
-0.89390 0.08593 -0.96975 -0.73208
-0.08038 0.09198 -0.17456 0.07079
4.27214 0.76945 3.10896 5.26793
