# avg	std	min	max
0.92553 0.00021 0.92539 0.92591
-0.36375 0.00006 -0.36378 -0.36362
-1.12583 0.04474 -1.14974 -1.03641
-1.06855 0.28777 -1.28421 -0.50023
-2.42264 0.00084 -2.42427 -2.42196
-2.92545 0.01439 -2.93402 -2.89680
-0.04108 0.47075 -0.53470 0.75130
0.91971 0.41590 0.29112 1.34438
3.11788 0.23478 2.73975 3.39113
0.85305 0.10120 0.75734 0.97665
0.48738 0.04315 0.46424 0.57357
-0.06257 0.02135 -0.07368 -0.01988
-0.42205 0.32006 -0.72525 -0.02455
0.79839 0.00716 0.78940 0.81065
-0.00005 0.00010 -0.00025 -0.00000
1.31932 0.19283 1.05079 1.61584
0.36877 0.02817 0.33240 0.40008
-0.60759 0.02606 -0.63713 -0.55981
-0.28931 0.00866 -0.30251 -0.27993
1.13692 0.07719 1.01667 1.25503
