# avg	std	min	max
1.38168 0.00943 1.37309 1.39961
0.25012 0.00984 0.23685 0.26182
0.39673 0.03413 0.35276 0.44590
-1.72476 0.00345 -1.72972 -1.71956
-0.20393 0.11285 -0.35669 -0.07912
-1.59783 0.07838 -1.69694 -1.48190
-1.25659 0.06007 -1.35596 -1.18656
-1.75360 0.24275 -1.96830 -1.29346
6.65187 0.10719 6.52947 6.81803
0.17623 0.01181 0.15390 0.18696
-0.37949 0.00699 -0.39015 -0.37169
0.44830 0.15978 0.18187 0.63696
2.13055 0.27539 1.78338 2.38971
0.75098 0.40628 0.01239 1.04844
-0.00240 0.00000 -0.00240 -0.00240
1.67508 0.00805 1.66527 1.68780
0.56246 0.06291 0.50547 0.67900
-1.04297 0.02095 -1.07573 -1.01868
-0.26715 0.14773 -0.55750 -0.15811
0.36718 0.00492 0.36412 0.37700
