# avg	std	min	max
1.31717 0.00003 1.31715 1.31723
0.27179 0.00076 0.27141 0.27331
0.52527 0.00085 0.52441 0.52671
-0.34275 0.00427 -0.34624 -0.33433
-0.27084 0.00813 -0.28694 -0.26534
-0.40387 0.00550 -0.41413 -0.39770
-0.30480 0.00119 -0.30580 -0.30260
-0.79030 0.00463 -0.79560 -0.78253
3.36383 0.00659 3.35603 3.37176
0.48381 0.00019 0.48366 0.48412
0.95975 0.00188 0.95856 0.96350
0.94567 0.00047 0.94506 0.94642
-0.18050 0.00516 -0.18682 -0.17564
0.49564 0.00317 0.49284 0.50027
-0.00000 0.00000 -0.00000 -0.00000
0.61179 0.00177 0.60940 0.61375
0.07914 0.00154 0.07823 0.08221
-0.06301 0.01966 -0.09075 -0.04228
0.21486 0.01089 0.19757 0.22593
0.54839 0.01846 0.53422 0.58146
