# avg	std	min	max
1.36307 0.06087 1.27040 1.45691
0.30087 0.02625 0.26923 0.34066
0.31371 0.00544 0.30476 0.32126
-0.53473 0.03213 -0.58564 -0.49081
-0.48889 0.03771 -0.55264 -0.44697
-0.53691 0.05641 -0.59450 -0.46067
-0.51411 0.18162 -0.82531 -0.33847
-0.34044 0.05545 -0.42527 -0.26029
3.59100 0.06467 3.49560 3.68584
0.82916 0.04405 0.80069 0.91540
0.88016 0.02844 0.85297 0.93023
1.10079 0.04620 1.01431 1.13531
-0.13939 0.03835 -0.19761 -0.08596
0.34618 0.04169 0.29636 0.41396
-0.00392 0.00000 -0.00392 -0.00392
0.98042 0.04111 0.90870 1.03652
0.39996 0.02260 0.36698 0.42694
-0.25796 0.04051 -0.32000 -0.19489
-0.04768 0.09502 -0.22372 0.05843
0.08244 0.04153 0.01687 0.14449
