# avg	std	min	max
3.39737 0.01249 3.38217 3.41730
2.02686 0.01909 2.00144 2.05260
2.06438 0.03111 2.02455 2.10171
0.07019 0.60953 -0.64319 1.15172
1.55183 0.11008 1.40862 1.74324
-0.56502 0.09337 -0.69428 -0.47929
6.45033 1.79696 2.94067 8.00495
6.51692 1.42298 4.97207 8.74122
4.69035 0.14642 4.55559 4.92103
2.63432 0.03440 2.58671 2.67660
1.48826 0.14454 1.28266 1.66569
1.84060 0.01148 1.83119 1.86304
4.68599 1.01437 3.28469 6.18656
1.64375 0.03560 1.60220 1.69541
-0.00083 0.00000 -0.00083 -0.00083
4.84726 0.11397 4.70462 4.97921
5.16901 0.14526 4.99317 5.34814
3.18958 0.34766 2.51561 3.48127
2.81081 1.00882 0.80000 3.45056
3.62929 1.32858 1.91261 5.58059
