# avg	std	min	max
0.54246 0.01468 0.51497 0.55654
0.00468 0.01870 -0.01137 0.04140
0.36613 0.05706 0.31184 0.46786
-1.37922 0.07880 -1.45353 -1.22653
-0.17801 0.06202 -0.22812 -0.05623
-1.78207 0.06427 -1.83667 -1.67141
0.01843 0.21598 -0.18408 0.32186
-0.29347 0.07686 -0.34549 -0.14500
2.73105 0.09675 2.58082 2.85228
0.77665 0.01647 0.76110 0.80689
0.38217 0.03509 0.34952 0.42801
0.35134 0.06110 0.28214 0.45896
-0.19773 0.14936 -0.32995 -0.00982
-0.11848 0.03986 -0.15954 -0.04332
-0.00267 0.00000 -0.00267 -0.00267
1.03024 0.01744 1.01237 1.05940
0.27833 0.05655 0.22562 0.38407
-1.11457 0.28277 -1.49290 -0.74503
-1.24353 0.10964 -1.45671 -1.14814
1.07464 0.04577 1.03297 1.15935
