# avg	std	min	max
1.00877 0.02749 0.97803 1.04600
0.15353 0.01259 0.13892 0.17381
0.38092 0.02913 0.34845 0.43053
-0.55523 0.03844 -0.60692 -0.48746
-0.40112 0.00638 -0.41065 -0.39389
-0.79973 0.06766 -0.92960 -0.73933
-0.64882 0.00858 -0.66137 -0.63540
-1.15663 0.04570 -1.20840 -1.07861
3.32785 0.04685 3.28513 3.41755
0.18627 0.01237 0.17225 0.20556
0.81944 0.14484 0.68157 0.99530
0.76020 0.01119 0.74272 0.77608
-0.51176 0.05274 -0.55615 -0.41512
-0.01902 0.02686 -0.05960 0.01078
-0.03575 0.02773 -0.07642 0.00241
0.65264 0.02495 0.60927 0.67585
0.13576 0.03018 0.08132 0.16910
-0.23090 0.05704 -0.30556 -0.16450
-0.08571 0.04500 -0.13178 -0.00110
-0.03519 0.02604 -0.08652 -0.01615
