# avg	std	min	max
1.11598 0.04443 1.06401 1.18865
0.21643 0.08416 0.05373 0.28197
0.51969 0.06316 0.41561 0.58766
-0.05294 0.01479 -0.07637 -0.03138
-0.08785 0.04014 -0.16112 -0.04985
-0.41704 0.05476 -0.49271 -0.35569
-0.03536 0.03695 -0.07889 0.02564
-0.40261 0.05692 -0.46860 -0.32223
3.03102 0.24420 2.60893 3.31148
0.33427 0.03923 0.28029 0.37724
0.71203 0.09986 0.51793 0.79617
0.93586 0.02026 0.91227 0.97364
-0.03741 0.09220 -0.21855 0.03710
0.25887 0.01612 0.23220 0.28031
-0.01271 0.01612 -0.04157 0.00774
0.66977 0.00521 0.66331 0.67778
0.15205 0.01478 0.13485 0.17843
-0.11505 0.04096 -0.18408 -0.06736
-0.42228 0.07800 -0.50864 -0.27744
0.24229 0.08289 0.08350 0.31684
