# avg	std	min	max
0.71148 0.01012 0.70090 0.72547
0.55587 0.02369 0.52746 0.58631
0.30510 0.01269 0.28856 0.32430
0.11854 0.01552 0.09615 0.13586
0.23531 0.02524 0.20289 0.27361
-0.10554 0.02661 -0.13344 -0.06494
-0.34794 0.01474 -0.37146 -0.32912
0.16502 0.02951 0.12721 0.20282
2.12734 0.00923 2.12197 2.14574
0.56443 0.02080 0.54393 0.59922
0.21720 0.01523 0.20538 0.24439
0.43668 0.00804 0.42782 0.45127
0.04294 0.01419 0.01578 0.05607
0.47511 0.11715 0.24097 0.54014
-0.02698 0.00359 -0.03246 -0.02266
0.48771 0.01825 0.47213 0.51580
-0.10883 0.04839 -0.16889 -0.05603
-0.02222 0.04850 -0.07456 0.05347
0.00723 0.09474 -0.17547 0.09146
0.37348 0.05297 0.27951 0.43763
