# avg	std	min	max
-1.53891 0.03501 -1.57079 -1.48524
-0.98588 0.08619 -1.09479 -0.86118
1.40917 0.10779 1.28471 1.59973
-0.13903 0.08344 -0.27375 -0.02445
0.92240 0.09086 0.80067 1.01692
-0.12985 0.11931 -0.35765 -0.03666
-0.19242 0.06487 -0.25872 -0.08056
0.01971 0.05745 -0.05620 0.10771
3.75898 0.16253 3.48673 3.93580
0.86561 0.09181 0.69729 0.97504
1.23095 0.08715 1.15025 1.33806
0.49931 0.15209 0.29201 0.67603
-0.11474 0.08567 -0.22839 -0.02911
0.49589 0.03335 0.44421 0.54777
-0.01925 0.12046 -0.21000 0.15681
-1.24844 0.05644 -1.32787 -1.17686
-0.20597 0.09766 -0.38897 -0.10018
0.04689 0.04121 -0.03531 0.07111
0.08885 0.11710 -0.11824 0.20794
0.34354 0.05416 0.27428 0.40733
