# avg	std	min	max
1.37681 0.09858 1.32603 1.57391
0.53275 0.00000 0.53275 0.53275
-0.00327 0.00959 -0.01095 0.01516
-0.94856 0.26759 -1.21182 -0.48727
-1.03562 0.00037 -1.03610 -1.03495
-1.64407 0.02498 -1.68355 -1.61749
-0.92396 0.01491 -0.95298 -0.91381
-0.27535 0.08101 -0.32291 -0.11376
3.72657 0.19891 3.54866 4.02771
0.66802 0.14149 0.57627 0.94412
0.79133 0.20260 0.38691 0.90279
0.21139 0.00226 0.20980 0.21585
-0.85486 0.02059 -0.88117 -0.83078
0.61939 0.00172 0.61723 0.62095
-0.07413 0.10288 -0.12677 0.13162
1.62448 0.02089 1.61060 1.66482
1.24210 0.15051 1.12892 1.53463
-0.64670 0.01737 -0.67531 -0.62373
-0.04561 0.03536 -0.11633 -0.02793
-0.08552 0.15155 -0.18126 0.21685
