# avg	std	min	max
2.41111 0.02953 2.37461 2.45330
1.17532 0.04842 1.11413 1.23231
1.20019 0.08799 1.05063 1.28157
0.26476 0.06955 0.16467 0.38105
0.39199 0.04065 0.32017 0.44481
0.10743 0.07722 -0.00052 0.23695
0.49444 0.04967 0.45098 0.57873
0.57509 0.11080 0.45787 0.75389
4.36310 0.06521 4.27089 4.45545
1.21512 0.00541 1.20733 1.22425
1.79628 0.03673 1.75363 1.85800
1.79792 0.07343 1.74489 1.94169
0.58357 0.03561 0.52875 0.63628
0.95324 0.04291 0.89927 1.01824
0.75888 0.03727 0.71704 0.80663
1.64003 0.03356 1.59215 1.69283
1.00406 0.01714 0.97590 1.02155
0.28021 0.17872 0.08680 0.57979
-0.04043 0.04930 -0.13904 -0.01578
1.08194 0.05382 1.02715 1.17961
