# avg	std	min	max
-2.04354 0.00090 -2.04443 -2.04202
0.73995 0.00035 0.73960 0.74061
1.55718 0.00041 1.55683 1.55794
0.27055 0.00060 0.27008 0.27174
1.73234 0.16215 1.47089 1.94341
-1.42054 0.06061 -1.53624 -1.36157
0.44100 0.10563 0.29397 0.54218
0.87340 0.39779 0.31913 1.20421
2.05169 0.00137 2.04907 2.05295
0.67532 0.00111 0.67427 0.67674
1.56433 0.00719 1.55540 1.57105
0.56429 0.00132 0.56302 0.56602
0.48560 0.06687 0.35190 0.52239
-1.27833 0.00013 -1.27851 -1.27818
0.32084 0.07768 0.16712 0.37134
0.50381 0.00182 0.50231 0.50736
0.31452 0.01024 0.30594 0.32880
0.33105 0.01771 0.31055 0.35601
0.00000 0.00000 0.00000 0.00000
0.54119 0.01531 0.52154 0.56042
