# avg	std	min	max
0.54255 0.07568 0.49249 0.68778
0.11147 0.07630 0.03466 0.23043
0.57053 0.10286 0.49588 0.76540
0.01298 0.02671 -0.00158 0.06638
0.46246 0.20624 0.27010 0.85537
-0.07536 0.09250 -0.24450 0.02853
0.37797 0.11750 0.18319 0.54491
0.48634 0.12454 0.37394 0.71856
0.66381 0.14911 0.46534 0.89129
0.82927 0.25439 0.67525 1.33622
0.87916 0.10687 0.78378 1.07970
0.29751 0.03032 0.25824 0.33055
0.32909 0.03212 0.29036 0.37407
0.56424 0.07844 0.51964 0.72054
-0.37028 0.03254 -0.38779 -0.30523
0.55752 0.04633 0.52516 0.64880
0.12296 0.10990 0.02892 0.32711
-0.14757 0.06157 -0.22901 -0.03860
-0.01203 0.02867 -0.06615 0.01909
0.92805 0.04645 0.87917 1.00624
