# avg	std	min	max
0.27245 0.12540 0.08800 0.41277
0.27292 0.11121 0.13370 0.41558
0.75772 0.12607 0.54964 0.92575
0.29217 0.17192 0.01988 0.51577
0.52295 0.11467 0.37079 0.63976
0.53650 0.03193 0.50414 0.59592
0.57110 0.12526 0.39575 0.78485
0.60129 0.12483 0.39348 0.76625
0.57232 0.17163 0.32798 0.82761
0.33742 0.27679 0.03772 0.79470
0.67811 0.14696 0.49745 0.87962
0.19294 0.12735 0.01692 0.36143
0.68259 0.33017 0.08332 0.98690
0.51334 0.08719 0.38418 0.61113
0.10471 0.14103 -0.04739 0.34722
0.29084 0.12466 0.15493 0.52444
0.36667 0.09940 0.23929 0.49154
0.16922 0.24163 -0.18181 0.49702
-0.04244 0.12356 -0.17701 0.18957
0.67802 0.16437 0.48434 0.91099
