# avg	std	min	max
1.36460 0.35102 0.71133 1.76649
0.28386 0.34047 -0.14215 0.88898
1.31020 0.30104 0.77401 1.61924
0.41002 0.29894 0.00144 0.83176
0.78764 0.21238 0.52107 1.03427
0.02714 0.34976 -0.41185 0.46250
0.58494 0.21418 0.22647 0.83289
0.41439 0.27357 0.10007 0.88106
3.65621 0.56066 2.77883 4.51559
0.25536 0.61747 -0.42685 1.05477
1.23056 0.22987 0.97969 1.61564
0.81552 0.10228 0.68961 0.95523
0.53963 0.24019 0.31635 0.93482
0.41360 0.21054 0.18549 0.79854
0.06884 0.18093 -0.12145 0.39439
1.06206 0.29632 0.71668 1.43837
0.76864 0.14484 0.61462 0.99978
0.16773 0.15508 -0.06451 0.35741
-0.00523 0.00000 -0.00523 -0.00523
0.94735 0.31141 0.46927 1.41728
