# avg	std	min	max
1.85385 0.03304 1.79675 1.88643
0.96536 0.04069 0.90986 1.01937
1.05899 0.00890 1.04610 1.07405
0.38247 0.05158 0.31236 0.46443
0.38231 0.07715 0.30308 0.48302
0.26602 0.07017 0.19113 0.37200
1.08130 0.07846 1.01894 1.22077
1.57269 1.01414 -0.10657 2.58695
3.91556 0.05339 3.84631 3.98190
1.77331 0.06660 1.70293 1.87548
1.92174 0.11371 1.80957 2.09547
1.57570 0.05205 1.50704 1.64161
0.66847 0.13205 0.46529 0.84716
1.49129 0.50490 0.75032 2.02801
1.14218 0.01231 1.12244 1.15356
2.06798 0.06041 1.98421 2.15725
2.10933 0.23111 1.66288 2.31501
1.37170 0.10650 1.23562 1.56314
-0.01401 0.00000 -0.01401 -0.01401
1.63970 0.04787 1.59339 1.73006
