# avg	std	min	max
0.89267 0.00010 0.89255 0.89282
0.27353 0.14577 0.14624 0.52452
0.46730 0.01559 0.43673 0.48077
-0.39617 0.02690 -0.42639 -0.34965
-0.23559 0.07804 -0.39070 -0.18010
-0.81349 0.04882 -0.85170 -0.72118
-0.73016 0.02614 -0.76911 -0.69861
-0.18849 0.18529 -0.50666 0.04713
2.55422 0.30149 2.25962 3.01879
0.25546 0.03128 0.23195 0.31499
0.75633 0.04526 0.70559 0.83936
0.77693 0.00533 0.77400 0.78758
0.21448 0.03768 0.16290 0.27344
0.11854 0.01837 0.09645 0.14968
-0.02574 0.07780 -0.07344 0.12918
0.55845 0.06009 0.50578 0.64643
0.35518 0.09955 0.27325 0.54402
-0.25125 0.12355 -0.35255 -0.00826
-0.02003 0.03236 -0.06223 0.03486
0.52636 0.04473 0.46006 0.59303
