# avg	std	min	max
3.22206 0.07094 3.14064 3.31340
1.85413 0.04934 1.77951 1.92304
0.75023 0.04333 0.67571 0.79933
-0.37066 0.05555 -0.43934 -0.30634
-0.36682 0.05938 -0.45525 -0.27997
-0.19257 0.03717 -0.24826 -0.14975
-0.07089 0.04422 -0.11843 0.00381
-0.33497 0.29783 -0.62179 0.20302
4.96388 0.09143 4.82636 5.06442
2.17117 0.04601 2.09588 2.23711
1.04708 0.05484 0.98084 1.11360
1.83646 0.03602 1.76894 1.87278
-0.71144 0.71521 -1.23666 0.70316
0.49834 0.03789 0.44355 0.55112
1.43768 0.09700 1.28857 1.54602
3.48604 0.07731 3.38006 3.62064
2.23619 0.07366 2.09084 2.29071
0.27572 0.03114 0.23044 0.31541
-0.00000 0.00000 -0.00000 -0.00000
1.99677 0.37206 1.58700 2.44984
