# avg	std	min	max
1.16925 0.06926 1.06823 1.27532
0.47805 0.05313 0.41270 0.53950
1.07286 0.05962 1.00349 1.18271
0.04744 0.05629 -0.01709 0.12496
0.56513 0.12266 0.40203 0.77020
0.15676 0.06122 0.03791 0.20870
0.28843 0.09168 0.10924 0.36821
0.18674 0.02693 0.14429 0.22779
4.68751 0.03524 4.64754 4.73724
0.73415 0.05020 0.64986 0.79942
1.01036 0.04974 0.93309 1.06654
1.27061 0.06668 1.17697 1.37382
0.26006 0.01606 0.23370 0.28224
0.48750 0.03901 0.44437 0.54544
0.35634 0.06076 0.25986 0.44703
0.89552 0.05761 0.81990 0.96938
0.58658 0.04975 0.52820 0.66327
0.43036 0.02725 0.39965 0.47761
-0.05701 0.04071 -0.13719 -0.02366
0.51216 0.04324 0.45918 0.56508
