# avg	std	min	max
3.22163 0.04162 3.14856 3.26794
1.30307 0.08839 1.24171 1.47180
-0.00814 0.17495 -0.19556 0.32218
-0.87021 0.04015 -0.91252 -0.79596
-0.49939 0.14296 -0.61725 -0.25581
-1.22622 0.08672 -1.35010 -1.08149
-1.43962 0.76363 -2.48923 -0.63104
0.74533 0.22216 0.49968 1.13379
3.67178 0.12410 3.55732 3.90679
2.62112 0.08725 2.51637 2.74278
1.16749 0.05101 1.09617 1.23692
1.38320 0.10013 1.26537 1.55397
-0.18188 0.30788 -0.67557 0.24976
-0.15392 0.15583 -0.33685 0.12683
0.67782 0.07959 0.58542 0.80655
2.41262 0.68489 1.55593 3.01785
1.24779 0.30171 1.02372 1.82639
0.49166 0.10068 0.32261 0.62277
-0.01672 0.00000 -0.01672 -0.01672
0.17418 0.08007 0.08768 0.31726
