# avg	std	min	max
3.03182 0.42770 2.33538 3.55046
2.19164 0.53487 1.25987 2.72662
1.83365 0.39450 1.41477 2.41003
0.65463 0.30721 0.18379 1.00313
0.88508 0.47405 0.19209 1.35813
0.82354 0.20153 0.52666 1.16120
1.96927 0.24366 1.58549 2.23460
1.84479 0.25716 1.42624 2.12556
5.52766 0.12359 5.34048 5.68273
2.43833 0.37779 1.92666 2.90631
2.01288 0.20784 1.61488 2.17695
2.49886 0.29281 1.97013 2.87142
2.42056 0.33480 1.79270 2.75457
2.47121 0.37611 2.00265 3.01815
1.62265 0.27817 1.19368 1.90407
3.21840 0.44569 2.44133 3.77100
2.95787 0.31604 2.44295 3.35086
0.67397 0.27697 0.31253 1.10604
-0.46173 0.41454 -1.14357 0.07050
1.42167 0.33302 0.85619 1.75452
