# avg	std	min	max
1.36415 0.01681 1.34401 1.38840
0.42283 0.02435 0.39528 0.45879
0.61665 0.01179 0.59930 0.63286
-0.69340 0.02319 -0.72302 -0.65214
-0.29781 0.01381 -0.31616 -0.27919
-0.69907 0.10090 -0.86596 -0.58320
-0.70258 0.01282 -0.72046 -0.68448
-0.66520 0.01553 -0.68549 -0.64935
3.19299 0.05686 3.12894 3.27520
0.61864 0.01784 0.60199 0.65159
1.34614 0.00773 1.33885 1.36026
1.01256 0.04102 0.96659 1.08519
-0.39405 0.02784 -0.41002 -0.33854
0.25970 0.02377 0.22172 0.29521
0.13660 0.04089 0.07709 0.17913
1.11101 0.03384 1.08739 1.17732
0.03264 0.05010 -0.04899 0.10403
-0.17169 0.06069 -0.24904 -0.08198
-0.04513 0.07980 -0.20145 0.01569
0.09054 0.05564 0.02576 0.17657
