# avg	std	min	max
1.35253 0.02179 1.33583 1.39424
0.44808 0.03852 0.37240 0.47361
1.57225 0.02958 1.51954 1.59414
-0.36736 0.07167 -0.42456 -0.22763
0.82917 0.11079 0.75572 1.04179
-0.41962 0.10377 -0.57366 -0.27491
-0.18930 0.00568 -0.20018 -0.18457
0.13705 0.02338 0.10876 0.16638
2.91197 0.10218 2.71393 2.99317
0.75438 0.01297 0.74044 0.77300
1.80908 0.02411 1.76336 1.82594
1.04494 0.00279 1.04018 1.04889
-0.15798 0.02168 -0.19605 -0.13874
0.29546 0.00113 0.29344 0.29671
0.38215 0.03386 0.35204 0.43744
1.26870 0.03044 1.22479 1.30649
0.51359 0.03600 0.47885 0.57760
-0.17361 0.03286 -0.21953 -0.12590
-0.00593 0.00000 -0.00593 -0.00593
0.44944 0.00675 0.44422 0.46274
