# avg	std	min	max
1.19669 0.13799 1.02777 1.42945
0.42928 0.13295 0.30623 0.63549
0.67144 0.15371 0.55858 0.96890
-0.17772 0.06428 -0.24523 -0.08656
-0.11990 0.09308 -0.23777 -0.00505
-0.64911 0.07644 -0.72454 -0.50607
-0.12032 0.07796 -0.21876 -0.00357
-0.43543 0.13328 -0.59209 -0.24199
3.25190 0.09805 3.13507 3.42579
0.89219 0.03856 0.84225 0.93933
0.94223 0.05774 0.85673 1.01180
1.07459 0.09084 0.98482 1.19016
-0.15689 0.07403 -0.25709 -0.05936
0.19906 0.07129 0.12968 0.29448
-0.10719 0.06614 -0.18243 -0.01132
0.70531 0.04181 0.67791 0.78824
0.31000 0.06639 0.23025 0.40919
0.19860 0.14877 -0.01045 0.45142
-0.04577 0.03095 -0.10274 -0.00809
0.51041 0.04609 0.46959 0.59696
