# avg	std	min	max
1.22556 0.01944 1.21573 1.26444
0.32237 0.00676 0.31690 0.33211
0.59680 0.12208 0.45667 0.74848
-0.19942 0.03789 -0.26204 -0.14466
-0.15775 0.12963 -0.31995 0.00887
-0.87521 0.13589 -1.08429 -0.69787
-0.22419 0.00986 -0.22946 -0.20447
-1.38735 0.29666 -1.62713 -0.80540
2.60202 0.19908 2.38627 2.94595
0.23627 0.12636 0.17286 0.48900
0.12852 0.05802 0.03931 0.18689
0.81330 0.07928 0.75276 0.96391
-0.48022 0.11783 -0.56245 -0.24798
0.52009 0.13575 0.38388 0.68990
0.13704 0.12931 0.06333 0.39533
0.75541 0.17878 0.61211 1.09378
0.28201 0.01864 0.26127 0.30780
-0.10727 0.07706 -0.21929 0.00084
-0.04519 0.04430 -0.12897 -0.01494
0.64698 0.09776 0.54666 0.80629
