# avg	std	min	max
1.66105 0.02786 1.64646 1.71676
0.91779 0.00000 0.91779 0.91779
1.08994 0.03237 1.02521 1.10679
0.59438 0.00449 0.58542 0.59694
0.51628 0.00079 0.51471 0.51684
0.42071 0.00902 0.40325 0.42927
0.53746 0.04121 0.51670 0.61988
0.63095 0.01285 0.60989 0.64524
3.93810 0.26611 3.40615 4.08047
1.74707 0.00043 1.74648 1.74755
1.52027 0.00035 1.51981 1.52077
1.84498 0.02057 1.83305 1.88589
0.61137 0.03910 0.58290 0.68802
1.02276 0.00463 1.01450 1.02619
0.59837 0.04006 0.53245 0.63738
1.44411 0.02718 1.40395 1.48509
0.87735 0.02707 0.83531 0.92077
0.38106 0.05697 0.30810 0.45027
-0.01113 0.00254 -0.01240 -0.00604
0.86128 0.01770 0.84321 0.88274
