# avg	std	min	max
1.24047 0.03459 1.19232 1.28162
0.76067 0.04790 0.67366 0.82062
1.59887 0.08111 1.51540 1.72730
0.09484 0.08436 -0.03248 0.21446
0.95540 0.03106 0.92489 1.00195
-0.25697 0.09762 -0.37975 -0.10172
0.17452 0.01357 0.15804 0.19900
-0.19487 0.05726 -0.24926 -0.08580
2.61468 0.10544 2.46005 2.73719
0.07482 0.07046 -0.03808 0.18069
0.39254 0.03911 0.32457 0.44511
0.37880 0.03717 0.32894 0.41825
0.41055 0.01997 0.38132 0.43524
0.48822 0.06376 0.38458 0.56575
0.33801 0.17519 0.09070 0.54701
1.35239 0.02932 1.30309 1.38835
0.99722 0.06629 0.93073 1.11130
0.20984 0.02902 0.17247 0.26087
-0.00374 0.00000 -0.00374 -0.00374
0.36463 0.07812 0.26513 0.47015
