# avg	std	min	max
2.93507 0.04894 2.87637 3.02424
2.09153 0.24884 1.60323 2.28188
2.82552 0.25570 2.50947 3.12578
1.17314 0.07878 1.07035 1.27293
2.19154 0.16955 1.86190 2.33658
1.22241 0.07917 1.13056 1.36762
1.62498 0.16111 1.39951 1.85543
0.77330 0.06349 0.70554 0.89296
5.75493 0.22277 5.34789 6.00934
2.09205 0.48412 1.34056 2.60173
2.16974 0.21847 1.76633 2.38589
2.96158 0.13199 2.76388 3.10061
1.09531 0.06897 1.00940 1.18019
2.24595 0.10812 2.09839 2.42368
1.58264 0.27029 1.11788 1.94150
3.00235 0.27515 2.46091 3.23166
2.40745 0.03139 2.36180 2.45898
1.71147 0.16818 1.52675 1.95445
-0.02594 0.03332 -0.09257 -0.00929
2.42173 0.19416 2.25703 2.77695
