# avg	std	min	max
0.90504 0.02252 0.88164 0.93682
0.01779 0.01311 0.00127 0.03550
0.54715 0.01425 0.53940 0.57564
-0.29128 0.01103 -0.30518 -0.27584
-0.01674 0.00667 -0.02218 -0.00505
-0.47427 0.02272 -0.50705 -0.44026
-0.09734 0.01832 -0.12265 -0.07066
0.01750 0.10371 -0.13342 0.11513
4.26901 0.07116 4.18200 4.39746
1.00811 0.00751 1.00224 1.02251
1.09161 0.01939 1.07113 1.12691
1.01595 0.01277 1.00329 1.03385
-0.05556 0.01588 -0.07612 -0.03393
0.15922 0.01273 0.15062 0.18376
0.22588 0.02352 0.20587 0.27164
0.71398 0.02871 0.66002 0.74459
0.21192 0.01755 0.19765 0.23925
-0.08513 0.01922 -0.11420 -0.06046
-0.01928 0.01891 -0.05394 -0.00378
0.09013 0.02195 0.07316 0.13217
