# avg	std	min	max
2.15475 0.05376 2.06481 2.20052
0.87263 0.08940 0.78588 1.00032
-0.17434 0.08249 -0.28256 -0.08456
-1.58152 0.11572 -1.74205 -1.44054
-1.22489 0.10288 -1.35915 -1.07828
-1.25155 0.06492 -1.35189 -1.14681
-0.33003 0.06736 -0.44926 -0.26133
-1.12905 0.13935 -1.24484 -0.86250
5.38433 0.11291 5.22088 5.49536
2.14350 0.44986 1.74073 3.02301
1.20596 0.07659 1.11576 1.32904
1.02548 0.06606 0.93259 1.10931
-0.02761 0.12007 -0.13693 0.19068
0.08423 0.05978 -0.01884 0.14570
0.56156 0.01092 0.55289 0.58247
2.10544 0.01082 2.09230 2.12415
1.11575 0.06043 0.99948 1.16697
-0.38645 0.03739 -0.45558 -0.34159
0.00000 0.00000 0.00000 0.00000
0.93390 0.19305 0.64794 1.14349
