# avg	std	min	max
1.27260 0.04969 1.17663 1.31534
0.43517 0.03530 0.37898 0.48053
1.12543 0.32985 0.94091 1.78478
0.20114 0.18774 0.02771 0.49982
0.28795 0.02611 0.25819 0.32284
-0.20151 0.04881 -0.26178 -0.13425
0.38097 0.03286 0.31527 0.39812
0.51101 0.11957 0.30451 0.64220
3.66844 0.08870 3.49961 3.75806
0.43620 0.03455 0.38178 0.48908
0.33773 0.04847 0.25825 0.40033
1.18706 0.04517 1.11445 1.23782
0.49371 0.01758 0.47117 0.51682
0.40687 0.10098 0.31960 0.60126
0.11780 0.04322 0.06716 0.18637
0.90102 0.02952 0.85343 0.93968
0.50778 0.05684 0.44240 0.60495
0.14406 0.02740 0.10736 0.18664
-0.08386 0.03610 -0.12165 -0.03089
0.51265 0.07271 0.42826 0.64785
