# avg	std	min	max
1.20589 0.12049 1.06133 1.39718
0.34560 0.10185 0.16883 0.46504
0.97680 0.08253 0.86372 1.07603
0.14369 0.11056 -0.04187 0.25196
0.74062 0.09445 0.56498 0.83821
-0.35602 0.09120 -0.49089 -0.21291
0.23091 0.07796 0.08429 0.30960
0.32488 0.32778 0.02534 0.92145
2.76102 0.11221 2.65542 2.97553
0.13344 0.15520 -0.05539 0.35677
1.28787 0.19859 0.96275 1.50974
1.01979 0.14069 0.90313 1.29221
0.25404 0.19056 0.02799 0.58631
0.55103 0.10489 0.44763 0.74557
0.01491 0.17916 -0.20399 0.27793
1.35148 0.17052 1.09239 1.51951
0.49438 0.18004 0.33252 0.75931
0.10314 0.09499 -0.01167 0.23521
-0.02908 0.03718 -0.08957 -0.00000
0.92165 0.13385 0.78764 1.08947
