# avg	std	min	max
2.62146 0.00398 2.61513 2.62503
1.51261 0.07597 1.46220 1.66395
1.72439 0.28586 1.47534 2.07824
-0.26432 0.10199 -0.32459 -0.06179
1.04942 0.33417 0.38553 1.27028
0.07604 0.19337 -0.04821 0.45276
-0.64394 0.07021 -0.72184 -0.55802
0.83684 0.32505 0.58934 1.41488
3.84995 0.84233 3.04090 5.42960
1.67716 0.27286 1.43927 2.06762
1.58135 0.03948 1.55711 1.66014
0.85225 0.05086 0.79756 0.91592
-0.54487 0.49919 -1.19431 -0.13581
0.83765 0.39079 0.39567 1.37153
0.26698 0.01215 0.25200 0.28779
1.74585 0.03893 1.68389 1.80266
1.31743 0.28926 1.05430 1.84927
0.01096 0.04502 -0.06868 0.06931
-0.04521 0.14144 -0.31935 0.08375
1.02396 0.48796 0.46100 1.89466
