# avg	std	min	max
0.83033 0.02910 0.77845 0.86838
1.00482 0.03948 0.95542 1.07174
1.74687 0.04381 1.67306 1.79966
0.74574 0.06906 0.63789 0.83174
1.61549 0.02915 1.57919 1.64994
0.56781 0.07469 0.52208 0.71647
0.46644 0.10064 0.34037 0.64365
0.80815 0.12065 0.62363 0.99709
2.28521 0.05849 2.19864 2.36226
0.62530 0.14986 0.38669 0.85842
1.22113 0.14264 1.07780 1.49241
0.81621 0.07102 0.67988 0.88129
0.61348 0.12242 0.48584 0.84658
0.50234 0.04109 0.45997 0.56071
0.44555 0.23101 0.14253 0.72144
1.08952 0.07281 0.99030 1.18990
0.27566 0.13813 0.16159 0.54440
0.29246 0.13614 0.02543 0.40499
-0.01954 0.03732 -0.05768 0.05083
0.60370 0.14141 0.51124 0.88548
