# avg	std	min	max
0.86784 0.00000 0.86784 0.86784
-0.18417 0.00000 -0.18417 -0.18417
-0.24901 0.00511 -0.25166 -0.23880
-1.98798 0.00144 -1.99085 -1.98710
-0.22767 0.04016 -0.25919 -0.14833
-0.59727 0.37541 -1.10011 -0.00901
7.10132 0.08349 7.02983 7.25792
13.60068 1.22890 11.72840 15.14860
-0.57095 0.02907 -0.59938 -0.51546
0.00037 0.00066 -0.00037 0.00129
-0.52553 0.01042 -0.53329 -0.50487
0.17468 0.01967 0.15550 0.19845
13.07110 0.51837 12.47010 13.89710
0.85083 0.02458 0.81062 0.87709
1.28950 0.14124 1.07531 1.40651
1.88993 0.00804 1.87828 1.89838
2.15457 0.41473 1.32551 2.38480
1.27130 0.67746 0.37004 1.84940
3.81262 0.55267 2.97359 4.67149
2.29605 0.00722 2.28321 2.30563
