# avg	std	min	max
0.81761 0.00000 0.81761 0.81761
0.39753 0.00000 0.39753 0.39753
0.99544 0.08549 0.89721 1.13326
0.03806 0.01424 0.02632 0.06581
0.34361 0.08206 0.26875 0.49724
-0.17977 0.09785 -0.28100 -0.01372
-0.96221 0.01226 -0.97854 -0.94622
-0.10456 0.01277 -0.11911 -0.08523
0.11709 0.27350 -0.18058 0.45696
0.00019 0.00405 -0.00474 0.00525
1.12652 0.79082 -0.18040 2.08500
0.81538 0.07338 0.67122 0.87366
-0.67117 0.02257 -0.71448 -0.64866
0.58893 0.04766 0.54507 0.67765
0.58493 0.17207 0.36575 0.73829
1.12696 0.24837 0.84393 1.57758
1.15089 0.07302 1.06102 1.28309
-0.38339 0.18573 -0.64841 -0.17095
-1.10039 0.22695 -1.30956 -0.68169
0.19121 0.07407 0.10499 0.29561
