# avg	std	min	max
1.13018 0.03295 1.08615 1.18527
-0.23950 0.00022 -0.23966 -0.23909
1.35029 0.17551 1.01270 1.50686
-0.78016 0.17433 -0.94950 -0.50915
0.59167 0.25721 0.28966 1.01837
-0.42814 0.12906 -0.54378 -0.26784
-0.77870 0.05838 -0.85196 -0.68703
-0.27775 0.05024 -0.33293 -0.20753
-1.41837 0.09208 -1.52434 -1.30100
-0.00014 0.00015 -0.00043 -0.00000
1.07990 0.06992 0.95535 1.15973
0.36429 0.00944 0.35629 0.38043
-1.99448 0.11241 -2.10818 -1.84388
0.35663 0.02937 0.30053 0.38397
0.27329 0.28564 -0.26924 0.51614
1.65189 0.07899 1.52962 1.74585
0.33295 0.08336 0.24199 0.45434
-0.18296 0.08838 -0.33309 -0.08138
0.14280 0.09227 -0.00495 0.26640
-0.11695 0.27120 -0.50243 0.24068
