# avg	std	min	max
2.00954 0.00777 1.99700 2.01879
2.00785 0.00689 2.00157 2.02115
3.79718 0.13497 3.56956 3.95702
2.15066 0.03334 2.09385 2.19279
3.78709 0.02031 3.75326 3.80900
2.36930 0.07002 2.24248 2.44114
2.46881 0.02161 2.44995 2.50902
2.67847 0.15465 2.37276 2.78698
1.25736 0.28700 0.83422 1.57746
-0.00242 0.00260 -0.00663 0.00056
1.59726 0.09209 1.47643 1.73843
2.02214 0.07646 1.97023 2.17356
2.39656 0.32848 1.73969 2.56636
0.85594 0.00711 0.84444 0.86414
2.40271 0.02021 2.36455 2.42017
-0.40723 0.03289 -0.45417 -0.35933
0.83234 0.03711 0.79705 0.89902
3.12619 0.06667 3.03191 3.23732
2.43439 0.23450 2.13909 2.67921
1.86007 0.00682 1.84662 1.86469
