# avg	std	min	max
0.96652 0.00593 0.95947 0.97294
-0.57502 0.03655 -0.62095 -0.54218
0.80190 0.24325 0.49665 1.03326
-1.50267 0.02263 -1.52700 -1.47226
0.42690 0.34427 0.13452 0.93297
-1.43042 0.10567 -1.56159 -1.32476
-1.10165 0.04287 -1.13052 -1.01640
-0.69632 0.20068 -0.94940 -0.52747
3.69635 0.07592 3.60558 3.81676
-0.00961 0.01646 -0.04221 0.00064
1.92563 0.23774 1.79274 2.40049
0.22082 0.00132 0.21904 0.22301
-1.36766 0.09001 -1.46162 -1.20144
-0.55063 0.03079 -0.59915 -0.50772
-0.58698 0.23074 -0.78275 -0.14576
1.02023 0.03731 0.97335 1.05970
0.35264 0.04685 0.27636 0.39298
-1.35615 0.05815 -1.41795 -1.24638
-1.21469 0.02402 -1.24180 -1.16968
-0.51259 0.36049 -0.70938 0.20780
