# avg	std	min	max
0.64666 0.02454 0.61399 0.67561
-1.04764 0.01715 -1.07906 -1.02756
0.04560 0.94422 -0.78880 1.59961
0.49038 1.09540 -0.32997 2.64401
-0.48990 0.23387 -0.76151 -0.15177
1.03210 2.31997 -2.47793 3.63048
4.61435 2.43371 2.69009 9.39427
13.12594 1.31608 11.77420 14.88440
-2.87109 0.71218 -3.39478 -1.48703
-0.00043 0.00152 -0.00325 0.00136
1.03206 0.43462 0.50530 1.54773
0.78442 0.23322 0.35710 1.03325
12.27808 1.90313 10.14210 15.50240
3.23252 1.83118 1.09490 5.51076
-0.96724 0.21438 -1.20673 -0.56761
3.72633 1.06753 2.77201 5.52810
3.01342 2.64148 0.45153 6.33363
1.45287 3.07728 -1.70841 7.34271
5.76434 4.62207 -1.05629 10.55240
9.23605 4.82304 3.24382 14.27710
