# avg	std	min	max
-0.27443 0.00111 -0.27498 -0.27221
-1.08795 0.00111 -1.08850 -1.08573
-1.29700 0.00093 -1.29791 -1.29534
-1.88782 0.25072 -2.19615 -1.49626
-1.74757 0.02868 -1.80467 -1.72919
-1.90823 0.09772 -2.01642 -1.73911
-2.16390 0.11768 -2.39628 -2.08005
-0.08010 0.09713 -0.21257 0.08842
-2.59459 0.00214 -2.59641 -2.59113
-0.00288 0.00026 -0.00317 -0.00255
-0.17154 0.00062 -0.17268 -0.17084
-0.46628 0.00069 -0.46752 -0.46541
-1.57659 0.14398 -1.86452 -1.50110
0.01055 0.00209 0.00791 0.01332
-0.90070 0.85835 -1.95600 -0.06881
0.77317 0.33823 0.37118 1.39467
0.16621 0.28081 -0.18478 0.57900
-0.35288 0.56278 -1.18545 0.43264
-0.23414 0.29732 -0.58096 0.29679
-0.29103 0.50152 -1.05970 0.13064
