# avg	std	min	max
0.92545 0.07585 0.85180 1.03092
0.45139 0.00288 0.44901 0.45535
0.60118 0.04979 0.53330 0.68730
0.26822 0.07175 0.18375 0.39926
0.46941 0.06176 0.39561 0.55419
0.29216 0.06954 0.24124 0.43011
0.23074 0.00649 0.22030 0.23766
0.44363 0.05550 0.38821 0.54912
2.19020 0.02317 2.15909 2.21980
-0.00187 0.00293 -0.00768 0.00026
0.08135 0.00411 0.07612 0.08797
0.28491 0.01615 0.26235 0.29834
0.23747 0.04421 0.20450 0.32063
0.29863 0.05954 0.19159 0.36950
0.23567 0.08153 0.16403 0.39477
0.78756 0.09070 0.60724 0.84468
0.75779 0.00408 0.75251 0.76387
-0.04375 0.01714 -0.07078 -0.01700
-0.01035 0.22521 -0.44649 0.17013
0.46046 0.10678 0.24713 0.52341
