# avg	std	min	max
-2.20284 0.00000 -2.20284 -2.20284
0.31050 0.00039 0.31031 0.31129
1.91158 0.00210 1.90937 1.91499
-0.27696 0.08912 -0.40169 -0.18227
1.63374 0.00191 1.63191 1.63729
-0.36114 0.03679 -0.40092 -0.29127
-0.29038 0.03688 -0.34373 -0.26025
-0.28769 0.01937 -0.32092 -0.26095
3.59550 0.01640 3.57999 3.61849
0.00148 0.00147 -0.00093 0.00315
1.85470 0.00066 1.85375 1.85570
-0.06461 0.00186 -0.06598 -0.06102
-0.32491 0.02483 -0.36635 -0.29817
-0.40150 0.00522 -0.40577 -0.39137
-0.23646 0.13833 -0.43499 -0.11543
-1.65151 0.00465 -1.65879 -1.64770
-0.21541 0.04917 -0.28251 -0.16290
-0.53879 0.08680 -0.63345 -0.38663
-0.81996 0.04847 -0.89199 -0.74587
0.01436 0.00713 0.00795 0.02682
