# avg	std	min	max
-0.14410 0.00022 -0.14421 -0.14367
-0.18699 0.00176 -0.18787 -0.18346
0.27114 0.00014 0.27092 0.27135
-0.52696 0.00707 -0.53275 -0.51315
0.01079 0.00023 0.01044 0.01109
-0.62138 0.02455 -0.66474 -0.59016
-0.62436 0.24325 -0.75345 -0.13825
-0.30338 0.05907 -0.37275 -0.19446
-0.85814 0.00865 -0.87543 -0.85335
-0.00189 0.00813 -0.01199 0.01158
0.20468 0.00208 0.20273 0.20722
-0.11318 0.00221 -0.11525 -0.11016
-0.75933 0.00302 -0.76158 -0.75343
-0.29766 0.01288 -0.32312 -0.28824
-0.33508 0.18753 -0.71006 -0.23449
-0.37438 0.02426 -0.41264 -0.34798
-0.26120 0.01812 -0.28510 -0.24016
-0.60859 0.02636 -0.65772 -0.58685
-0.42272 0.02002 -0.44283 -0.38842
-0.19833 0.00674 -0.20273 -0.18527
