# avg	std	min	max
0.41592 0.00943 0.40481 0.42834
0.88185 0.01958 0.85626 0.90236
1.31730 0.10633 1.19310 1.51243
0.49112 0.02071 0.46666 0.51782
1.01139 0.07501 0.96522 1.16052
0.30804 0.15641 0.06527 0.52015
0.32346 0.14016 0.16506 0.55599
0.36098 0.14552 0.16442 0.52689
5.44539 0.01554 5.42785 5.47116
-0.00743 0.00570 -0.01221 0.00000
0.98711 0.00939 0.96852 0.99402
0.44171 0.01198 0.42792 0.45649
0.26104 0.06231 0.16934 0.34268
-0.04014 0.02014 -0.06609 -0.00820
0.22676 0.02652 0.19480 0.27249
0.69314 0.01080 0.67807 0.71066
0.69742 0.04219 0.62954 0.76170
-0.20939 0.11334 -0.39306 -0.03546
-0.10098 0.02391 -0.12095 -0.05812
0.20485 0.02089 0.18543 0.24532
