# avg	std	min	max
0.67281 0.00082 0.67181 0.67348
-0.13636 0.00069 -0.13702 -0.13538
0.38958 0.01889 0.36352 0.41581
-0.28949 0.01808 -0.30541 -0.25556
-0.15873 0.02134 -0.18268 -0.11939
-0.29087 0.04695 -0.32900 -0.20068
0.43622 0.05665 0.37345 0.53219
0.52910 0.08527 0.42041 0.63582
3.13178 0.15861 2.96910 3.40752
-0.00021 0.00044 -0.00102 0.00024
0.20808 0.03306 0.16134 0.24671
0.22295 0.00032 0.22250 0.22330
0.38006 0.02799 0.34288 0.42517
-0.08700 0.01612 -0.10845 -0.06040
-0.13932 0.00115 -0.14068 -0.13742
0.70021 0.03110 0.65152 0.74424
0.13978 0.05854 0.07592 0.23012
-0.10031 0.05175 -0.14901 -0.02797
-0.28369 0.08341 -0.39554 -0.14752
0.90057 0.04345 0.85228 0.96260
