# avg	std	min	max
0.71259 0.00668 0.70085 0.71797
0.07947 0.00508 0.07295 0.08601
0.61946 0.00999 0.60169 0.63223
-0.01848 0.01574 -0.03364 0.00915
0.18799 0.01111 0.17605 0.20193
-0.54134 0.07596 -0.66153 -0.46206
-1.09586 0.01707 -1.12294 -1.07607
-0.23435 0.01198 -0.24684 -0.21454
-0.68201 0.01138 -0.70194 -0.66921
-0.00036 0.00067 -0.00121 0.00060
0.62097 0.00893 0.61363 0.63705
-0.09645 0.01441 -0.12014 -0.08203
-1.54775 0.00905 -1.55810 -1.53430
-0.17866 0.02027 -0.19835 -0.15295
-0.30166 0.10361 -0.40046 -0.16756
0.44870 0.01477 0.42939 0.46564
-0.17634 0.09815 -0.32105 -0.07860
-0.26808 0.10705 -0.44293 -0.15408
-0.35139 0.24130 -0.63382 -0.06531
-0.15353 0.01034 -0.15981 -0.13290
