# avg	std	min	max
0.28626 0.00480 0.27995 0.29302
0.42027 0.00028 0.42013 0.42082
1.56086 0.11162 1.40611 1.74758
0.26069 0.08312 0.11820 0.35739
1.02704 0.03051 0.99708 1.06433
0.44060 0.08084 0.33177 0.57007
0.09616 0.12442 -0.01895 0.27575
0.80086 0.04805 0.73624 0.85268
0.83182 0.02083 0.79559 0.85898
0.07600 0.15199 -0.00000 0.37998
0.74714 0.00428 0.74247 0.75434
0.78990 0.00156 0.78799 0.79144
0.30522 0.07374 0.18567 0.40578
0.43224 0.31954 0.03509 0.69521
0.16631 0.13684 -0.10706 0.24419
-1.27733 0.11128 -1.47844 -1.15061
0.05097 0.11323 -0.09437 0.21571
-0.19566 0.09133 -0.26971 -0.01811
0.12914 0.12226 -0.05585 0.29675
0.79616 0.11744 0.63087 0.96832
