# avg	std	min	max
-0.27090 0.00042 -0.27121 -0.27013
-0.52565 0.00037 -0.52583 -0.52491
1.26933 0.02107 1.25008 1.30891
0.88125 1.42541 -0.27046 3.60505
2.13115 0.00791 2.12248 2.14310
-0.78060 0.06265 -0.87463 -0.68304
-0.67438 0.04479 -0.75215 -0.61466
2.12216 0.69618 0.73247 2.53715
-0.18527 0.00680 -0.19827 -0.17834
-0.00021 0.00038 -0.00089 0.00018
1.62090 0.51039 1.35238 2.64102
0.12164 0.06017 0.00129 0.15185
0.42353 0.87721 -0.87111 1.46714
-0.22218 0.14287 -0.37914 0.01924
-0.79721 0.02233 -0.82718 -0.76114
-0.76116 0.15937 -1.06108 -0.63619
-0.15588 0.01126 -0.16607 -0.13449
-0.44732 0.28033 -0.68508 -0.10229
-0.39263 0.04407 -0.44098 -0.31903
0.67140 0.19761 0.47073 0.98409
