# avg	std	min	max
0.50173 0.00000 0.50173 0.50173
-0.04587 0.00000 -0.04587 -0.04587
0.31697 0.00679 0.30386 0.32243
-0.22158 0.02204 -0.23474 -0.17762
-0.26614 0.00135 -0.26849 -0.26498
-0.46478 0.08210 -0.58726 -0.39203
-0.34945 0.01067 -0.35765 -0.32930
-0.40000 0.01299 -0.41749 -0.38235
2.24414 0.25100 1.94848 2.67766
0.00000 0.00062 -0.00073 0.00091
0.10728 0.01288 0.09463 0.12691
0.53554 0.00041 0.53511 0.53622
-0.27954 0.01583 -0.29867 -0.25929
-0.16523 0.02086 -0.17762 -0.12391
-0.32334 0.00089 -0.32431 -0.32171
0.27564 0.00204 0.27359 0.27857
-0.06996 0.00202 -0.07255 -0.06785
-0.58222 0.05631 -0.64450 -0.48720
-0.96388 0.10830 -1.16856 -0.87936
0.02086 0.01463 -0.00534 0.03480
