# avg	std	min	max
-0.09049 0.00000 -0.09049 -0.09049
-0.84123 0.00002 -0.84125 -0.84121
-0.14393 0.00156 -0.14578 -0.14201
-1.10347 0.02016 -1.12508 -1.06538
-0.74496 0.00090 -0.74576 -0.74372
-1.19029 0.16847 -1.45129 -0.94924
-0.86217 0.02999 -0.92204 -0.84382
-1.00184 0.00365 -1.00893 -0.99889
4.03604 0.09899 3.92027 4.19558
0.00001 0.00003 -0.00004 0.00005
-0.58670 0.00849 -0.59836 -0.57312
0.09591 0.00031 0.09556 0.09644
-0.80778 0.00133 -0.80878 -0.80530
-0.76046 0.00361 -0.76744 -0.75741
-1.14410 0.00723 -1.14973 -1.13051
-0.46643 0.00368 -0.46964 -0.46176
-0.84368 0.01373 -0.86202 -0.82932
-0.83971 0.01785 -0.86096 -0.81756
-0.70065 0.00619 -0.70724 -0.68891
-0.56695 0.02708 -0.62020 -0.54771
