# avg	std	min	max
1.18902 0.43534 0.59080 1.65814
-0.65214 0.32735 -1.25376 -0.31433
-0.68633 0.13222 -0.83663 -0.50323
0.97499 0.39244 0.54229 1.59757
0.38416 0.33787 -0.09011 0.81808
-0.08411 0.64178 -0.92316 0.63305
0.29738 0.67836 -0.42351 1.48367
3.27585 3.56158 -0.32527 10.10690
4.43867 0.52367 4.10897 5.48090
0.00018 0.00017 -0.00000 0.00043
1.22289 0.11801 1.12747 1.45427
-0.07657 0.35385 -0.74652 0.27267
1.55628 0.71837 0.50203 2.47615
0.97864 0.70394 0.52082 2.37063
3.21095 1.86002 1.24738 6.69790
1.41504 0.84943 0.13121 2.24434
4.36527 2.91990 2.27903 10.12450
4.38002 1.05629 3.27784 6.24644
4.55072 0.74037 3.20956 5.47744
8.88971 7.51797 2.49859 18.10630
