# avg	std	min	max
-1.08203 0.03164 -1.12297 -1.04036
-0.25551 0.07638 -0.31604 -0.11044
0.88747 0.19160 0.50738 1.02821
-1.23519 0.13710 -1.42895 -1.02330
0.23613 0.02348 0.20616 0.26277
-0.91610 0.14569 -1.06503 -0.64638
-0.47980 0.85057 -1.24353 1.06975
-0.52445 0.14993 -0.69200 -0.27023
5.09589 0.16968 4.94241 5.38469
-0.00103 0.00166 -0.00432 0.00000
-0.47331 0.09010 -0.62265 -0.39758
0.04277 0.01375 0.02472 0.06034
-0.89532 0.22482 -1.30396 -0.67735
-0.02707 0.09512 -0.10749 0.12048
-0.27388 0.09820 -0.38451 -0.11611
-0.74223 0.50808 -1.25277 -0.10736
-0.61122 0.21785 -0.84380 -0.32899
-0.43543 0.09802 -0.58010 -0.29306
-0.06448 0.04921 -0.12312 0.00955
0.84836 0.07123 0.75105 0.94639
