# avg	std	min	max
-0.12061 0.00003 -0.12063 -0.12056
-0.08016 0.00000 -0.08016 -0.08016
0.21004 0.00003 0.21001 0.21008
-0.10800 0.00445 -0.11106 -0.09923
0.22124 0.00007 0.22115 0.22133
-0.31548 0.01457 -0.33853 -0.29614
-0.34351 0.01052 -0.35684 -0.33269
1.38093 0.00138 1.37913 1.38256
0.08978 0.01498 0.07592 0.11590
-0.00003 0.00003 -0.00008 -0.00000
0.10146 0.00003 0.10142 0.10151
-0.38440 0.00116 -0.38599 -0.38331
-0.20157 0.02361 -0.24868 -0.18723
-0.21180 0.00562 -0.21536 -0.20060
-0.51200 0.19527 -0.69935 -0.13412
-0.24287 0.00331 -0.24705 -0.23826
-0.14585 0.00380 -0.14950 -0.14119
-0.11346 0.03663 -0.15050 -0.05037
-0.45277 0.08789 -0.60950 -0.33837
-0.18421 0.00992 -0.20289 -0.17587
