# avg	std	min	max
0.20122 0.00207 0.20018 0.20535
0.10360 0.00077 0.10322 0.10515
0.37905 0.02186 0.33540 0.39190
-0.18178 0.03585 -0.25344 -0.16160
0.05789 0.00657 0.04931 0.06605
-0.04242 0.10710 -0.12423 0.15099
-0.35601 0.00136 -0.35824 -0.35449
0.12168 0.08958 -0.02149 0.23209
0.08960 0.10448 -0.11482 0.16954
-0.00086 0.00200 -0.00487 0.00032
0.20871 0.00224 0.20647 0.21252
0.29372 0.00025 0.29345 0.29413
-0.29563 0.00131 -0.29789 -0.29404
-0.14671 0.00711 -0.15805 -0.13858
-0.06349 0.10437 -0.14003 0.12938
-0.23619 0.00834 -0.24809 -0.22717
-0.04925 0.00769 -0.05937 -0.03965
-0.28323 0.10729 -0.44914 -0.18786
-0.63456 0.04147 -0.71167 -0.58715
0.23956 0.01789 0.21417 0.26245
