# avg	std	min	max
-0.15617 0.00193 -0.15980 -0.15402
-0.19019 0.00227 -0.19290 -0.18748
-0.09362 0.00161 -0.09683 -0.09271
-0.27615 0.01861 -0.29030 -0.23941
-0.22786 0.00165 -0.23111 -0.22652
-0.31156 0.01152 -0.32238 -0.29189
-0.36590 0.01674 -0.38340 -0.34135
-0.29741 0.00132 -0.29947 -0.29572
-0.52152 0.06226 -0.62064 -0.45114
0.00028 0.00198 -0.00197 0.00398
-0.19869 0.00213 -0.20250 -0.19587
-0.22389 0.00293 -0.22974 -0.22229
-0.33655 0.01723 -0.35444 -0.31579
-0.30868 0.00197 -0.31132 -0.30581
-0.03807 0.01358 -0.05659 -0.02559
-0.62022 0.00908 -0.63591 -0.60856
-0.38840 0.00308 -0.39073 -0.38282
-0.64561 0.08856 -0.75605 -0.52034
-0.58348 0.20025 -0.73337 -0.19195
-0.06792 0.00402 -0.07365 -0.06231
