# avg	std	min	max
-1.21552 0.00525 -1.22418 -1.20912
1.50415 0.00000 1.50415 1.50415
2.59405 0.15213 2.39003 2.73514
0.65162 0.00322 0.64773 0.65653
1.86644 0.04033 1.80129 1.92364
0.60657 0.03672 0.54513 0.65567
0.66119 0.08683 0.49020 0.71546
0.81275 0.16807 0.60372 1.02960
6.45679 0.26588 6.11017 6.93363
0.01427 0.00940 0.00123 0.02496
2.00216 0.02869 1.97279 2.05003
1.16621 0.00966 1.15527 1.18249
0.71238 0.07009 0.58534 0.77782
1.37417 0.00667 1.36277 1.38365
0.99131 0.12294 0.82422 1.11145
1.22482 0.09164 1.16720 1.40658
0.94368 0.18307 0.62163 1.09035
0.82008 0.03247 0.78710 0.87716
-0.70352 0.02464 -0.73968 -0.66503
1.31544 0.04309 1.26559 1.38217
