# avg	std	min	max
-1.95216 0.00106 -1.95311 -1.95024
-1.60846 0.00135 -1.61021 -1.60687
0.27759 0.00142 0.27596 0.27962
-0.04907 0.00462 -0.05258 -0.04043
0.18776 0.00075 0.18656 0.18850
-0.12638 0.00818 -0.13762 -0.11605
-0.17183 0.00933 -0.18083 -0.15958
-0.08013 0.00199 -0.08266 -0.07826
3.32533 0.10765 3.16130 3.48721
-0.00082 0.00118 -0.00272 0.00073
0.20120 0.00087 0.20028 0.20237
-0.15982 0.00218 -0.16287 -0.15669
-0.15279 0.00351 -0.15631 -0.14679
-0.05066 0.00130 -0.05227 -0.04861
-0.37436 0.05499 -0.43649 -0.27715
-0.08386 0.00131 -0.08538 -0.08222
-0.62700 0.03599 -0.67732 -0.56920
-0.19116 0.10877 -0.35364 -0.06805
-0.17493 0.06048 -0.28478 -0.12978
-0.02026 0.00531 -0.02758 -0.01282
