# avg	std	min	max
-0.55789 0.01195 -0.58168 -0.55114
-1.51943 0.00108 -1.52144 -1.51865
0.08333 0.00882 0.07883 0.10097
-1.11770 0.01995 -1.15533 -1.09893
-0.47033 0.02528 -0.49142 -0.42999
-1.33311 0.04359 -1.40323 -1.26924
-1.19500 0.02185 -1.21818 -1.15676
-0.89582 0.02663 -0.92939 -0.85174
0.60505 0.04802 0.55406 0.69531
0.00019 0.00073 -0.00054 0.00155
-0.26616 0.00245 -0.27049 -0.26336
-0.47305 0.01607 -0.49098 -0.44954
-1.08738 0.01233 -1.11018 -1.07310
-0.48320 0.00373 -0.49008 -0.48046
-0.76159 0.03321 -0.79697 -0.72007
-0.43158 0.00679 -0.43967 -0.42344
-0.94957 0.07868 -1.01730 -0.79895
-1.01016 0.02310 -1.05281 -0.99200
-0.78500 0.01437 -0.81246 -0.77066
-0.45961 0.01058 -0.47480 -0.44483
