# avg	std	min	max
2.15373 0.00055 2.15317 2.15443
0.12389 0.00088 0.12288 0.12526
-1.84671 0.01470 -1.86894 -1.82534
-1.00114 0.28520 -1.36506 -0.59924
-2.34434 0.05474 -2.37825 -2.23551
-1.82197 0.19663 -2.20999 -1.67988
7.04881 1.11696 5.63007 8.00655
10.98739 1.82061 9.18658 14.00310
4.68391 0.06517 4.61719 4.80048
0.85621 0.00094 0.85525 0.85794
0.00150 0.00210 -0.00056 0.00452
0.03045 0.03056 -0.00318 0.07274
9.31140 1.09205 8.59202 11.44590
2.09561 0.24368 1.78576 2.39571
2.15176 0.77971 1.01447 3.16799
2.64773 0.00082 2.64692 2.64910
3.73858 0.74669 2.39531 4.70265
4.31654 1.40710 2.04545 5.95110
3.93663 1.45030 2.23803 6.63657
7.05358 1.24344 5.57764 9.01166
