# avg	std	min	max
4.26144 0.10419 4.15286 4.43690
3.28390 0.08832 3.17995 3.41371
2.63347 0.11007 2.43059 2.75358
2.04083 0.15667 1.73426 2.15409
3.45431 0.03337 3.39935 3.49553
1.77969 0.14433 1.58561 1.94609
5.31612 1.86258 3.30840 8.40778
11.44734 1.16534 9.98201 12.99770
5.10195 0.32759 4.45123 5.31087
1.63286 0.00691 1.62006 1.63979
-0.00708 0.00609 -0.01421 0.00396
2.64564 0.06943 2.52644 2.74005
6.42631 1.43234 4.36154 8.76981
2.48979 0.15571 2.29706 2.74547
3.48432 0.24601 3.23339 3.79015
4.24239 0.12634 4.08644 4.47063
4.39664 0.26938 3.92957 4.71882
3.42356 0.21653 3.24004 3.82076
3.63319 0.30656 3.36904 4.21795
5.12549 0.94015 3.56118 6.16116
