# avg	std	min	max
1.70254 0.01696 1.66955 1.71563
-0.17467 0.01359 -0.19938 -0.16098
-0.41750 0.02940 -0.47322 -0.38569
-1.14900 1.73476 -2.50395 2.24898
0.99874 0.57836 0.26438 1.94673
-2.40373 0.33171 -2.95623 -1.91187
-1.25303 0.50280 -1.96710 -0.67885
6.83970 1.10603 5.53923 8.47016
6.32097 0.21141 6.09215 6.70678
0.79131 0.01640 0.76787 0.81191
-0.00042 0.00105 -0.00146 0.00137
0.13224 0.00068 0.13157 0.13307
1.93614 0.59048 1.19430 2.59054
1.25496 0.01296 1.23639 1.27636
1.92548 0.83382 0.74143 3.23761
4.28053 0.05307 4.21938 4.36763
3.48250 0.17894 3.17547 3.72663
0.72152 0.98595 -0.17675 2.53064
2.00432 1.13883 0.90211 4.13295
0.95650 0.68130 0.08732 2.00132
