# avg	std	min	max
1.46214 0.00000 1.46214 1.46214
-0.14487 0.00000 -0.14487 -0.14487
0.05628 0.00150 0.05468 0.05852
-0.30394 0.00173 -0.30559 -0.30072
0.01368 0.00023 0.01340 0.01392
1.37359 0.18837 0.99921 1.49703
-0.44104 0.03692 -0.47779 -0.37425
1.41388 0.20875 1.07796 1.60860
-0.53741 0.00038 -0.53776 -0.53685
-0.02945 0.00001 -0.02945 -0.02943
0.00045 0.00042 0.00002 0.00123
-0.04237 0.00009 -0.04251 -0.04221
-0.32320 0.32474 -0.96145 -0.09826
-0.48090 0.00109 -0.48223 -0.47972
-0.36435 0.04538 -0.44329 -0.30663
-0.25254 0.00212 -0.25569 -0.24909
-0.56454 0.00206 -0.56678 -0.56079
-0.37545 0.03114 -0.41745 -0.32623
-0.53132 0.05869 -0.64075 -0.47463
1.62275 0.13982 1.34458 1.71542
