# avg	std	min	max
0.84854 0.00333 0.84279 0.85306
3.00943 0.00000 3.00943 3.00943
3.54105 0.14977 3.34136 3.71776
2.09322 0.01322 2.08264 2.11930
3.50221 0.03151 3.47613 3.55541
1.58283 0.12968 1.40184 1.71635
1.57406 0.25612 1.43380 2.08588
2.30824 0.33563 1.63802 2.51167
5.58793 0.43038 5.27656 6.42075
1.95024 0.00760 1.94344 1.96365
0.00230 0.00301 -0.00033 0.00793
2.51791 0.02338 2.48645 2.53972
1.81253 0.31864 1.51439 2.20978
0.73427 0.02895 0.69877 0.78017
2.93825 0.23864 2.63365 3.14286
2.90487 0.28469 2.74115 3.47371
3.22553 0.00196 3.22164 3.22680
2.41682 0.01953 2.38976 2.44550
0.60257 0.02599 0.57076 0.63450
2.07723 0.03104 2.02576 2.10962
