# avg	std	min	max
1.73803 0.01234 1.71336 1.74420
1.18869 0.00500 1.18167 1.19680
0.17258 0.05250 0.11381 0.26047
-1.11259 0.04304 -1.16486 -1.06214
-0.56357 0.04071 -0.63208 -0.51062
-0.92578 0.04746 -1.00909 -0.86143
-0.85339 0.03416 -0.89037 -0.79153
0.52306 0.48005 -0.08242 1.00559
-1.44516 0.00359 -1.44941 -1.43923
0.45103 0.00049 0.45046 0.45182
0.06221 0.07697 0.00000 0.18973
1.13396 0.04493 1.10281 1.22258
1.20512 0.15165 0.91329 1.33890
0.61201 0.01949 0.59853 0.65078
0.55659 0.04887 0.52425 0.65361
-1.74432 0.02777 -1.77444 -1.70142
-0.70440 0.22088 -0.96194 -0.41472
1.37184 0.12387 1.21111 1.57541
1.93229 0.17222 1.62893 2.15384
0.29961 0.03506 0.24186 0.34899
