# avg	std	min	max
1.59288 0.01339 1.57887 1.61016
0.87729 0.01795 0.84880 0.89654
0.46035 0.09303 0.31625 0.56749
0.18946 0.22399 -0.15399 0.39270
0.16942 0.21390 -0.25232 0.33990
-0.48242 0.04497 -0.55854 -0.43643
3.15423 0.76199 2.19108 4.52341
3.89535 0.86925 2.57737 5.15182
2.69180 0.20990 2.48249 2.99174
0.86218 0.02649 0.81317 0.88560
0.00394 0.01057 -0.00435 0.02482
0.52535 0.02789 0.49699 0.57808
2.37135 0.72506 1.76579 3.76833
1.89405 0.04855 1.85468 1.98652
1.99160 0.38172 1.25945 2.35375
2.04167 0.13296 1.87911 2.19755
2.07655 0.33029 1.52519 2.55320
2.25751 0.76830 0.96971 2.96680
1.96019 0.62001 0.74961 2.50299
2.99072 0.73945 1.62494 3.61063
