# avg	std	min	max
1.01213 0.00232 1.00947 1.01465
0.17350 0.00219 0.17122 0.17655
0.19346 0.02968 0.15350 0.21997
-0.66667 0.05231 -0.69680 -0.56214
-0.29456 0.01463 -0.32378 -0.28573
-0.60672 0.07235 -0.73055 -0.53704
-0.23779 0.00576 -0.24562 -0.23016
-0.51777 0.05185 -0.57416 -0.44880
1.44946 0.05907 1.36386 1.54888
0.29372 0.00134 0.29263 0.29632
-0.00203 0.00266 -0.00523 0.00113
0.69129 0.00213 0.68917 0.69425
-0.21676 0.11098 -0.43790 -0.14952
0.24491 0.00678 0.23148 0.24995
-0.14619 0.04219 -0.17312 -0.06217
0.38953 0.01265 0.36450 0.39769
-0.32275 0.00881 -0.34016 -0.31709
-0.27386 0.04409 -0.31692 -0.19340
-0.15008 0.13067 -0.34935 0.04908
0.15772 0.00546 0.15207 0.16448
