# avg	std	min	max
1.02626 0.01531 1.01250 1.04529
-0.10134 0.00187 -0.10270 -0.09797
0.62313 0.10824 0.53389 0.76820
-0.53896 0.03236 -0.58882 -0.49474
0.10572 0.05683 0.07007 0.21873
-0.59617 0.02274 -0.61697 -0.55244
-0.13030 0.07219 -0.20724 -0.00329
-0.36424 0.32817 -0.70599 0.26004
3.50677 0.11558 3.44085 3.73734
0.07158 0.00596 0.06507 0.08182
0.00856 0.00561 -0.00144 0.01420
0.67002 0.03348 0.60833 0.69564
0.00943 0.00942 0.00283 0.02776
-0.13950 0.12278 -0.28843 0.00844
-0.01951 0.02189 -0.04452 0.02013
0.39308 0.13749 0.30663 0.66744
-0.12453 0.00595 -0.13460 -0.11977
-0.08624 0.05427 -0.17463 -0.02097
0.16140 0.03590 0.11269 0.22028
0.15552 0.00375 0.15009 0.16067
