# avg	std	min	max
0.08042 0.04806 0.04411 0.16716
-0.18130 0.00223 -0.18309 -0.17799
-0.45292 0.00201 -0.45676 -0.45135
-1.03459 0.20586 -1.34059 -0.86592
-0.91104 0.00196 -0.91412 -0.90873
-1.31788 0.02255 -1.33780 -1.27940
-0.92978 0.00218 -0.93278 -0.92643
-1.05285 0.02954 -1.08579 -1.01744
1.31023 0.01425 1.29495 1.33458
-0.41048 0.00102 -0.41149 -0.40873
-0.00227 0.00206 -0.00467 0.00012
-0.85305 0.00228 -0.85532 -0.84979
-0.77731 0.02904 -0.81162 -0.73413
-0.34612 0.00203 -0.34830 -0.34251
-0.80762 0.26931 -1.14255 -0.53854
0.19671 0.02590 0.18067 0.24840
-0.67776 0.18619 -0.84052 -0.32294
-1.08793 0.06149 -1.18467 -1.01290
-1.08198 0.13270 -1.25193 -0.95424
-0.71828 0.02996 -0.74401 -0.67319
