# avg	std	min	max
0.00643 0.04342 -0.04689 0.07254
0.44321 0.05871 0.36224 0.50993
0.60223 0.02560 0.55725 0.62764
0.23558 0.04263 0.18211 0.27626
0.92260 0.22201 0.49107 1.08699
-0.04736 0.02283 -0.08512 -0.02837
-0.22279 0.02454 -0.24859 -0.18080
0.13410 0.07511 0.05476 0.25276
1.70588 0.05385 1.65581 1.79255
-0.13753 0.05017 -0.17350 -0.03810
-0.07523 0.01575 -0.08577 -0.04393
0.18007 0.01000 0.16769 0.19368
0.18487 0.06105 0.13290 0.30209
-0.14102 0.04921 -0.18702 -0.04748
-0.29840 0.08037 -0.37571 -0.14862
0.34685 0.20540 -0.05522 0.51529
0.08380 0.01731 0.06408 0.10478
0.18722 0.04570 0.15788 0.27736
-0.29059 0.05027 -0.33352 -0.19470
0.36437 0.07419 0.27793 0.49462
