# avg	std	min	max
-0.29477 0.00000 -0.29477 -0.29477
-0.58202 0.00000 -0.58202 -0.58202
0.52492 0.07297 0.45174 0.62479
-0.53340 0.00226 -0.53571 -0.52925
0.17078 0.02014 0.14392 0.20446
-0.33454 0.08410 -0.48450 -0.24771
-0.72640 0.28161 -1.25931 -0.53371
-0.41941 0.23389 -0.88461 -0.28553
0.91688 0.04950 0.85777 0.98418
-0.22887 0.00763 -0.23297 -0.21363
-0.01424 0.00711 -0.02847 -0.01069
-0.32035 0.03718 -0.36753 -0.28995
-0.47517 0.07478 -0.60647 -0.41643
-0.61394 0.21370 -0.87798 -0.43771
-0.46231 0.04243 -0.53058 -0.41188
-1.57687 0.41326 -1.78699 -0.75036
-0.38573 0.04255 -0.43567 -0.32245
-0.78939 0.07060 -0.91583 -0.73022
-1.05603 0.06096 -1.13522 -0.97519
-0.49196 0.01071 -0.49938 -0.47110
