# avg	std	min	max
3.61761 0.04195 3.53642 3.64694
2.08814 0.01235 2.07581 2.10357
-0.00144 0.00172 -0.00445 0.00000
0.42050 0.28960 -0.15396 0.61357
-0.80060 0.00416 -0.80753 -0.79595
-0.09443 0.03271 -0.13711 -0.04716
9.47697 0.84109 7.81559 10.14730
14.50988 1.60947 11.49150 16.34700
6.45331 0.09989 6.27076 6.57341
2.91278 0.01352 2.88987 2.92419
1.42148 0.00219 1.41832 1.42519
2.03048 0.00203 2.02686 2.03249
17.50432 2.10222 13.43590 19.12710
2.24016 0.00613 2.23458 2.24871
1.99096 0.02086 1.96815 2.02246
4.71670 0.01749 4.70337 4.75132
1.92413 0.37960 1.64658 2.67326
2.58895 0.70993 1.52479 3.62963
5.43015 1.04108 3.47079 6.46031
5.91187 0.23036 5.55391 6.13579
