# avg	std	min	max
-0.00647 0.00002 -0.00648 -0.00645
0.17489 0.00257 0.17265 0.17993
-0.00814 0.00522 -0.01587 -0.00029
-0.13293 0.00360 -0.13541 -0.12577
-0.08758 0.00322 -0.09062 -0.08313
-0.10494 0.00602 -0.11356 -0.09755
-0.13145 0.00471 -0.13830 -0.12569
0.13065 0.00218 0.12797 0.13317
0.54922 0.00716 0.53925 0.56054
0.12334 0.00431 0.11917 0.13096
-0.13645 0.00363 -0.13960 -0.13084
0.03662 0.00525 0.03262 0.04563
-0.07432 0.00446 -0.07865 -0.06570
-0.23866 0.00963 -0.24602 -0.22160
-0.25526 0.06519 -0.34251 -0.19553
-0.14831 0.05183 -0.17750 -0.04481
-0.02497 0.02164 -0.04083 0.01794
-0.48790 0.02396 -0.51809 -0.44642
-0.49074 0.04957 -0.56590 -0.44354
-0.16625 0.01407 -0.18046 -0.14704
