# avg	std	min	max
0.00942 0.00003 0.00941 0.00949
0.01407 0.00000 0.01407 0.01407
-0.00010 0.00013 -0.00032 0.00001
-0.09940 0.00022 -0.09962 -0.09908
0.01994 0.00018 0.01974 0.02018
-0.19585 0.02516 -0.24353 -0.17265
-0.12098 0.00382 -0.12520 -0.11631
-0.05986 0.00626 -0.07005 -0.05042
1.17462 0.00851 1.16432 1.18758
0.08385 0.00012 0.08370 0.08396
-0.01318 0.00026 -0.01340 -0.01271
-0.02094 0.00119 -0.02231 -0.01957
-0.03022 0.00343 -0.03333 -0.02484
-0.03273 0.00059 -0.03357 -0.03194
-0.42862 0.08917 -0.52117 -0.31500
-0.00087 0.00159 -0.00182 0.00229
-0.44593 0.06700 -0.51051 -0.32344
-0.03242 0.00799 -0.04293 -0.02316
-0.09783 0.00481 -0.10727 -0.09383
0.04358 0.00788 0.02825 0.04967
