# avg	std	min	max
-0.12189 0.00007 -0.12194 -0.12177
-0.31883 0.00000 -0.31883 -0.31882
-0.00004 0.00019 -0.00030 0.00029
-0.15734 0.00828 -0.16781 -0.15051
-0.05286 0.00005 -0.05290 -0.05279
-0.00066 0.00165 -0.00238 0.00138
-0.15763 0.00121 -0.15914 -0.15566
-0.11460 0.00010 -0.11479 -0.11450
-0.95809 0.00034 -0.95875 -0.95783
-0.16805 0.00154 -0.17108 -0.16701
-0.09117 0.00010 -0.09127 -0.09103
-0.03408 0.02981 -0.06557 0.00078
-0.15147 0.00078 -0.15239 -0.15054
-0.12638 0.00372 -0.12973 -0.12102
-0.38123 0.01301 -0.39793 -0.36579
-0.26420 0.00313 -0.26745 -0.26036
-0.55859 0.01719 -0.58768 -0.53950
-0.65919 0.08848 -0.78706 -0.50900
-0.30948 0.05827 -0.38762 -0.23630
-0.14780 0.01107 -0.16843 -0.13807
