# avg	std	min	max
0.03006 0.00016 0.02985 0.03031
0.06009 0.00031 0.05966 0.06062
-0.00031 0.00024 -0.00060 -0.00000
-0.13643 0.00038 -0.13701 -0.13590
-0.19248 0.00262 -0.19769 -0.19075
-0.13046 0.00181 -0.13237 -0.12719
-0.20127 0.00652 -0.21296 -0.19568
-0.09298 0.00385 -0.09900 -0.08796
1.77427 0.03059 1.75401 1.83356
0.15439 0.00027 0.15398 0.15480
-0.04798 0.00018 -0.04829 -0.04773
0.18691 0.00016 0.18663 0.18709
-0.15966 0.00525 -0.16913 -0.15308
-0.28657 0.00070 -0.28737 -0.28534
-0.47696 0.21095 -0.65667 -0.06475
-0.42737 0.00030 -0.42782 -0.42688
-0.10124 0.00271 -0.10594 -0.09843
-0.17159 0.06430 -0.29890 -0.12892
-0.08310 0.01060 -0.09582 -0.06516
-0.04874 0.00205 -0.05077 -0.04490
