# avg	std	min	max
2.15949 0.00144 2.15673 2.16078
0.18672 0.00959 0.16831 0.19471
-0.00425 0.00780 -0.01186 0.00958
0.08605 0.00985 0.06674 0.09408
-0.27617 0.00501 -0.28440 -0.26968
-0.12298 0.01414 -0.14592 -0.10785
-0.21888 0.00351 -0.22329 -0.21351
-0.03372 0.00815 -0.04970 -0.02703
2.19562 0.01947 2.16097 2.21430
0.16833 0.00576 0.15833 0.17446
-0.07449 0.00397 -0.08195 -0.07013
0.00907 0.01030 -0.01087 0.01732
-0.15569 0.01038 -0.17588 -0.14611
-0.14739 0.01296 -0.17241 -0.13674
-0.30352 0.18336 -0.60240 -0.03816
-0.09965 0.00757 -0.11235 -0.08883
0.03707 0.00379 0.03035 0.04158
-0.45083 0.06408 -0.54668 -0.35731
-0.41138 0.09232 -0.55191 -0.27460
0.10581 0.01256 0.09092 0.12205
