# avg	std	min	max
3.07182 0.01081 3.05677 3.08909
1.85072 0.00205 1.84821 1.85421
-0.00154 0.00528 -0.00948 0.00636
-0.74514 0.00350 -0.74918 -0.73994
-0.43138 0.02863 -0.48440 -0.39913
-0.68752 0.03443 -0.74896 -0.65092
0.53607 0.15121 0.31148 0.72097
0.84139 0.31470 0.63367 1.46422
2.91524 0.01098 2.89651 2.92974
2.53790 0.02134 2.50598 2.56930
1.16898 0.01736 1.15479 1.20171
1.40213 0.00673 1.39431 1.41194
0.43449 0.37561 0.05321 0.95775
2.09502 0.04569 2.05502 2.18383
0.67117 0.02033 0.63904 0.69825
2.91918 0.04161 2.86996 2.99084
1.32786 0.01860 1.29982 1.35556
0.75056 0.03042 0.70783 0.79844
0.94162 0.20801 0.66841 1.22780
2.23189 0.02698 2.18682 2.27128
