# avg	std	min	max
0.70270 0.04602 0.64040 0.77992
-0.02312 0.02705 -0.05824 0.01759
-0.00063 0.00057 -0.00137 0.00000
-0.35698 0.00486 -0.36307 -0.34886
-0.59751 0.01372 -0.62491 -0.58908
-0.55459 0.10823 -0.73356 -0.45177
-0.56625 0.05897 -0.65368 -0.51203
-0.07261 0.16100 -0.28348 0.10974
3.63529 0.24884 3.45234 4.12300
0.54312 0.03225 0.48376 0.57709
0.71105 0.18503 0.46155 0.86666
1.00904 0.00045 1.00816 1.00938
-0.13207 0.28256 -0.34265 0.42205
0.59942 0.26224 0.35548 0.92538
-0.07554 0.05526 -0.11383 0.03327
0.66810 0.10128 0.47904 0.74671
0.00690 0.07806 -0.14801 0.05802
0.01712 0.06188 -0.03757 0.12708
0.13943 0.02713 0.09394 0.17596
0.28011 0.03027 0.23216 0.31562
