# avg	std	min	max
3.35008 0.01426 3.32593 3.36326
1.82675 0.00067 1.82607 1.82784
-0.02904 0.01559 -0.04323 -0.00998
-0.52367 0.11458 -0.66375 -0.40776
0.31228 0.06393 0.27025 0.43960
0.58446 0.44719 0.19911 1.31944
1.82736 1.08674 0.97133 3.78087
2.04336 0.74208 0.59757 2.54229
5.18977 0.01127 5.17644 5.20613
2.21401 0.00468 2.20578 2.21944
1.78927 0.00991 1.77522 1.80312
1.66124 0.00194 1.65969 1.66467
1.73775 0.51828 1.29570 2.59355
2.34825 1.03054 0.83954 3.18040
1.77696 0.29288 1.28833 2.05749
3.70468 0.32066 3.06554 3.90801
3.29083 0.03231 3.24723 3.33066
1.78516 0.03804 1.73013 1.83490
1.95290 0.35837 1.32995 2.27608
1.96644 0.52949 1.48316 2.79083
