# avg	std	min	max
0.31279 0.03248 0.26484 0.35645
-0.58414 0.14083 -0.71623 -0.36544
-0.01254 0.01867 -0.03289 0.01731
-0.68613 0.06907 -0.79685 -0.59801
-0.65705 0.04478 -0.74142 -0.61030
-0.90042 0.15701 -1.12159 -0.64953
-0.80591 0.11522 -0.97475 -0.64166
-0.89255 0.14648 -1.00785 -0.60769
2.32999 0.23381 2.04930 2.59234
-0.14902 0.07533 -0.23064 -0.00942
0.38443 0.01338 0.37377 0.41039
0.51804 0.01194 0.49612 0.53013
-0.67226 0.12387 -0.79509 -0.51453
-0.85838 0.33624 -1.17775 -0.21157
-0.06696 0.17245 -0.40809 0.06713
0.07294 0.14261 -0.21143 0.15984
-0.16389 0.01258 -0.17596 -0.14233
-0.14890 0.04900 -0.24336 -0.10355
-0.50595 0.14341 -0.65192 -0.24541
0.01093 0.17402 -0.33452 0.12102
