# avg	std	min	max
1.35055 0.02545 1.31287 1.38739
0.23142 0.00837 0.21469 0.23565
0.00276 0.00252 -0.00061 0.00511
-0.56474 0.02894 -0.59593 -0.53033
-0.61819 0.00094 -0.61912 -0.61695
-0.67357 0.03504 -0.72558 -0.63630
0.05852 0.06982 -0.00376 0.14577
0.02597 0.13537 -0.18469 0.18210
-0.28919 0.17616 -0.46431 0.03939
0.58377 0.01254 0.56883 0.60048
0.39012 0.00158 0.38801 0.39242
0.97109 0.13037 0.71326 1.05751
0.13443 0.04441 0.08005 0.17165
1.07644 0.05094 0.98899 1.12324
-0.34436 0.05012 -0.40379 -0.25845
0.96029 0.00804 0.94709 0.96733
-0.31160 0.03973 -0.35098 -0.24344
0.00740 0.01602 -0.01941 0.03036
0.18931 0.03625 0.12096 0.22282
0.86394 0.00968 0.85597 0.88261
