# avg	std	min	max
0.16235 0.00001 0.16234 0.16236
-0.06806 0.00001 -0.06807 -0.06804
0.00012 0.00012 0.00000 0.00032
-0.36984 0.03468 -0.42225 -0.32097
-0.19539 0.04658 -0.23537 -0.11911
-0.59683 0.02237 -0.62718 -0.56937
-1.79738 0.00760 -1.80633 -1.78674
-0.52579 0.06819 -0.61532 -0.44480
-0.76248 0.00084 -0.76309 -0.76082
0.02458 0.00040 0.02419 0.02521
-0.05030 0.00024 -0.05058 -0.04994
-0.04318 0.00003 -0.04322 -0.04313
-1.65197 0.11897 -1.83281 -1.55282
0.02274 0.03694 -0.04860 0.04748
-0.31507 0.01998 -0.33361 -0.27692
-0.12711 0.03528 -0.16642 -0.06281
-0.67627 0.03940 -0.72433 -0.60527
-0.22719 0.01447 -0.24683 -0.20477
-0.17498 0.00903 -0.18152 -0.15735
-0.15107 0.01353 -0.16957 -0.13408
