# avg	std	min	max
0.52843 0.00000 0.52843 0.52843
0.34243 0.00018 0.34234 0.34280
0.16052 0.00005 0.16048 0.16061
0.01503 0.00389 0.01018 0.01881
-0.07432 0.00016 -0.07455 -0.07412
0.13667 0.00140 0.13528 0.13931
-0.04202 0.00980 -0.05359 -0.02954
0.21560 0.01243 0.20361 0.23785
2.55922 0.00405 2.55264 2.56358
0.13294 0.00016 0.13270 0.13315
0.06843 0.00031 0.06790 0.06875
0.20693 0.00128 0.20627 0.20949
-0.00125 0.00000 -0.00125 -0.00125
0.02393 0.13503 -0.24602 0.09727
-0.23005 0.01222 -0.24128 -0.21488
0.30374 0.00073 0.30242 0.30447
0.38293 0.00707 0.37145 0.39311
-0.17783 0.05113 -0.25523 -0.11782
-0.49381 0.01645 -0.51677 -0.47007
-0.51973 0.03829 -0.56130 -0.45438
