# avg	std	min	max
3.74149 0.08578 3.60645 3.83943
2.81055 0.14388 2.58883 2.99817
2.41715 0.11724 2.22062 2.56680
1.54428 0.04682 1.45866 1.58722
1.71276 0.04991 1.63009 1.76984
1.36227 0.14830 1.24638 1.65394
0.77654 0.07295 0.71136 0.90728
-0.39759 0.11032 -0.55014 -0.24426
4.17630 0.13618 4.05271 4.38439
2.92359 0.16629 2.66917 3.15980
3.23656 0.23205 2.92805 3.54084
3.33951 0.28385 3.02646 3.80534
-0.01942 0.01372 -0.03315 -0.00000
3.51774 0.12111 3.36801 3.72514
2.48570 0.11226 2.34855 2.60589
3.36400 0.20718 3.11626 3.73906
2.67716 0.11585 2.55535 2.87764
2.85989 0.40063 2.34103 3.25255
2.61144 0.47651 2.23796 3.54541
3.33230 0.31437 2.97351 3.74078
