# avg	std	min	max
1.89644 0.07780 1.81175 2.03416
0.76322 0.03458 0.69600 0.79513
1.04492 0.05248 0.96209 1.09998
-0.10623 0.15739 -0.22201 0.20413
0.28287 0.14247 0.17687 0.56054
-0.53893 0.24130 -0.68184 -0.05800
-0.51865 0.03746 -0.57780 -0.47218
-0.09444 0.04843 -0.17396 -0.02853
4.90050 0.10569 4.73351 5.03830
1.88170 0.04078 1.83195 1.93714
1.87029 0.27188 1.64735 2.39845
1.68203 0.08115 1.57634 1.78627
-0.04900 0.04614 -0.12108 -0.00587
0.92462 0.03039 0.86845 0.95904
0.68594 0.05049 0.59793 0.74492
1.65772 0.05230 1.57306 1.73576
0.97942 0.04394 0.91212 1.02874
0.34223 0.03323 0.30296 0.39931
0.66047 0.02828 0.61043 0.68983
0.09588 0.17748 -0.15185 0.39604
