# avg	std	min	max
5.66482 0.03788 5.61531 5.70412
4.64497 0.07881 4.54601 4.76999
3.71794 0.04838 3.65744 3.77816
1.09821 0.08247 0.95979 1.21240
2.34367 0.27275 2.04729 2.85502
1.82157 0.16691 1.53923 1.99808
1.04039 0.00215 1.03864 1.04393
2.87683 0.02196 2.85457 2.91798
6.93632 0.04451 6.90778 7.02477
4.93249 0.02455 4.90770 4.97599
4.53916 0.02993 4.50278 4.58773
4.08042 0.03669 4.04068 4.14925
-0.00000 0.00000 -0.00000 -0.00000
4.37608 0.11412 4.28175 4.59735
4.82176 0.06294 4.75039 4.91631
6.51324 0.04228 6.44121 6.56965
5.45020 0.03212 5.38653 5.47343
5.31625 0.15432 5.01544 5.42163
5.93325 0.14619 5.66059 6.07308
3.28772 0.01717 3.26648 3.31714
