# avg	std	min	max
2.04562 0.00000 2.04562 2.04562
0.00000 0.00000 0.00000 0.00000
-0.38255 0.00000 -0.38255 -0.38255
1.33234 0.00000 1.33234 1.33234
1.71497 0.00000 1.71497 1.71497
2.33575 0.00000 2.33575 2.33575
6.84547 0.00000 6.84547 6.84547
12.94717 0.00000 12.94717 12.94717
4.75394 0.00000 4.75394 4.75394
1.35610 0.00000 1.35610 1.35610
2.18323 0.00000 2.18323 2.18323
0.62023 0.00000 0.62023 0.62023
12.95312 0.00000 12.95312 12.95312
2.58251 0.00000 2.58251 2.58251
6.82585 0.00000 6.82585 6.82585
2.76056 0.00000 2.76056 2.76056
7.48803 0.00000 7.48803 7.48803
4.73745 0.00000 4.73745 4.73745
11.40935 0.00000 11.40935 11.40935
6.91987 0.00000 6.91987 6.91987
