# avg	std	min	max
1.31946 0.00000 1.31946 1.31946
0.00000 0.00000 0.00000 0.00000
2.30502 0.00000 2.30502 2.30502
1.32528 0.00000 1.32528 1.32528
3.22993 0.00000 3.22993 3.22993
-0.29983 0.00000 -0.29983 -0.29983
11.16335 0.00000 11.16335 11.16335
20.03054 0.00000 20.03054 20.03054
6.85306 0.00000 6.85306 6.85306
0.48448 0.00000 0.48448 0.48448
1.46954 0.00000 1.46954 1.46954
0.55036 0.00000 0.55036 0.55036
10.26409 0.00000 10.26409 10.26409
2.82803 0.00000 2.82803 2.82803
1.79607 0.00000 1.79607 1.79607
3.44775 0.00000 3.44775 3.44775
3.02854 0.00000 3.02854 3.02854
2.54060 0.00000 2.54060 2.54060
1.80497 0.00000 1.80497 1.80497
14.82540 0.00000 14.82540 14.82540
