# avg	std	min	max
1.48351 0.00000 1.48351 1.48351
0.00000 0.00000 0.00000 0.00000
5.26211 0.00000 5.26211 5.26211
11.57600 0.00000 11.57600 11.57600
6.78043 0.00000 6.78043 6.78043
10.62745 0.00000 10.62745 10.62745
22.15938 0.00000 22.15938 22.15938
31.33018 0.00000 31.33018 31.33018
-1.95264 0.00000 -1.95264 -1.95264
2.30887 0.00000 2.30887 2.30887
6.89361 0.00000 6.89361 6.89361
2.99514 0.00000 2.99514 2.99514
23.03824 0.00000 23.03824 23.03824
7.90484 0.00000 7.90484 7.90484
11.09862 0.00000 11.09862 11.09862
5.84864 0.00000 5.84864 5.84864
12.45340 0.00000 12.45340 12.45340
12.33600 0.00000 12.33600 12.33600
13.55628 0.00000 13.55628 13.55628
23.41434 0.00000 23.41434 23.41434
