# avg	std	min	max
0.09751 0.00000 0.09751 0.09751
0.00000 0.00000 0.00000 0.00000
0.67055 0.00000 0.67055 0.67055
-0.50789 0.00000 -0.50789 -0.50789
0.00916 0.00000 0.00916 0.00916
-0.94367 0.00000 -0.94367 -0.94367
-0.90316 0.00000 -0.90316 -0.90316
-0.53388 0.00000 -0.53388 -0.53388
-0.50108 0.00000 -0.50108 -0.50108
-0.57679 0.00000 -0.57679 -0.57679
-0.20653 0.00000 -0.20653 -0.20653
-0.25251 0.00000 -0.25251 -0.25251
-0.52143 0.00000 -0.52143 -0.52143
0.03169 0.00000 0.03169 0.03169
-0.53882 0.00000 -0.53882 -0.53882
0.22269 0.00000 0.22269 0.22269
0.10805 0.00000 0.10805 0.10805
-0.77741 0.00000 -0.77741 -0.77741
-0.58877 0.00000 -0.58877 -0.58877
0.24115 0.00000 0.24115 0.24115
