# avg	std	min	max
0.73813 0.00000 0.73813 0.73813
-0.00000 0.00000 -0.00000 -0.00000
0.46640 0.00000 0.46640 0.46640
-0.12689 0.00000 -0.12689 -0.12689
-0.15244 0.00000 -0.15244 -0.15244
-0.27243 0.00000 -0.27243 -0.27243
-0.08722 0.00000 -0.08722 -0.08722
0.11630 0.00000 0.11630 0.11630
3.19335 0.00000 3.19335 3.19335
0.04106 0.00000 0.04106 0.04106
0.70087 0.00000 0.70087 0.70087
0.78437 0.00000 0.78437 0.78437
0.11295 0.00000 0.11295 0.11295
0.10085 0.00000 0.10085 0.10085
0.01622 0.00000 0.01622 0.01622
0.55156 0.00000 0.55156 0.55156
0.10891 0.00000 0.10891 0.10891
-0.01905 0.00000 -0.01905 -0.01905
0.11645 0.00000 0.11645 0.11645
0.40325 0.00000 0.40325 0.40325
