# avg	std	min	max
1.17861 0.00000 1.17861 1.17861
0.00000 0.00000 0.00000 0.00000
-0.15200 0.00000 -0.15200 -0.15200
-1.60924 0.00000 -1.60924 -1.60924
-0.85360 0.00000 -0.85360 -0.85360
-1.84173 0.00000 -1.84173 -1.84173
4.79021 0.00000 4.79021 4.79021
4.41755 0.00000 4.41755 4.41755
9.30484 0.00000 9.30484 9.30484
1.17783 0.00000 1.17783 1.17783
0.57687 0.00000 0.57687 0.57687
0.42805 0.00000 0.42805 0.42805
7.37962 0.00000 7.37962 7.37962
1.11291 0.00000 1.11291 1.11291
0.13274 0.00000 0.13274 0.13274
1.95611 0.00000 1.95611 1.95611
-0.62237 0.00000 -0.62237 -0.62237
0.18176 0.00000 0.18176 0.18176
0.23219 0.00000 0.23219 0.23219
7.74958 0.00000 7.74958 7.74958
