# avg	std	min	max
1.08224 0.00000 1.08224 1.08224
-0.00000 0.00000 -0.00000 -0.00000
1.71855 0.00000 1.71855 1.71855
-0.47260 0.00000 -0.47260 -0.47260
1.07781 0.00000 1.07781 1.07781
-0.56927 0.00000 -0.56927 -0.56927
-0.07759 0.00000 -0.07759 -0.07759
0.08817 0.00000 0.08817 0.08817
3.13365 0.00000 3.13365 3.13365
0.24225 0.00000 0.24225 0.24225
1.36006 0.00000 1.36006 1.36006
0.84851 0.00000 0.84851 0.84851
-0.13480 0.00000 -0.13480 -0.13480
-0.72484 0.00000 -0.72484 -0.72484
-0.11717 0.00000 -0.11717 -0.11717
0.37181 0.00000 0.37181 0.37181
0.19428 0.00000 0.19428 0.19428
-0.40946 0.00000 -0.40946 -0.40946
-0.67241 0.00000 -0.67241 -0.67241
0.13837 0.00000 0.13837 0.13837
