# avg	std	min	max
0.86939 0.00000 0.86939 0.86939
0.00000 0.00000 0.00000 0.00000
0.58274 0.00000 0.58274 0.58274
-0.23272 0.00000 -0.23272 -0.23272
-0.00454 0.00000 -0.00454 -0.00454
-0.66644 0.00000 -0.66644 -0.66644
-0.46396 0.00000 -0.46396 -0.46396
-0.77286 0.00000 -0.77286 -0.77286
2.89312 0.00000 2.89312 2.89312
0.03001 0.00000 0.03001 0.03001
0.04283 0.00000 0.04283 0.04283
0.71134 0.00000 0.71134 0.71134
-0.41567 0.00000 -0.41567 -0.41567
-0.11891 0.00000 -0.11891 -0.11891
-0.37307 0.00000 -0.37307 -0.37307
0.64448 0.00000 0.64448 0.64448
0.28104 0.00000 0.28104 0.28104
-0.38260 0.00000 -0.38260 -0.38260
-0.19888 0.00000 -0.19888 -0.19888
-0.01386 0.00000 -0.01386 -0.01386
