# avg	std	min	max
0.98736 0.00000 0.98736 0.98736
0.00000 0.00000 0.00000 0.00000
0.50738 0.00000 0.50738 0.50738
-0.31113 0.00000 -0.31113 -0.31113
-0.19881 0.00000 -0.19881 -0.19881
-0.84240 0.00000 -0.84240 -0.84240
-0.31570 0.00000 -0.31570 -0.31570
-0.41159 0.00000 -0.41159 -0.41159
2.99187 0.00000 2.99187 2.99187
0.19810 0.00000 0.19810 0.19810
0.85118 0.00000 0.85118 0.85118
0.72914 0.00000 0.72914 0.72914
-0.16535 0.00000 -0.16535 -0.16535
-0.11124 0.00000 -0.11124 -0.11124
0.13001 0.00000 0.13001 0.13001
0.52788 0.00000 0.52788 0.52788
0.22210 0.00000 0.22210 0.22210
-0.16950 0.00000 -0.16950 -0.16950
-0.22000 0.00000 -0.22000 -0.22000
0.20846 0.00000 0.20846 0.20846
