# avg	std	min	max
0.75566 0.00000 0.75566 0.75566
0.00000 0.00000 0.00000 0.00000
0.55742 0.00000 0.55742 0.55742
-0.44208 0.00000 -0.44208 -0.44208
0.01772 0.00000 0.01772 0.01772
-0.60361 0.00000 -0.60361 -0.60361
-0.17654 0.00000 -0.17654 -0.17654
-0.66160 0.00000 -0.66160 -0.66160
3.17612 0.00000 3.17612 3.17612
-0.15930 0.00000 -0.15930 -0.15930
0.59187 0.00000 0.59187 0.59187
0.70341 0.00000 0.70341 0.70341
-0.08689 0.00000 -0.08689 -0.08689
-0.02269 0.00000 -0.02269 -0.02269
-0.15651 0.00000 -0.15651 -0.15651
0.61723 0.00000 0.61723 0.61723
0.34864 0.00000 0.34864 0.34864
-0.35410 0.00000 -0.35410 -0.35410
-0.45676 0.00000 -0.45676 -0.45676
-0.14427 0.00000 -0.14427 -0.14427
