# avg	std	min	max
0.17223 0.00000 0.17223 0.17223
-0.57733 0.00000 -0.57733 -0.57733
0.63975 0.00000 0.63975 0.63975
-1.13468 0.00000 -1.13468 -1.13468
-0.67080 0.00000 -0.67080 -0.67080
-1.82526 0.00000 -1.82526 -1.82526
-1.41772 0.00000 -1.41772 -1.41772
-0.39613 0.00000 -0.39613 -0.39613
2.59530 0.00000 2.59530 2.59530
-0.29424 0.00000 -0.29424 -0.29424
0.34933 0.00000 0.34933 0.34933
0.00017 0.00000 0.00017 0.00017
1.48411 0.00000 1.48411 1.48411
-0.85111 0.00000 -0.85111 -0.85111
-0.52347 0.00000 -0.52347 -0.52347
0.54267 0.00000 0.54267 0.54267
0.00346 0.00000 0.00346 0.00346
-0.42415 0.00000 -0.42415 -0.42415
-0.47279 0.00000 -0.47279 -0.47279
0.21865 0.00000 0.21865 0.21865
