# avg	std	min	max
0.61205 0.00000 0.61205 0.61205
-0.60386 0.00000 -0.60386 -0.60386
-0.86119 0.00000 -0.86119 -0.86119
-1.46807 0.00000 -1.46807 -1.46807
-1.36698 0.00000 -1.36698 -1.36698
-2.40386 0.00000 -2.40386 -2.40386
-1.08709 0.00000 -1.08709 -1.08709
-0.95610 0.00000 -0.95610 -0.95610
4.81736 0.00000 4.81736 4.81736
-0.25979 0.00000 -0.25979 -0.25979
-0.55250 0.00000 -0.55250 -0.55250
-0.00035 0.00000 -0.00035 -0.00035
-0.78606 0.00000 -0.78606 -0.78606
-0.07426 0.00000 -0.07426 -0.07426
-0.73116 0.00000 -0.73116 -0.73116
0.44110 0.00000 0.44110 0.44110
-0.07060 0.00000 -0.07060 -0.07060
-0.40047 0.00000 -0.40047 -0.40047
0.01867 0.00000 0.01867 0.01867
0.19982 0.00000 0.19982 0.19982
