# avg	std	min	max
-0.25729 0.00000 -0.25729 -0.25729
0.32509 0.00000 0.32509 0.32509
1.46846 0.00000 1.46846 1.46846
0.32565 0.00000 0.32565 0.32565
0.88562 0.00000 0.88562 0.88562
-0.52685 0.00000 -0.52685 -0.52685
-1.26290 0.00000 -1.26290 -1.26290
-0.57431 0.00000 -0.57431 -0.57431
4.01414 0.00000 4.01414 4.01414
0.11526 0.00000 0.11526 0.11526
1.65728 0.00000 1.65728 1.65728
-0.19212 0.00000 -0.19212 -0.19212
-1.00543 0.00000 -1.00543 -1.00543
-1.95657 0.00000 -1.95657 -1.95657
-0.50772 0.00000 -0.50772 -0.50772
0.00000 0.00000 0.00000 0.00000
-0.24328 0.00000 -0.24328 -0.24328
0.33077 0.00000 0.33077 0.33077
-0.81777 0.00000 -0.81777 -0.81777
0.21376 0.00000 0.21376 0.21376
