# avg	std	min	max
3.30319 0.00000 3.30319 3.30319
4.72516 0.00000 4.72516 4.72516
4.30488 0.00000 4.30488 4.30488
4.07613 0.00000 4.07613 4.07613
4.02552 0.00000 4.02552 4.02552
3.41609 0.00000 3.41609 3.41609
3.96331 0.00000 3.96331 3.96331
3.61619 0.00000 3.61619 3.61619
3.77035 0.00000 3.77035 3.77035
3.56926 0.00000 3.56926 3.56926
3.41767 0.00000 3.41767 3.41767
4.85205 0.00000 4.85205 4.85205
4.26274 0.00000 4.26274 4.26274
2.67613 0.00000 2.67613 2.67613
3.86068 0.00000 3.86068 3.86068
-0.01253 0.00000 -0.01253 -0.01253
2.36295 0.00000 2.36295 2.36295
4.26275 0.00000 4.26275 4.26275
4.08320 0.00000 4.08320 4.08320
4.30274 0.00000 4.30274 4.30274
