# avg	std	min	max
0.42632 0.00000 0.42632 0.42632
-0.43197 0.00000 -0.43197 -0.43197
-0.16945 0.00000 -0.16945 -0.16945
-0.57322 0.00000 -0.57322 -0.57322
-0.80984 0.00000 -0.80984 -0.80984
-1.01686 0.00000 -1.01686 -1.01686
-0.42276 0.00000 -0.42276 -0.42276
-0.54999 0.00000 -0.54999 -0.54999
1.92470 0.00000 1.92470 1.92470
-0.39714 0.00000 -0.39714 -0.39714
-0.24543 0.00000 -0.24543 -0.24543
0.32933 0.00000 0.32933 0.32933
-0.43694 0.00000 -0.43694 -0.43694
0.38056 0.00000 0.38056 0.38056
-0.49237 0.00000 -0.49237 -0.49237
-0.01309 0.00000 -0.01309 -0.01309
0.26395 0.00000 0.26395 0.26395
-0.40890 0.00000 -0.40890 -0.40890
-0.31265 0.00000 -0.31265 -0.31265
0.29518 0.00000 0.29518 0.29518
