# avg	std	min	max
1.09932 0.00000 1.09932 1.09932
0.29008 0.00000 0.29008 0.29008
1.23158 0.00000 1.23158 1.23158
-0.19088 0.00000 -0.19088 -0.19088
0.55582 0.00000 0.55582 0.55582
-0.43686 0.00000 -0.43686 -0.43686
-0.09842 0.00000 -0.09842 -0.09842
0.04906 0.00000 0.04906 0.04906
3.77559 0.00000 3.77559 3.77559
0.56524 0.00000 0.56524 0.56524
0.65751 0.00000 0.65751 0.65751
1.06002 0.00000 1.06002 1.06002
0.47017 0.00000 0.47017 0.47017
0.48322 0.00000 0.48322 0.48322
0.40625 0.00000 0.40625 0.40625
-0.00538 0.00000 -0.00538 -0.00538
0.14785 0.00000 0.14785 0.14785
0.16556 0.00000 0.16556 0.16556
0.33092 0.00000 0.33092 0.33092
0.96308 0.00000 0.96308 0.96308
