# avg	std	min	max
0.24099 0.00000 0.24099 0.24099
0.48748 0.00000 0.48748 0.48748
1.58741 0.00000 1.58741 1.58741
-0.08535 0.00000 -0.08535 -0.08535
1.20366 0.00000 1.20366 1.20366
-0.25166 0.00000 -0.25166 -0.25166
-0.40291 0.00000 -0.40291 -0.40291
-0.30628 0.00000 -0.30628 -0.30628
6.07438 0.00000 6.07438 6.07438
0.63566 0.00000 0.63566 0.63566
1.25193 0.00000 1.25193 1.25193
0.29136 0.00000 0.29136 0.29136
-0.32674 0.00000 -0.32674 -0.32674
-0.32582 0.00000 -0.32582 -0.32582
-0.12716 0.00000 -0.12716 -0.12716
-0.00144 0.00000 -0.00144 -0.00144
-0.12568 0.00000 -0.12568 -0.12568
-0.50986 0.00000 -0.50986 -0.50986
-0.40604 0.00000 -0.40604 -0.40604
-0.13176 0.00000 -0.13176 -0.13176
