# avg	std	min	max
0.41234 0.00000 0.41234 0.41234
-1.19132 0.00000 -1.19132 -1.19132
0.96095 0.00000 0.96095 0.96095
0.01797 0.00000 0.01797 0.01797
0.65372 0.00000 0.65372 0.65372
-0.14587 0.00000 -0.14587 -0.14587
-1.86893 0.00000 -1.86893 -1.86893
-0.01866 0.00000 -0.01866 -0.01866
2.04063 0.00000 2.04063 2.04063
0.41086 0.00000 0.41086 0.41086
0.96170 0.00000 0.96170 0.96170
0.19452 0.00000 0.19452 0.19452
-1.84388 0.00000 -1.84388 -1.84388
0.10031 0.00000 0.10031 0.10031
-0.03021 0.00000 -0.03021 -0.03021
0.00293 0.00000 0.00293 0.00293
0.06029 0.00000 0.06029 0.06029
-0.33301 0.00000 -0.33301 -0.33301
-0.25899 0.00000 -0.25899 -0.25899
0.12764 0.00000 0.12764 0.12764
