# avg	std	min	max
1.29010 0.00000 1.29010 1.29010
0.22013 0.00000 0.22013 0.22013
1.42688 0.00000 1.42688 1.42688
-0.57185 0.00000 -0.57185 -0.57185
0.80248 0.00000 0.80248 0.80248
-0.31209 0.00000 -0.31209 -0.31209
-0.88364 0.00000 -0.88364 -0.88364
-0.16482 0.00000 -0.16482 -0.16482
3.28251 0.00000 3.28251 3.28251
0.84617 0.00000 0.84617 0.84617
1.01734 0.00000 1.01734 1.01734
1.02387 0.00000 1.02387 1.02387
-0.24751 0.00000 -0.24751 -0.24751
0.34780 0.00000 0.34780 0.34780
1.39348 0.00000 1.39348 1.39348
-0.02951 0.00000 -0.02951 -0.02951
0.89669 0.00000 0.89669 0.89669
0.21260 0.00000 0.21260 0.21260
0.34392 0.00000 0.34392 0.34392
0.21420 0.00000 0.21420 0.21420
