# avg	std	min	max
4.14467 0.00000 4.14467 4.14467
3.04609 0.00000 3.04609 3.04609
1.00820 0.00000 1.00820 1.00820
0.65907 0.00000 0.65907 0.65907
0.90458 0.00000 0.90458 0.90458
0.76005 0.00000 0.76005 0.76005
1.88876 0.00000 1.88876 1.88876
2.13690 0.00000 2.13690 2.13690
4.43347 0.00000 4.43347 4.43347
4.11820 0.00000 4.11820 4.11820
3.17971 0.00000 3.17971 3.17971
2.94099 0.00000 2.94099 2.94099
3.96154 0.00000 3.96154 3.96154
2.34732 0.00000 2.34732 2.34732
2.46146 0.00000 2.46146 2.46146
-0.01387 0.00000 -0.01387 -0.01387
2.95182 0.00000 2.95182 2.95182
2.60963 0.00000 2.60963 2.60963
3.03368 0.00000 3.03368 3.03368
3.52247 0.00000 3.52247 3.52247
