# avg	std	min	max
0.51821 0.00000 0.51821 0.51821
-0.35690 0.00000 -0.35690 -0.35690
-0.38312 0.00000 -0.38312 -0.38312
-1.18029 0.00000 -1.18029 -1.18029
-1.08038 0.00000 -1.08038 -1.08038
-1.41002 0.00000 -1.41002 -1.41002
-0.33327 0.00000 -0.33327 -0.33327
-0.42789 0.00000 -0.42789 -0.42789
3.17262 0.00000 3.17262 3.17262
-0.36518 0.00000 -0.36518 -0.36518
-0.74719 0.00000 -0.74719 -0.74719
-0.01842 0.00000 -0.01842 -0.01842
-0.25599 0.00000 -0.25599 -0.25599
-0.04212 0.00000 -0.04212 -0.04212
-0.60213 0.00000 -0.60213 -0.60213
-0.00012 0.00000 -0.00012 -0.00012
-0.36138 0.00000 -0.36138 -0.36138
-0.73740 0.00000 -0.73740 -0.73740
-0.36148 0.00000 -0.36148 -0.36148
0.21528 0.00000 0.21528 0.21528
