# avg	std	min	max
0.57080 0.00000 0.57080 0.57080
-0.42009 0.00000 -0.42009 -0.42009
-0.42709 0.00000 -0.42709 -0.42709
-0.98306 0.00000 -0.98306 -0.98306
-0.88938 0.00000 -0.88938 -0.88938
-1.45750 0.00000 -1.45750 -1.45750
-1.17992 0.00000 -1.17992 -1.17992
-1.04228 0.00000 -1.04228 -1.04228
2.30565 0.00000 2.30565 2.30565
-0.48965 0.00000 -0.48965 -0.48965
-0.13934 0.00000 -0.13934 -0.13934
0.09197 0.00000 0.09197 0.09197
-1.09192 0.00000 -1.09192 -1.09192
-0.39560 0.00000 -0.39560 -0.39560
-0.86875 0.00000 -0.86875 -0.86875
-0.00358 0.00000 -0.00358 -0.00358
-0.35833 0.00000 -0.35833 -0.35833
-0.97395 0.00000 -0.97395 -0.97395
-1.30540 0.00000 -1.30540 -1.30540
-0.06909 0.00000 -0.06909 -0.06909
