# avg	std	min	max
0.09124 0.00000 0.09124 0.09124
-0.47802 0.00000 -0.47802 -0.47802
-0.26554 0.00000 -0.26554 -0.26554
-0.91533 0.00000 -0.91533 -0.91533
-0.89298 0.00000 -0.89298 -0.89298
-1.49581 0.00000 -1.49581 -1.49581
-1.32254 0.00000 -1.32254 -1.32254
-1.17889 0.00000 -1.17889 -1.17889
2.12067 0.00000 2.12067 2.12067
-0.28905 0.00000 -0.28905 -0.28905
-0.68212 0.00000 -0.68212 -0.68212
0.20160 0.00000 0.20160 0.20160
-1.16103 0.00000 -1.16103 -1.16103
0.04239 0.00000 0.04239 0.04239
-0.64672 0.00000 -0.64672 -0.64672
-0.00277 0.00000 -0.00277 -0.00277
-0.46256 0.00000 -0.46256 -0.46256
-0.79152 0.00000 -0.79152 -0.79152
-0.94867 0.00000 -0.94867 -0.94867
-0.17364 0.00000 -0.17364 -0.17364
