# avg	std	min	max
0.72357 0.00000 0.72357 0.72357
-0.38001 0.00000 -0.38001 -0.38001
1.10789 0.00000 1.10789 1.10789
-0.77355 0.00000 -0.77355 -0.77355
0.38551 0.00000 0.38551 0.38551
-1.02312 0.00000 -1.02312 -1.02312
-0.83209 0.00000 -0.83209 -0.83209
-0.51254 0.00000 -0.51254 -0.51254
2.85479 0.00000 2.85479 2.85479
0.57522 0.00000 0.57522 0.57522
0.65389 0.00000 0.65389 0.65389
0.36818 0.00000 0.36818 0.36818
-1.63781 0.00000 -1.63781 -1.63781
-0.75768 0.00000 -0.75768 -0.75768
-0.38914 0.00000 -0.38914 -0.38914
-0.07847 0.00000 -0.07847 -0.07847
-0.22698 0.00000 -0.22698 -0.22698
-0.43410 0.00000 -0.43410 -0.43410
-0.64402 0.00000 -0.64402 -0.64402
-0.08783 0.00000 -0.08783 -0.08783
