# avg	std	min	max
0.59585 0.00000 0.59585 0.59585
0.24337 0.00000 0.24337 0.24337
0.77771 0.00000 0.77771 0.77771
0.35568 0.00000 0.35568 0.35568
0.28897 0.00000 0.28897 0.28897
0.12221 0.00000 0.12221 0.12221
0.02758 0.00000 0.02758 0.02758
0.36081 0.00000 0.36081 0.36081
-0.82461 0.00000 -0.82461 -0.82461
0.27510 0.00000 0.27510 0.27510
0.06854 0.00000 0.06854 0.06854
0.81471 0.00000 0.81471 0.81471
0.18104 0.00000 0.18104 0.18104
-0.08386 0.00000 -0.08386 -0.08386
0.09127 0.00000 0.09127 0.09127
0.26188 0.00000 0.26188 0.26188
-0.01799 0.00000 -0.01799 -0.01799
0.01064 0.00000 0.01064 0.01064
0.07950 0.00000 0.07950 0.07950
0.46927 0.00000 0.46927 0.46927
