# avg	std	min	max
1.45985 0.00000 1.45985 1.45985
-0.33914 0.00000 -0.33914 -0.33914
-0.84345 0.00000 -0.84345 -0.84345
-1.12820 0.00000 -1.12820 -1.12820
2.07755 0.00000 2.07755 2.07755
-1.28952 0.00000 -1.28952 -1.28952
-0.49566 0.00000 -0.49566 -0.49566
3.94330 0.00000 3.94330 3.94330
4.34242 0.00000 4.34242 4.34242
0.48104 0.00000 0.48104 0.48104
0.47999 0.00000 0.47999 0.47999
0.37125 0.00000 0.37125 0.37125
-0.23683 0.00000 -0.23683 -0.23683
1.29918 0.00000 1.29918 1.29918
-0.66575 0.00000 -0.66575 -0.66575
2.38048 0.00000 2.38048 2.38048
-0.07672 0.00000 -0.07672 -0.07672
0.06812 0.00000 0.06812 0.06812
-0.23535 0.00000 -0.23535 -0.23535
1.43219 0.00000 1.43219 1.43219
