# avg	std	min	max
0.09999 0.00000 0.09999 0.09999
0.00762 0.00000 0.00762 0.00762
0.37006 0.00000 0.37006 0.37006
0.20540 0.00000 0.20540 0.20540
0.36583 0.00000 0.36583 0.36583
0.37418 0.00000 0.37418 0.37418
0.23189 0.00000 0.23189 0.23189
-0.01329 0.00000 -0.01329 -0.01329
0.01423 0.00000 0.01423 0.01423
0.53518 0.00000 0.53518 0.53518
0.26310 0.00000 0.26310 0.26310
0.29939 0.00000 0.29939 0.29939
0.21686 0.00000 0.21686 0.21686
0.30533 0.00000 0.30533 0.30533
0.02180 0.00000 0.02180 0.02180
0.48179 0.00000 0.48179 0.48179
0.00000 0.00000 0.00000 0.00000
-0.11409 0.00000 -0.11409 -0.11409
-0.05154 0.00000 -0.05154 -0.05154
0.23653 0.00000 0.23653 0.23653
