# avg	std	min	max
1.04383 0.00000 1.04383 1.04383
0.52943 0.00000 0.52943 0.52943
0.97920 0.00000 0.97920 0.97920
0.34635 0.00000 0.34635 0.34635
0.61952 0.00000 0.61952 0.61952
0.21453 0.00000 0.21453 0.21453
0.02338 0.00000 0.02338 0.02338
0.50020 0.00000 0.50020 0.50020
-0.26085 0.00000 -0.26085 -0.26085
0.72431 0.00000 0.72431 0.72431
1.03204 0.00000 1.03204 1.03204
0.65783 0.00000 0.65783 0.65783
0.06617 0.00000 0.06617 0.06617
0.15975 0.00000 0.15975 0.15975
0.11064 0.00000 0.11064 0.11064
-0.18469 0.00000 -0.18469 -0.18469
-0.06652 0.00000 -0.06652 -0.06652
0.23294 0.00000 0.23294 0.23294
0.21318 0.00000 0.21318 0.21318
0.33599 0.00000 0.33599 0.33599
