# avg	std	min	max
0.45039 0.00000 0.45039 0.45039
0.34730 0.00000 0.34730 0.34730
0.05451 0.00000 0.05451 0.05451
-0.14767 0.00000 -0.14767 -0.14767
-0.23670 0.00000 -0.23670 -0.23670
-0.04166 0.00000 -0.04166 -0.04166
-0.10251 0.00000 -0.10251 -0.10251
-0.06464 0.00000 -0.06464 -0.06464
0.35283 0.00000 0.35283 0.35283
0.29684 0.00000 0.29684 0.29684
-0.02501 0.00000 -0.02501 -0.02501
0.16887 0.00000 0.16887 0.16887
-0.39288 0.00000 -0.39288 -0.39288
0.09193 0.00000 0.09193 0.09193
-0.21647 0.00000 -0.21647 -0.21647
0.30457 0.00000 0.30457 0.30457
-0.00052 0.00000 -0.00052 -0.00052
-0.06098 0.00000 -0.06098 -0.06098
-0.06600 0.00000 -0.06600 -0.06600
0.27739 0.00000 0.27739 0.27739
