# avg	std	min	max
0.24879 0.00000 0.24879 0.24879
0.01313 0.00000 0.01313 0.01313
0.49899 0.00000 0.49899 0.49899
-0.12105 0.00000 -0.12105 -0.12105
0.15852 0.00000 0.15852 0.15852
-0.12779 0.00000 -0.12779 -0.12779
0.24237 0.00000 0.24237 0.24237
0.31221 0.00000 0.31221 0.31221
-0.10198 0.00000 -0.10198 -0.10198
0.27289 0.00000 0.27289 0.27289
0.70579 0.00000 0.70579 0.70579
0.26093 0.00000 0.26093 0.26093
0.26543 0.00000 0.26543 0.26543
0.44945 0.00000 0.44945 0.44945
0.35655 0.00000 0.35655 0.35655
0.20131 0.00000 0.20131 0.20131
-0.00910 0.00000 -0.00910 -0.00910
0.09931 0.00000 0.09931 0.09931
0.39890 0.00000 0.39890 0.39890
0.56817 0.00000 0.56817 0.56817
