# avg	std	min	max
1.15038 0.00000 1.15038 1.15038
0.35416 0.00000 0.35416 0.35416
0.79711 0.00000 0.79711 0.79711
0.00870 0.00000 0.00870 0.00870
0.15933 0.00000 0.15933 0.15933
-0.07724 0.00000 -0.07724 -0.07724
-0.36970 0.00000 -0.36970 -0.36970
0.36807 0.00000 0.36807 0.36807
3.56587 0.00000 3.56587 3.56587
0.57960 0.00000 0.57960 0.57960
1.03883 0.00000 1.03883 1.03883
1.10029 0.00000 1.10029 1.10029
-0.24414 0.00000 -0.24414 -0.24414
0.32733 0.00000 0.32733 0.32733
0.34540 0.00000 0.34540 0.34540
0.92236 0.00000 0.92236 0.92236
-0.06007 0.00000 -0.06007 -0.06007
0.19982 0.00000 0.19982 0.19982
-0.48494 0.00000 -0.48494 -0.48494
0.52359 0.00000 0.52359 0.52359
