# avg	std	min	max
0.91698 0.00000 0.91698 0.91698
0.06510 0.00000 0.06510 0.06510
0.67136 0.00000 0.67136 0.67136
-0.39639 0.00000 -0.39639 -0.39639
-0.43125 0.00000 -0.43125 -0.43125
-0.50753 0.00000 -0.50753 -0.50753
-0.34561 0.00000 -0.34561 -0.34561
-0.23354 0.00000 -0.23354 -0.23354
2.80643 0.00000 2.80643 2.80643
0.79507 0.00000 0.79507 0.79507
1.08630 0.00000 1.08630 1.08630
0.65053 0.00000 0.65053 0.65053
-0.31138 0.00000 -0.31138 -0.31138
0.07094 0.00000 0.07094 0.07094
0.15722 0.00000 0.15722 0.15722
0.43475 0.00000 0.43475 0.43475
0.00000 0.00000 0.00000 0.00000
-0.21517 0.00000 -0.21517 -0.21517
-0.41104 0.00000 -0.41104 -0.41104
0.30412 0.00000 0.30412 0.30412
