# avg	std	min	max
1.20438 0.00000 1.20438 1.20438
0.54335 0.00000 0.54335 0.54335
1.14645 0.00000 1.14645 1.14645
0.19871 0.00000 0.19871 0.19871
0.79231 0.00000 0.79231 0.79231
0.28572 0.00000 0.28572 0.28572
0.57771 0.00000 0.57771 0.57771
1.18408 0.00000 1.18408 1.18408
3.92734 0.00000 3.92734 3.92734
0.68363 0.00000 0.68363 0.68363
1.11199 0.00000 1.11199 1.11199
0.54118 0.00000 0.54118 0.54118
0.72593 0.00000 0.72593 0.72593
0.84411 0.00000 0.84411 0.84411
0.28099 0.00000 0.28099 0.28099
0.16418 0.00000 0.16418 0.16418
-0.02139 0.00000 -0.02139 -0.02139
0.54862 0.00000 0.54862 0.54862
0.58620 0.00000 0.58620 0.58620
1.09578 0.00000 1.09578 1.09578
