# avg	std	min	max
1.65967 0.00000 1.65967 1.65967
0.30595 0.00000 0.30595 0.30595
0.66126 0.00000 0.66126 0.66126
-0.87650 0.00000 -0.87650 -0.87650
-0.27712 0.00000 -0.27712 -0.27712
-1.31990 0.00000 -1.31990 -1.31990
-0.50992 0.00000 -0.50992 -0.50992
-0.51816 0.00000 -0.51816 -0.51816
4.22711 0.00000 4.22711 4.22711
0.70677 0.00000 0.70677 0.70677
0.43812 0.00000 0.43812 0.43812
0.65646 0.00000 0.65646 0.65646
-0.49017 0.00000 -0.49017 -0.49017
-0.00552 0.00000 -0.00552 -0.00552
-0.04769 0.00000 -0.04769 -0.04769
0.70609 0.00000 0.70609 0.70609
-0.01104 0.00000 -0.01104 -0.01104
-0.18488 0.00000 -0.18488 -0.18488
0.20626 0.00000 0.20626 0.20626
0.40433 0.00000 0.40433 0.40433
