# avg	std	min	max
0.93723 0.00000 0.93723 0.93723
-0.02684 0.00000 -0.02684 -0.02684
0.05399 0.00000 0.05399 0.05399
-0.64705 0.00000 -0.64705 -0.64705
-0.82989 0.00000 -0.82989 -0.82989
-1.20835 0.00000 -1.20835 -1.20835
-0.34293 0.00000 -0.34293 -0.34293
-0.69384 0.00000 -0.69384 -0.69384
2.72698 0.00000 2.72698 2.72698
0.01107 0.00000 0.01107 0.01107
-0.03442 0.00000 -0.03442 -0.03442
0.58594 0.00000 0.58594 0.58594
-0.42970 0.00000 -0.42970 -0.42970
0.34552 0.00000 0.34552 0.34552
-0.08007 0.00000 -0.08007 -0.08007
0.73752 0.00000 0.73752 0.73752
-0.01426 0.00000 -0.01426 -0.01426
-0.48599 0.00000 -0.48599 -0.48599
-0.29540 0.00000 -0.29540 -0.29540
0.38781 0.00000 0.38781 0.38781
