# avg	std	min	max
0.80217 0.00000 0.80217 0.80217
-0.07186 0.00000 -0.07186 -0.07186
0.23532 0.00000 0.23532 0.23532
-0.19077 0.00000 -0.19077 -0.19077
-0.37270 0.00000 -0.37270 -0.37270
-0.56804 0.00000 -0.56804 -0.56804
-0.42922 0.00000 -0.42922 -0.42922
-0.69989 0.00000 -0.69989 -0.69989
2.99730 0.00000 2.99730 2.99730
-0.03095 0.00000 -0.03095 -0.03095
0.44422 0.00000 0.44422 0.44422
0.66952 0.00000 0.66952 0.66952
-0.35978 0.00000 -0.35978 -0.35978
0.10416 0.00000 0.10416 0.10416
-0.58524 0.00000 -0.58524 -0.58524
0.37523 0.00000 0.37523 0.37523
-0.00440 0.00000 -0.00440 -0.00440
-0.18387 0.00000 -0.18387 -0.18387
-0.22693 0.00000 -0.22693 -0.22693
0.31687 0.00000 0.31687 0.31687
