# avg	std	min	max
1.15667 0.00000 1.15667 1.15667
0.32526 0.00000 0.32526 0.32526
0.57029 0.00000 0.57029 0.57029
0.03850 0.00000 0.03850 0.03850
-0.09641 0.00000 -0.09641 -0.09641
-0.13695 0.00000 -0.13695 -0.13695
-0.14488 0.00000 -0.14488 -0.14488
-0.25239 0.00000 -0.25239 -0.25239
2.36911 0.00000 2.36911 2.36911
0.99478 0.00000 0.99478 0.99478
0.90455 0.00000 0.90455 0.90455
1.00250 0.00000 1.00250 1.00250
-0.09757 0.00000 -0.09757 -0.09757
0.35281 0.00000 0.35281 0.35281
0.34657 0.00000 0.34657 0.34657
0.38808 0.00000 0.38808 0.38808
-0.00395 0.00000 -0.00395 -0.00395
0.21610 0.00000 0.21610 0.21610
0.08780 0.00000 0.08780 0.08780
0.55500 0.00000 0.55500 0.55500
