# avg	std	min	max
1.17308 0.00000 1.17308 1.17308
0.17738 0.00000 0.17738 0.17738
0.54448 0.00000 0.54448 0.54448
-0.13438 0.00000 -0.13438 -0.13438
-0.01363 0.00000 -0.01363 -0.01363
-0.53446 0.00000 -0.53446 -0.53446
-0.68802 0.00000 -0.68802 -0.68802
-0.27328 0.00000 -0.27328 -0.27328
3.15430 0.00000 3.15430 3.15430
0.24093 0.00000 0.24093 0.24093
0.76837 0.00000 0.76837 0.76837
0.91075 0.00000 0.91075 0.91075
-0.46774 0.00000 -0.46774 -0.46774
0.18627 0.00000 0.18627 0.18627
-0.04781 0.00000 -0.04781 -0.04781
0.55835 0.00000 0.55835 0.55835
-0.00000 0.00000 -0.00000 -0.00000
-0.05362 0.00000 -0.05362 -0.05362
-0.02648 0.00000 -0.02648 -0.02648
0.43072 0.00000 0.43072 0.43072
