# avg	std	min	max
2.10926 0.00000 2.10926 2.10926
0.89909 0.00000 0.89909 0.89909
1.12742 0.00000 1.12742 1.12742
0.11064 0.00000 0.11064 0.11064
0.45252 0.00000 0.45252 0.45252
0.06903 0.00000 0.06903 0.06903
0.56572 0.00000 0.56572 0.56572
0.92410 0.00000 0.92410 0.92410
4.33601 0.00000 4.33601 4.33601
0.65551 0.00000 0.65551 0.65551
1.66580 0.00000 1.66580 1.66580
1.37680 0.00000 1.37680 1.37680
0.49175 0.00000 0.49175 0.49175
1.08975 0.00000 1.08975 1.08975
0.31518 0.00000 0.31518 0.31518
1.05828 0.00000 1.05828 1.05828
-0.04241 0.00000 -0.04241 -0.04241
0.69660 0.00000 0.69660 0.69660
0.98740 0.00000 0.98740 0.98740
1.15520 0.00000 1.15520 1.15520
