# avg	std	min	max
0.66303 0.00000 0.66303 0.66303
-0.60518 0.00000 -0.60518 -0.60518
-1.04705 0.00000 -1.04705 -1.04705
-2.46353 0.00000 -2.46353 -2.46353
-1.87393 0.00000 -1.87393 -1.87393
-3.02616 0.00000 -3.02616 -3.02616
-2.33552 0.00000 -2.33552 -2.33552
-1.21896 0.00000 -1.21896 -1.21896
2.80264 0.00000 2.80264 2.80264
-0.16320 0.00000 -0.16320 -0.16320
-0.19856 0.00000 -0.19856 -0.19856
0.22343 0.00000 0.22343 0.22343
-2.06411 0.00000 -2.06411 -2.06411
0.61033 0.00000 0.61033 0.61033
-0.52529 0.00000 -0.52529 -0.52529
0.02021 0.00000 0.02021 0.02021
-0.01502 0.00000 -0.01502 -0.01502
-0.31062 0.00000 -0.31062 -0.31062
-0.20568 0.00000 -0.20568 -0.20568
-0.29695 0.00000 -0.29695 -0.29695
