# avg	std	min	max
1.13362 0.00000 1.13362 1.13362
-0.24595 0.00000 -0.24595 -0.24595
-0.02048 0.00000 -0.02048 -0.02048
-1.08250 0.00000 -1.08250 -1.08250
-0.70919 0.00000 -0.70919 -0.70919
-1.41700 0.00000 -1.41700 -1.41700
-0.51469 0.00000 -0.51469 -0.51469
-0.64731 0.00000 -0.64731 -0.64731
2.30275 0.00000 2.30275 2.30275
0.72275 0.00000 0.72275 0.72275
1.00047 0.00000 1.00047 1.00047
0.45178 0.00000 0.45178 0.45178
-0.44278 0.00000 -0.44278 -0.44278
0.27404 0.00000 0.27404 0.27404
-0.66722 0.00000 -0.66722 -0.66722
0.62685 0.00000 0.62685 0.62685
-0.04855 0.00000 -0.04855 -0.04855
-0.39355 0.00000 -0.39355 -0.39355
-0.33466 0.00000 -0.33466 -0.33466
0.43502 0.00000 0.43502 0.43502
