# avg	std	min	max
1.02192 0.00000 1.02192 1.02192
0.12751 0.00000 0.12751 0.12751
0.41444 0.00000 0.41444 0.41444
-0.29084 0.00000 -0.29084 -0.29084
-0.16031 0.00000 -0.16031 -0.16031
-0.44206 0.00000 -0.44206 -0.44206
-0.05526 0.00000 -0.05526 -0.05526
0.01090 0.00000 0.01090 0.01090
2.95633 0.00000 2.95633 2.95633
0.16400 0.00000 0.16400 0.16400
0.24710 0.00000 0.24710 0.24710
0.59585 0.00000 0.59585 0.59585
-0.05167 0.00000 -0.05167 -0.05167
0.30554 0.00000 0.30554 0.30554
0.06313 0.00000 0.06313 0.06313
0.53945 0.00000 0.53945 0.53945
-0.00685 0.00000 -0.00685 -0.00685
0.01581 0.00000 0.01581 0.01581
0.21625 0.00000 0.21625 0.21625
0.38130 0.00000 0.38130 0.38130
