# avg	std	min	max
1.09848 0.00000 1.09848 1.09848
-0.43041 0.00000 -0.43041 -0.43041
-1.01098 0.00000 -1.01098 -1.01098
-2.96253 0.00000 -2.96253 -2.96253
-2.02912 0.00000 -2.02912 -2.02912
-2.78846 0.00000 -2.78846 -2.78846
-0.78483 0.00000 -0.78483 -0.78483
-0.72359 0.00000 -0.72359 -0.72359
2.92074 0.00000 2.92074 2.92074
-0.24327 0.00000 -0.24327 -0.24327
-0.39084 0.00000 -0.39084 -0.39084
-0.39794 0.00000 -0.39794 -0.39794
0.25342 0.00000 0.25342 0.25342
0.65437 0.00000 0.65437 0.65437
-0.20893 0.00000 -0.20893 -0.20893
1.74837 0.00000 1.74837 1.74837
-0.12129 0.00000 -0.12129 -0.12129
-0.05343 0.00000 -0.05343 -0.05343
-0.75692 0.00000 -0.75692 -0.75692
0.38012 0.00000 0.38012 0.38012
