# avg	std	min	max
0.57276 0.00000 0.57276 0.57276
-0.11299 0.00000 -0.11299 -0.11299
0.22279 0.00000 0.22279 0.22279
-0.22348 0.00000 -0.22348 -0.22348
-0.26108 0.00000 -0.26108 -0.26108
-0.49318 0.00000 -0.49318 -0.49318
-0.12986 0.00000 -0.12986 -0.12986
-0.31530 0.00000 -0.31530 -0.31530
2.80373 0.00000 2.80373 2.80373
-0.22317 0.00000 -0.22317 -0.22317
0.30721 0.00000 0.30721 0.30721
0.55897 0.00000 0.55897 0.55897
-0.09512 0.00000 -0.09512 -0.09512
-0.12208 0.00000 -0.12208 -0.12208
-0.43615 0.00000 -0.43615 -0.43615
0.31597 0.00000 0.31597 0.31597
-0.00022 0.00000 -0.00022 -0.00022
-0.18113 0.00000 -0.18113 -0.18113
-0.28167 0.00000 -0.28167 -0.28167
0.01999 0.00000 0.01999 0.01999
