# avg	std	min	max
1.36617 0.00000 1.36617 1.36617
0.64590 0.00000 0.64590 0.64590
0.50320 0.00000 0.50320 0.50320
-0.46037 0.00000 -0.46037 -0.46037
-0.17674 0.00000 -0.17674 -0.17674
-0.68346 0.00000 -0.68346 -0.68346
-0.59507 0.00000 -0.59507 -0.59507
-0.26842 0.00000 -0.26842 -0.26842
4.24071 0.00000 4.24071 4.24071
0.77208 0.00000 0.77208 0.77208
1.03427 0.00000 1.03427 1.03427
0.94519 0.00000 0.94519 0.94519
-0.39732 0.00000 -0.39732 -0.39732
0.36245 0.00000 0.36245 0.36245
0.27730 0.00000 0.27730 0.27730
0.84325 0.00000 0.84325 0.84325
0.00000 0.00000 0.00000 0.00000
-0.15155 0.00000 -0.15155 -0.15155
0.21971 0.00000 0.21971 0.21971
0.51348 0.00000 0.51348 0.51348
