# avg	std	min	max
1.39671 0.00000 1.39671 1.39671
0.19262 0.00000 0.19262 0.19262
0.21864 0.00000 0.21864 0.21864
-0.46618 0.00000 -0.46618 -0.46618
-0.14902 0.00000 -0.14902 -0.14902
-0.42191 0.00000 -0.42191 -0.42191
0.51559 0.00000 0.51559 0.51559
0.22748 0.00000 0.22748 0.22748
2.26183 0.00000 2.26183 2.26183
0.47207 0.00000 0.47207 0.47207
0.13525 0.00000 0.13525 0.13525
1.15792 0.00000 1.15792 1.15792
0.50153 0.00000 0.50153 0.50153
0.19224 0.00000 0.19224 0.19224
0.41776 0.00000 0.41776 0.41776
1.60488 0.00000 1.60488 1.60488
-0.00000 0.00000 -0.00000 -0.00000
0.11206 0.00000 0.11206 0.11206
0.39871 0.00000 0.39871 0.39871
0.82267 0.00000 0.82267 0.82267
