# avg	std	min	max
0.82905 0.00000 0.82905 0.82905
0.04678 0.00000 0.04678 0.04678
0.41303 0.00000 0.41303 0.41303
-0.20898 0.00000 -0.20898 -0.20898
-0.18264 0.00000 -0.18264 -0.18264
-0.46423 0.00000 -0.46423 -0.46423
-0.40665 0.00000 -0.40665 -0.40665
-0.25628 0.00000 -0.25628 -0.25628
2.70502 0.00000 2.70502 2.70502
0.07917 0.00000 0.07917 0.07917
0.40885 0.00000 0.40885 0.40885
0.71886 0.00000 0.71886 0.71886
-0.54322 0.00000 -0.54322 -0.54322
-0.05710 0.00000 -0.05710 -0.05710
-0.14663 0.00000 -0.14663 -0.14663
0.37133 0.00000 0.37133 0.37133
-0.02728 0.00000 -0.02728 -0.02728
-0.36738 0.00000 -0.36738 -0.36738
-0.90093 0.00000 -0.90093 -0.90093
0.22412 0.00000 0.22412 0.22412
