# avg	std	min	max
0.39512 0.00000 0.39512 0.39512
0.32450 0.00000 0.32450 0.32450
0.40140 0.00000 0.40140 0.40140
0.11646 0.00000 0.11646 0.11646
0.14738 0.00000 0.14738 0.14738
-0.03427 0.00000 -0.03427 -0.03427
-0.12666 0.00000 -0.12666 -0.12666
-0.13000 0.00000 -0.13000 -0.13000
-0.15882 0.00000 -0.15882 -0.15882
0.23038 0.00000 0.23038 0.23038
0.47113 0.00000 0.47113 0.47113
0.32948 0.00000 0.32948 0.32948
-0.04211 0.00000 -0.04211 -0.04211
0.24769 0.00000 0.24769 0.24769
0.11036 0.00000 0.11036 0.11036
0.14891 0.00000 0.14891 0.14891
-0.01719 0.00000 -0.01719 -0.01719
-0.04686 0.00000 -0.04686 -0.04686
0.09825 0.00000 0.09825 0.09825
0.23614 0.00000 0.23614 0.23614
