# avg	std	min	max
6.09520 0.00000 6.09520 6.09520
4.84281 0.00000 4.84281 4.84281
3.80748 0.00000 3.80748 3.80748
1.93097 0.00000 1.93097 1.93097
5.31230 0.00000 5.31230 5.31230
1.23206 0.00000 1.23206 1.23206
-0.02931 0.00000 -0.02931 -0.02931
2.32005 0.00000 2.32005 2.32005
2.84591 0.00000 2.84591 2.84591
5.98889 0.00000 5.98889 5.98889
5.47434 0.00000 5.47434 5.47434
4.55598 0.00000 4.55598 4.55598
1.02914 0.00000 1.02914 1.02914
5.04775 0.00000 5.04775 5.04775
4.78779 0.00000 4.78779 4.78779
6.36308 0.00000 6.36308 6.36308
5.98979 0.00000 5.98979 5.98979
4.02883 0.00000 4.02883 4.02883
4.81190 0.00000 4.81190 4.81190
3.69317 0.00000 3.69317 3.69317
