# avg	std	min	max
7.04960 0.00000 7.04960 7.04960
5.70912 0.00000 5.70912 5.70912
3.16345 0.00000 3.16345 3.16345
2.50394 0.00000 2.50394 2.50394
2.17809 0.00000 2.17809 2.17809
1.61794 0.00000 1.61794 1.61794
-0.00076 0.00000 -0.00076 -0.00076
2.07901 0.00000 2.07901 2.07901
8.23157 0.00000 8.23157 8.23157
6.09167 0.00000 6.09167 6.09167
4.71753 0.00000 4.71753 4.71753
4.98992 0.00000 4.98992 4.98992
1.05118 0.00000 1.05118 1.05118
5.85332 0.00000 5.85332 5.85332
5.22470 0.00000 5.22470 5.22470
7.45443 0.00000 7.45443 7.45443
7.19220 0.00000 7.19220 7.19220
4.22588 0.00000 4.22588 4.22588
5.48281 0.00000 5.48281 5.48281
3.00638 0.00000 3.00638 3.00638
