# avg	std	min	max
1.17719 0.00000 1.17719 1.17719
0.34033 0.00000 0.34033 0.34033
0.39423 0.00000 0.39423 0.39423
-0.38951 0.00000 -0.38951 -0.38951
0.39115 0.00000 0.39115 0.39115
-0.06350 0.00000 -0.06350 -0.06350
0.00027 0.00000 0.00027 0.00027
0.31819 0.00000 0.31819 0.31819
0.85354 0.00000 0.85354 0.85354
0.81273 0.00000 0.81273 0.81273
1.19795 0.00000 1.19795 1.19795
0.72568 0.00000 0.72568 0.72568
0.03621 0.00000 0.03621 0.03621
0.39279 0.00000 0.39279 0.39279
0.52934 0.00000 0.52934 0.52934
-0.43392 0.00000 -0.43392 -0.43392
0.12557 0.00000 0.12557 0.12557
-0.11897 0.00000 -0.11897 -0.11897
-0.02450 0.00000 -0.02450 -0.02450
0.36675 0.00000 0.36675 0.36675
