# avg	std	min	max
7.43818 0.00000 7.43818 7.43818
5.88176 0.00000 5.88176 5.88176
4.35622 0.00000 4.35622 4.35622
3.04516 0.00000 3.04516 3.04516
3.65293 0.00000 3.65293 3.65293
1.94467 0.00000 1.94467 1.94467
-0.00504 0.00000 -0.00504 -0.00504
3.06879 0.00000 3.06879 3.06879
9.37494 0.00000 9.37494 9.37494
5.79033 0.00000 5.79033 5.79033
5.02782 0.00000 5.02782 5.02782
5.07357 0.00000 5.07357 5.07357
0.67313 0.00000 0.67313 0.67313
5.20091 0.00000 5.20091 5.20091
5.30974 0.00000 5.30974 5.30974
7.83125 0.00000 7.83125 7.83125
7.28413 0.00000 7.28413 7.28413
4.40317 0.00000 4.40317 4.40317
6.21504 0.00000 6.21504 6.21504
2.98575 0.00000 2.98575 2.98575
