# avg	std	min	max
4.56427 0.00000 4.56427 4.56427
2.82995 0.00000 2.82995 2.82995
1.92439 0.00000 1.92439 1.92439
0.34793 0.00000 0.34793 0.34793
2.88579 0.00000 2.88579 2.88579
0.62474 0.00000 0.62474 0.62474
-0.06537 0.00000 -0.06537 -0.06537
0.51918 0.00000 0.51918 0.51918
6.68303 0.00000 6.68303 6.68303
4.18574 0.00000 4.18574 4.18574
3.92206 0.00000 3.92206 3.92206
2.98038 0.00000 2.98038 2.98038
-0.73320 0.00000 -0.73320 -0.73320
2.53310 0.00000 2.53310 2.53310
3.27551 0.00000 3.27551 3.27551
3.70380 0.00000 3.70380 3.70380
2.96221 0.00000 2.96221 2.96221
2.82263 0.00000 2.82263 2.82263
2.79196 0.00000 2.79196 2.79196
2.01874 0.00000 2.01874 2.01874
