# avg	std	min	max
4.32339 0.00000 4.32339 4.32339
2.70264 0.00000 2.70264 2.70264
2.34085 0.00000 2.34085 2.34085
1.15905 0.00000 1.15905 1.15905
2.06791 0.00000 2.06791 2.06791
-0.19067 0.00000 -0.19067 -0.19067
-0.00845 0.00000 -0.00845 -0.00845
1.58074 0.00000 1.58074 1.58074
5.99398 0.00000 5.99398 5.99398
3.14395 0.00000 3.14395 3.14395
3.28453 0.00000 3.28453 3.28453
3.00210 0.00000 3.00210 3.00210
0.29065 0.00000 0.29065 0.29065
2.47102 0.00000 2.47102 2.47102
1.76201 0.00000 1.76201 1.76201
3.33228 0.00000 3.33228 3.33228
2.48887 0.00000 2.48887 2.48887
1.82723 0.00000 1.82723 1.82723
2.32261 0.00000 2.32261 2.32261
2.50221 0.00000 2.50221 2.50221
