# avg	std	min	max
5.03301 0.00000 5.03301 5.03301
3.36060 0.00000 3.36060 3.36060
4.71292 0.00000 4.71292 4.71292
1.74574 0.00000 1.74574 1.74574
4.56984 0.00000 4.56984 4.56984
1.45501 0.00000 1.45501 1.45501
-0.04341 0.00000 -0.04341 -0.04341
1.44288 0.00000 1.44288 1.44288
9.55309 0.00000 9.55309 9.55309
3.94827 0.00000 3.94827 3.94827
4.42705 0.00000 4.42705 4.42705
4.29701 0.00000 4.29701 4.29701
0.81961 0.00000 0.81961 0.81961
3.75029 0.00000 3.75029 3.75029
3.16438 0.00000 3.16438 3.16438
5.26488 0.00000 5.26488 5.26488
3.94973 0.00000 3.94973 3.94973
3.58567 0.00000 3.58567 3.58567
3.26064 0.00000 3.26064 3.26064
2.42250 0.00000 2.42250 2.42250
