# avg	std	min	max
4.19084 0.00000 4.19084 4.19084
2.97159 0.00000 2.97159 2.97159
3.19623 0.00000 3.19623 3.19623
1.00015 0.00000 1.00015 1.00015
2.54724 0.00000 2.54724 2.54724
0.57754 0.00000 0.57754 0.57754
-0.04498 0.00000 -0.04498 -0.04498
1.90091 0.00000 1.90091 1.90091
6.27763 0.00000 6.27763 6.27763
3.33434 0.00000 3.33434 3.33434
3.42018 0.00000 3.42018 3.42018
3.40952 0.00000 3.40952 3.40952
0.99879 0.00000 0.99879 0.99879
2.82900 0.00000 2.82900 2.82900
2.86125 0.00000 2.86125 2.86125
3.99167 0.00000 3.99167 3.99167
3.18101 0.00000 3.18101 3.18101
2.57691 0.00000 2.57691 2.57691
2.72010 0.00000 2.72010 2.72010
2.34706 0.00000 2.34706 2.34706
