# avg	std	min	max
0.00000 0.00000 0.00000 0.00000
3.55304 0.00000 3.55304 3.55304
7.66944 0.00000 7.66944 7.66944
5.76211 0.00000 5.76211 5.76211
8.39562 0.00000 8.39562 8.39562
4.47887 0.00000 4.47887 4.47887
10.38684 0.00000 10.38684 10.38684
13.80594 0.00000 13.80594 13.80594
8.89118 0.00000 8.89118 8.89118
3.11724 0.00000 3.11724 3.11724
6.74567 0.00000 6.74567 6.74567
3.53545 0.00000 3.53545 3.53545
14.40802 0.00000 14.40802 14.40802
5.51498 0.00000 5.51498 5.51498
7.25974 0.00000 7.25974 7.25974
8.38688 0.00000 8.38688 8.38688
9.67198 0.00000 9.67198 9.67198
6.74899 0.00000 6.74899 6.74899
9.37538 0.00000 9.37538 9.37538
8.10669 0.00000 8.10669 8.10669
