# avg	std	min	max
0.00000 0.00000 0.00000 0.00000
3.48642 0.00000 3.48642 3.48642
11.53994 0.00000 11.53994 11.53994
7.17691 0.00000 7.17691 7.17691
12.19550 0.00000 12.19550 12.19550
5.48647 0.00000 5.48647 5.48647
6.91600 0.00000 6.91600 6.91600
8.03416 0.00000 8.03416 8.03416
10.92526 0.00000 10.92526 10.92526
5.49822 0.00000 5.49822 5.49822
9.85917 0.00000 9.85917 9.85917
4.75275 0.00000 4.75275 4.75275
7.27509 0.00000 7.27509 7.27509
6.68841 0.00000 6.68841 6.68841
5.49202 0.00000 5.49202 5.49202
5.87169 0.00000 5.87169 5.87169
5.56536 0.00000 5.56536 5.56536
5.90284 0.00000 5.90284 5.90284
6.54644 0.00000 6.54644 6.54644
6.26897 0.00000 6.26897 6.26897
