# avg	std	min	max
0.00000 0.00000 0.00000 0.00000
2.32928 0.00000 2.32928 2.32928
4.78735 0.00000 4.78735 4.78735
3.54917 0.00000 3.54917 3.54917
4.50902 0.00000 4.50902 4.50902
3.69301 0.00000 3.69301 3.69301
3.67325 0.00000 3.67325 3.67325
3.66850 0.00000 3.66850 3.66850
7.26741 0.00000 7.26741 7.26741
3.89143 0.00000 3.89143 3.89143
5.13167 0.00000 5.13167 5.13167
3.64126 0.00000 3.64126 3.64126
3.75296 0.00000 3.75296 3.75296
2.45398 0.00000 2.45398 2.45398
3.70411 0.00000 3.70411 3.70411
3.09876 0.00000 3.09876 3.09876
3.62342 0.00000 3.62342 3.62342
2.04585 0.00000 2.04585 2.04585
3.24069 0.00000 3.24069 3.24069
3.92436 0.00000 3.92436 3.92436
