# avg	std	min	max
0.00000 0.00000 0.00000 0.00000
3.43961 0.00000 3.43961 3.43961
7.18170 0.00000 7.18170 7.18170
4.95256 0.00000 4.95256 4.95256
7.84912 0.00000 7.84912 7.84912
4.47077 0.00000 4.47077 4.47077
5.63245 0.00000 5.63245 5.63245
6.75488 0.00000 6.75488 6.75488
8.75207 0.00000 8.75207 8.75207
4.63841 0.00000 4.63841 4.63841
7.14180 0.00000 7.14180 7.14180
3.82108 0.00000 3.82108 3.82108
6.03372 0.00000 6.03372 6.03372
5.03449 0.00000 5.03449 5.03449
5.59074 0.00000 5.59074 5.59074
5.88205 0.00000 5.88205 5.88205
5.69826 0.00000 5.69826 5.69826
5.25298 0.00000 5.25298 5.25298
5.23836 0.00000 5.23836 5.23836
5.05072 0.00000 5.05072 5.05072
