# avg	std	min	max
0.00000 0.00000 0.00000 0.00000
2.97540 0.00000 2.97540 2.97540
4.39691 0.00000 4.39691 4.39691
3.19716 0.00000 3.19716 3.19716
4.38183 0.00000 4.38183 4.38183
3.07239 0.00000 3.07239 3.07239
3.18918 0.00000 3.18918 3.18918
3.18378 0.00000 3.18378 3.18378
6.30062 0.00000 6.30062 6.30062
3.33342 0.00000 3.33342 3.33342
4.46292 0.00000 4.46292 4.46292
3.23532 0.00000 3.23532 3.23532
3.18224 0.00000 3.18224 3.18224
3.19299 0.00000 3.19299 3.19299
2.91341 0.00000 2.91341 2.91341
3.17571 0.00000 3.17571 3.17571
3.06323 0.00000 3.06323 3.06323
3.11534 0.00000 3.11534 3.11534
2.84377 0.00000 2.84377 2.84377
3.31742 0.00000 3.31742 3.31742
