# avg	std	min	max
0.00000 0.00000 0.00000 0.00000
-0.26713 0.00000 -0.26713 -0.26713
-0.04667 0.00000 -0.04667 -0.04667
-0.13997 0.00000 -0.13997 -0.13997
0.00126 0.00000 0.00126 0.00126
-0.07694 0.00000 -0.07694 -0.07694
-0.15301 0.00000 -0.15301 -0.15301
-0.03594 0.00000 -0.03594 -0.03594
-1.01716 0.00000 -1.01716 -1.01716
-0.03446 0.00000 -0.03446 -0.03446
-0.12190 0.00000 -0.12190 -0.12190
-0.02935 0.00000 -0.02935 -0.02935
-0.14695 0.00000 -0.14695 -0.14695
0.06870 0.00000 0.06870 0.06870
-0.17679 0.00000 -0.17679 -0.17679
-0.71099 0.00000 -0.71099 -0.71099
-0.45584 0.00000 -0.45584 -0.45584
-0.40400 0.00000 -0.40400 -0.40400
-0.20099 0.00000 -0.20099 -0.20099
0.01054 0.00000 0.01054 0.01054
