# avg	std	min	max
0.00000 0.00000 0.00000 0.00000
-0.15803 0.00000 -0.15803 -0.15803
-0.31501 0.00000 -0.31501 -0.31501
-0.40813 0.00000 -0.40813 -0.40813
-0.67784 0.00000 -0.67784 -0.67784
-0.70543 0.00000 -0.70543 -0.70543
-0.75371 0.00000 -0.75371 -0.75371
-0.70732 0.00000 -0.70732 -0.70732
2.80439 0.00000 2.80439 2.80439
-0.87843 0.00000 -0.87843 -0.87843
-0.78717 0.00000 -0.78717 -0.78717
-0.33029 0.00000 -0.33029 -0.33029
-0.66533 0.00000 -0.66533 -0.66533
-0.37695 0.00000 -0.37695 -0.37695
-0.80585 0.00000 -0.80585 -0.80585
-0.34752 0.00000 -0.34752 -0.34752
-0.54062 0.00000 -0.54062 -0.54062
-0.84304 0.00000 -0.84304 -0.84304
-0.78424 0.00000 -0.78424 -0.78424
-0.59424 0.00000 -0.59424 -0.59424
