# avg	std	min	max
0.00000 0.00000 0.00000 0.00000
3.85852 0.00000 3.85852 3.85852
4.99234 0.00000 4.99234 4.99234
3.21407 0.00000 3.21407 3.21407
4.73372 0.00000 4.73372 4.73372
3.20247 0.00000 3.20247 3.20247
3.08283 0.00000 3.08283 3.08283
3.18108 0.00000 3.18108 3.18108
7.57432 0.00000 7.57432 7.57432
4.03168 0.00000 4.03168 4.03168
5.17369 0.00000 5.17369 5.17369
3.78858 0.00000 3.78858 3.78858
3.16090 0.00000 3.16090 3.16090
3.74834 0.00000 3.74834 3.74834
3.28428 0.00000 3.28428 3.28428
3.63514 0.00000 3.63514 3.63514
3.52998 0.00000 3.52998 3.52998
3.27662 0.00000 3.27662 3.27662
3.15712 0.00000 3.15712 3.15712
3.63293 0.00000 3.63293 3.63293
