# avg	std	min	max
0.00000 0.00000 0.00000 0.00000
1.49990 0.00000 1.49990 1.49990
2.49071 0.00000 2.49071 2.49071
1.61709 0.00000 1.61709 1.61709
2.40381 0.00000 2.40381 2.40381
1.54267 0.00000 1.54267 1.54267
1.46104 0.00000 1.46104 1.46104
1.58931 0.00000 1.58931 1.58931
2.95392 0.00000 2.95392 2.95392
1.61476 0.00000 1.61476 1.61476
2.47170 0.00000 2.47170 2.47170
1.53534 0.00000 1.53534 1.53534
1.56263 0.00000 1.56263 1.56263
1.45597 0.00000 1.45597 1.45597
1.07167 0.00000 1.07167 1.07167
1.54560 0.00000 1.54560 1.54560
1.56622 0.00000 1.56622 1.56622
1.03352 0.00000 1.03352 1.03352
0.88782 0.00000 0.88782 0.88782
1.31394 0.00000 1.31394 1.31394
