# avg	std	min	max
0.00000 0.00000 0.00000 0.00000
4.78455 0.00000 4.78455 4.78455
5.73859 0.00000 5.73859 5.73859
4.79379 0.00000 4.79379 4.79379
5.71271 0.00000 5.71271 5.71271
4.69803 0.00000 4.69803 4.69803
4.83288 0.00000 4.83288 4.83288
4.80929 0.00000 4.80929 4.80929
6.96376 0.00000 6.96376 6.96376
3.02969 0.00000 3.02969 3.02969
5.45784 0.00000 5.45784 5.45784
4.79151 0.00000 4.79151 4.79151
4.74325 0.00000 4.74325 4.74325
4.71705 0.00000 4.71705 4.71705
4.58257 0.00000 4.58257 4.58257
3.89944 0.00000 3.89944 3.89944
4.30919 0.00000 4.30919 4.30919
4.52314 0.00000 4.52314 4.52314
4.38611 0.00000 4.38611 4.38611
4.89977 0.00000 4.89977 4.89977
