# avg	std	min	max
0.00000 0.00000 0.00000 0.00000
2.58026 0.00000 2.58026 2.58026
3.00546 0.00000 3.00546 3.00546
2.31097 0.00000 2.31097 2.31097
2.53940 0.00000 2.53940 2.53940
2.20165 0.00000 2.20165 2.20165
2.21337 0.00000 2.21337 2.21337
2.36737 0.00000 2.36737 2.36737
4.31552 0.00000 4.31552 4.31552
2.17404 0.00000 2.17404 2.17404
2.62978 0.00000 2.62978 2.62978
2.31319 0.00000 2.31319 2.31319
2.34236 0.00000 2.34236 2.34236
2.52239 0.00000 2.52239 2.52239
2.20221 0.00000 2.20221 2.20221
0.90841 0.00000 0.90841 0.90841
2.38180 0.00000 2.38180 2.38180
2.24514 0.00000 2.24514 2.24514
2.08537 0.00000 2.08537 2.08537
2.51664 0.00000 2.51664 2.51664
