# avg	std	min	max
0.00000 0.00000 0.00000 0.00000
3.75442 0.00000 3.75442 3.75442
4.32688 0.00000 4.32688 4.32688
3.17863 0.00000 3.17863 3.17863
3.85580 0.00000 3.85580 3.85580
2.92175 0.00000 2.92175 2.92175
2.94856 0.00000 2.94856 2.94856
3.08588 0.00000 3.08588 3.08588
4.68690 0.00000 4.68690 4.68690
4.02256 0.00000 4.02256 4.02256
3.97049 0.00000 3.97049 3.97049
3.75119 0.00000 3.75119 3.75119
3.09517 0.00000 3.09517 3.09517
3.70177 0.00000 3.70177 3.70177
3.54802 0.00000 3.54802 3.54802
2.21094 0.00000 2.21094 2.21094
3.58543 0.00000 3.58543 3.58543
3.26843 0.00000 3.26843 3.26843
3.40817 0.00000 3.40817 3.40817
3.63837 0.00000 3.63837 3.63837
