# avg	std	min	max
4.30092 0.00000 4.30092 4.30092
2.79695 0.00000 2.79695 2.79695
1.26464 0.00000 1.26464 1.26464
0.28741 0.00000 0.28741 0.28741
1.02221 0.00000 1.02221 1.02221
-0.12909 0.00000 -0.12909 -0.12909
4.34656 0.00000 4.34656 4.34656
6.37912 0.00000 6.37912 6.37912
3.08499 0.00000 3.08499 3.08499
4.06015 0.00000 4.06015 4.06015
3.12022 0.00000 3.12022 3.12022
2.50238 0.00000 2.50238 2.50238
9.53464 0.00000 9.53464 9.53464
2.35149 0.00000 2.35149 2.35149
2.35114 0.00000 2.35114 2.35114
3.66310 0.00000 3.66310 3.66310
4.34505 0.00000 4.34505 4.34505
0.59478 0.00000 0.59478 0.59478
4.67592 0.00000 4.67592 4.67592
0.29963 0.00000 0.29963 0.29963
