# avg	std	min	max
1.97654 0.00000 1.97654 1.97654
0.87287 0.00000 0.87287 0.87287
1.30947 0.00000 1.30947 1.30947
0.55470 0.00000 0.55470 0.55470
1.30453 0.00000 1.30453 1.30453
0.33513 0.00000 0.33513 0.33513
-0.55503 0.00000 -0.55503 -0.55503
0.12714 0.00000 0.12714 0.12714
8.40568 0.00000 8.40568 8.40568
1.57695 0.00000 1.57695 1.57695
1.30985 0.00000 1.30985 1.30985
1.66530 0.00000 1.66530 1.66530
-0.34663 0.00000 -0.34663 -0.34663
1.49378 0.00000 1.49378 1.49378
1.34421 0.00000 1.34421 1.34421
1.51963 0.00000 1.51963 1.51963
1.29368 0.00000 1.29368 1.29368
0.91144 0.00000 0.91144 0.91144
0.90693 0.00000 0.90693 0.90693
0.04120 0.00000 0.04120 0.04120
