# avg	std	min	max
2.24891 0.00000 2.24891 2.24891
0.94570 0.00000 0.94570 0.94570
-0.86133 0.00000 -0.86133 -0.86133
-0.68409 0.00000 -0.68409 -0.68409
-1.26749 0.00000 -1.26749 -1.26749
-0.81296 0.00000 -0.81296 -0.81296
-1.79503 0.00000 -1.79503 -1.79503
-1.11837 0.00000 -1.11837 -1.11837
1.00492 0.00000 1.00492 1.00492
1.00358 0.00000 1.00358 1.00358
-0.33013 0.00000 -0.33013 -0.33013
0.36845 0.00000 0.36845 0.36845
-0.97424 0.00000 -0.97424 -0.97424
0.62913 0.00000 0.62913 0.62913
0.38726 0.00000 0.38726 0.38726
2.46787 0.00000 2.46787 2.46787
1.90039 0.00000 1.90039 1.90039
0.47578 0.00000 0.47578 0.47578
-0.57381 0.00000 -0.57381 -0.57381
-0.05273 0.00000 -0.05273 -0.05273
