# avg	std	min	max
-0.29997 0.00000 -0.29997 -0.29997
-1.37121 0.00000 -1.37121 -1.37121
0.21012 0.00000 0.21012 0.21012
-0.12080 0.00000 -0.12080 -0.12080
-1.14338 0.00000 -1.14338 -1.14338
-0.29094 0.00000 -0.29094 -0.29094
-1.38975 0.00000 -1.38975 -1.38975
0.04066 0.00000 0.04066 0.04066
-1.88740 0.00000 -1.88740 -1.88740
0.03068 0.00000 0.03068 0.03068
0.11685 0.00000 0.11685 0.11685
-0.12033 0.00000 -0.12033 -0.12033
-1.27714 0.00000 -1.27714 -1.27714
-0.03775 0.00000 -0.03775 -0.03775
-0.29355 0.00000 -0.29355 -0.29355
-0.13334 0.00000 -0.13334 -0.13334
-0.28884 0.00000 -0.28884 -0.28884
-1.39267 0.00000 -1.39267 -1.39267
-0.09562 0.00000 -0.09562 -0.09562
-0.01498 0.00000 -0.01498 -0.01498
