# avg	std	min	max
2.80873 0.00000 2.80873 2.80873
1.18907 0.00000 1.18907 1.18907
1.04588 0.00000 1.04588 1.04588
-0.83964 0.00000 -0.83964 -0.83964
0.38654 0.00000 0.38654 0.38654
-0.98806 0.00000 -0.98806 -0.98806
-1.08887 0.00000 -1.08887 -1.08887
-0.73827 0.00000 -0.73827 -0.73827
5.12859 0.00000 5.12859 5.12859
1.56594 0.00000 1.56594 1.56594
1.01225 0.00000 1.01225 1.01225
1.44893 0.00000 1.44893 1.44893
-0.39554 0.00000 -0.39554 -0.39554
0.92201 0.00000 0.92201 0.92201
0.10100 0.00000 0.10100 0.10100
2.35021 0.00000 2.35021 2.35021
0.93762 0.00000 0.93762 0.93762
0.05162 0.00000 0.05162 0.05162
0.06857 0.00000 0.06857 0.06857
-0.04194 0.00000 -0.04194 -0.04194
