# avg	std	min	max
2.92761 0.00000 2.92761 2.92761
1.57316 0.00000 1.57316 1.57316
0.68418 0.00000 0.68418 0.68418
-0.98552 0.00000 -0.98552 -0.98552
-0.50954 0.00000 -0.50954 -0.50954
-1.23113 0.00000 -1.23113 -1.23113
-0.70380 0.00000 -0.70380 -0.70380
2.83772 0.00000 2.83772 2.83772
3.90823 0.00000 3.90823 3.90823
1.86049 0.00000 1.86049 1.86049
1.11472 0.00000 1.11472 1.11472
1.40881 0.00000 1.40881 1.40881
-0.15568 0.00000 -0.15568 -0.15568
2.18195 0.00000 2.18195 2.18195
2.16803 0.00000 2.16803 2.16803
3.74767 0.00000 3.74767 3.74767
3.38430 0.00000 3.38430 3.38430
1.32831 0.00000 1.32831 1.32831
1.67799 0.00000 1.67799 1.67799
-0.05149 0.00000 -0.05149 -0.05149
