# avg	std	min	max
2.23982 0.00000 2.23982 2.23982
1.00480 0.00000 1.00480 1.00480
0.58505 0.00000 0.58505 0.58505
-0.10084 0.00000 -0.10084 -0.10084
0.60034 0.00000 0.60034 0.60034
-0.31413 0.00000 -0.31413 -0.31413
1.50344 0.00000 1.50344 1.50344
1.61410 0.00000 1.61410 1.61410
2.74260 0.00000 2.74260 2.74260
1.06838 0.00000 1.06838 1.06838
0.03078 0.00000 0.03078 0.03078
1.08985 0.00000 1.08985 1.08985
2.06998 0.00000 2.06998 2.06998
2.51732 0.00000 2.51732 2.51732
1.25202 0.00000 1.25202 1.25202
1.48060 0.00000 1.48060 1.48060
1.20020 0.00000 1.20020 1.20020
-0.09318 0.00000 -0.09318 -0.09318
1.48292 0.00000 1.48292 1.48292
0.02763 0.00000 0.02763 0.02763
