# avg	std	min	max
0.96084 0.00000 0.96084 0.96084
0.07878 0.00000 0.07878 0.07878
0.60040 0.00000 0.60040 0.60040
-0.13819 0.00000 -0.13819 -0.13819
-0.02715 0.00000 -0.02715 -0.02715
-0.15010 0.00000 -0.15010 -0.15010
-0.01715 0.00000 -0.01715 -0.01715
-0.30492 0.00000 -0.30492 -0.30492
4.08833 0.00000 4.08833 4.08833
0.57156 0.00000 0.57156 0.57156
0.57218 0.00000 0.57218 0.57218
1.02172 0.00000 1.02172 1.02172
0.09387 0.00000 0.09387 0.09387
0.12345 0.00000 0.12345 0.12345
0.30736 0.00000 0.30736 0.30736
0.89770 0.00000 0.89770 0.89770
0.53917 0.00000 0.53917 0.53917
-0.08618 0.00000 -0.08618 -0.08618
-0.10202 0.00000 -0.10202 -0.10202
0.00465 0.00000 0.00465 0.00465
