# avg	std	min	max
1.52665 0.00000 1.52665 1.52665
0.58965 0.00000 0.58965 0.58965
-0.27697 0.00000 -0.27697 -0.27697
-0.51171 0.00000 -0.51171 -0.51171
-1.21539 0.00000 -1.21539 -1.21539
-2.00678 0.00000 -2.00678 -2.00678
-0.90060 0.00000 -0.90060 -0.90060
0.28493 0.00000 0.28493 0.28493
3.57893 0.00000 3.57893 3.57893
1.04459 0.00000 1.04459 1.04459
0.24154 0.00000 0.24154 0.24154
0.95713 0.00000 0.95713 0.95713
-0.56259 0.00000 -0.56259 -0.56259
0.97616 0.00000 0.97616 0.97616
0.10472 0.00000 0.10472 0.10472
1.53568 0.00000 1.53568 1.53568
2.34602 0.00000 2.34602 2.34602
0.23912 0.00000 0.23912 0.23912
0.79992 0.00000 0.79992 0.79992
0.01701 0.00000 0.01701 0.01701
