# avg	std	min	max
0.35137 0.00000 0.35137 0.35137
0.01088 0.00000 0.01088 0.01088
0.47736 0.00000 0.47736 0.47736
-0.12839 0.00000 -0.12839 -0.12839
0.01505 0.00000 0.01505 0.01505
-0.13796 0.00000 -0.13796 -0.13796
-0.19694 0.00000 -0.19694 -0.19694
-0.35129 0.00000 -0.35129 -0.35129
-0.54203 0.00000 -0.54203 -0.54203
0.30816 0.00000 0.30816 0.30816
0.24801 0.00000 0.24801 0.24801
0.34046 0.00000 0.34046 0.34046
-0.10140 0.00000 -0.10140 -0.10140
-0.07056 0.00000 -0.07056 -0.07056
-0.30688 0.00000 -0.30688 -0.30688
-0.23452 0.00000 -0.23452 -0.23452
0.08762 0.00000 0.08762 0.08762
-0.30159 0.00000 -0.30159 -0.30159
-0.03068 0.00000 -0.03068 -0.03068
-0.04792 0.00000 -0.04792 -0.04792
