# avg	std	min	max
0.60469 0.00000 0.60469 0.60469
0.36927 0.00000 0.36927 0.36927
-0.10370 0.00000 -0.10370 -0.10370
-0.71001 0.00000 -0.71001 -0.71001
-0.19604 0.00000 -0.19604 -0.19604
-0.79499 0.00000 -0.79499 -0.79499
-0.70957 0.00000 -0.70957 -0.70957
-0.89510 0.00000 -0.89510 -0.89510
0.25371 0.00000 0.25371 0.25371
0.94299 0.00000 0.94299 0.94299
0.53692 0.00000 0.53692 0.53692
0.25774 0.00000 0.25774 0.25774
-0.60073 0.00000 -0.60073 -0.60073
-0.11966 0.00000 -0.11966 -0.11966
-0.10659 0.00000 -0.10659 -0.10659
-0.06695 0.00000 -0.06695 -0.06695
-0.52787 0.00000 -0.52787 -0.52787
-0.69384 0.00000 -0.69384 -0.69384
-0.36693 0.00000 -0.36693 -0.36693
0.00931 0.00000 0.00931 0.00931
