# avg	std	min	max
0.13661 0.00000 0.13661 0.13661
-0.01073 0.00000 -0.01073 -0.01073
0.00452 0.00000 0.00452 0.00452
-0.09648 0.00000 -0.09648 -0.09648
-0.02128 0.00000 -0.02128 -0.02128
-0.03619 0.00000 -0.03619 -0.03619
-0.10185 0.00000 -0.10185 -0.10185
-0.16097 0.00000 -0.16097 -0.16097
-0.37708 0.00000 -0.37708 -0.37708
0.06084 0.00000 0.06084 0.06084
-0.10310 0.00000 -0.10310 -0.10310
0.03616 0.00000 0.03616 0.03616
-0.11047 0.00000 -0.11047 -0.11047
-0.04026 0.00000 -0.04026 -0.04026
-0.26956 0.00000 -0.26956 -0.26956
-0.66987 0.00000 -0.66987 -0.66987
-0.57589 0.00000 -0.57589 -0.57589
-0.42753 0.00000 -0.42753 -0.42753
-0.30282 0.00000 -0.30282 -0.30282
0.01724 0.00000 0.01724 0.01724
