# avg	std	min	max
4.98023 0.00000 4.98023 4.98023
4.20061 0.00000 4.20061 4.20061
1.14048 0.00000 1.14048 1.14048
0.97761 0.00000 0.97761 0.97761
-0.00111 0.00000 -0.00111 -0.00111
1.54344 0.00000 1.54344 1.54344
2.97203 0.00000 2.97203 2.97203
6.06152 0.00000 6.06152 6.06152
6.43508 0.00000 6.43508 6.43508
4.21133 0.00000 4.21133 4.21133
2.54711 0.00000 2.54711 2.54711
2.91715 0.00000 2.91715 2.91715
5.39493 0.00000 5.39493 5.39493
3.07672 0.00000 3.07672 3.07672
3.78649 0.00000 3.78649 3.78649
4.87560 0.00000 4.87560 4.87560
5.10689 0.00000 5.10689 5.10689
4.35606 0.00000 4.35606 4.35606
5.77403 0.00000 5.77403 5.77403
4.33432 0.00000 4.33432 4.33432
