# avg	std	min	max
2.73247 0.00000 2.73247 2.73247
1.64226 0.00000 1.64226 1.64226
0.53546 0.00000 0.53546 0.53546
0.59560 0.00000 0.59560 0.59560
-0.00661 0.00000 -0.00661 -0.00661
0.90443 0.00000 0.90443 0.90443
0.46629 0.00000 0.46629 0.46629
0.87469 0.00000 0.87469 0.87469
2.63979 0.00000 2.63979 2.63979
2.15597 0.00000 2.15597 2.15597
1.26533 0.00000 1.26533 1.26533
1.81044 0.00000 1.81044 1.81044
0.71327 0.00000 0.71327 0.71327
2.81032 0.00000 2.81032 2.81032
1.68821 0.00000 1.68821 1.68821
4.24594 0.00000 4.24594 4.24594
2.83997 0.00000 2.83997 2.83997
1.25368 0.00000 1.25368 1.25368
1.80156 0.00000 1.80156 1.80156
2.72117 0.00000 2.72117 2.72117
