# avg	std	min	max
1.80745 0.00000 1.80745 1.80745
0.96862 0.00000 0.96862 0.96862
0.52757 0.00000 0.52757 0.52757
0.32236 0.00000 0.32236 0.32236
-0.02555 0.00000 -0.02555 -0.02555
-0.04773 0.00000 -0.04773 -0.04773
0.76979 0.00000 0.76979 0.76979
0.95806 0.00000 0.95806 0.95806
-0.87244 0.00000 -0.87244 -0.87244
1.15584 0.00000 1.15584 1.15584
0.50668 0.00000 0.50668 0.50668
0.91307 0.00000 0.91307 0.91307
0.79561 0.00000 0.79561 0.79561
0.91659 0.00000 0.91659 0.91659
0.58433 0.00000 0.58433 0.58433
0.81970 0.00000 0.81970 0.81970
0.41005 0.00000 0.41005 0.41005
0.33130 0.00000 0.33130 0.33130
0.75350 0.00000 0.75350 0.75350
0.92760 0.00000 0.92760 0.92760
