# avg	std	min	max
1.17085 0.00000 1.17085 1.17085
0.49841 0.00000 0.49841 0.49841
0.50136 0.00000 0.50136 0.50136
-0.09853 0.00000 -0.09853 -0.09853
0.00120 0.00000 0.00120 0.00120
-0.37679 0.00000 -0.37679 -0.37679
0.38216 0.00000 0.38216 0.38216
0.11807 0.00000 0.11807 0.11807
-1.88702 0.00000 -1.88702 -1.88702
0.81839 0.00000 0.81839 0.81839
0.56892 0.00000 0.56892 0.56892
1.11639 0.00000 1.11639 1.11639
0.49147 0.00000 0.49147 0.49147
1.07892 0.00000 1.07892 1.07892
0.27789 0.00000 0.27789 0.27789
1.02807 0.00000 1.02807 1.02807
0.20532 0.00000 0.20532 0.20532
0.18097 0.00000 0.18097 0.18097
0.14586 0.00000 0.14586 0.14586
0.91207 0.00000 0.91207 0.91207
