# avg	std	min	max
7.15691 0.00000 7.15691 7.15691
5.17287 0.00000 5.17287 5.17287
1.38803 0.00000 1.38803 1.38803
0.89459 0.00000 0.89459 0.89459
0.02108 0.00000 0.02108 0.02108
1.26046 0.00000 1.26046 1.26046
10.61653 0.00000 10.61653 10.61653
23.33800 0.00000 23.33800 23.33800
6.69611 0.00000 6.69611 6.69611
6.14562 0.00000 6.14562 6.14562
4.15277 0.00000 4.15277 4.15277
4.00776 0.00000 4.00776 4.00776
12.38912 0.00000 12.38912 12.38912
4.61304 0.00000 4.61304 4.61304
4.88896 0.00000 4.88896 4.88896
6.14295 0.00000 6.14295 6.14295
5.80935 0.00000 5.80935 5.80935
7.20729 0.00000 7.20729 7.20729
11.12578 0.00000 11.12578 11.12578
9.97039 0.00000 9.97039 9.97039
