# avg	std	min	max
3.20240 0.00000 3.20240 3.20240
1.77537 0.00000 1.77537 1.77537
1.01113 0.00000 1.01113 1.01113
0.40509 0.00000 0.40509 0.40509
-0.04081 0.00000 -0.04081 -0.04081
0.11452 0.00000 0.11452 0.11452
0.45592 0.00000 0.45592 0.45592
2.28740 0.00000 2.28740 2.28740
4.72906 0.00000 4.72906 4.72906
2.27604 0.00000 2.27604 2.27604
1.60136 0.00000 1.60136 1.60136
2.42186 0.00000 2.42186 2.42186
1.32993 0.00000 1.32993 1.32993
1.81956 0.00000 1.81956 1.81956
1.96349 0.00000 1.96349 1.96349
2.35975 0.00000 2.35975 2.35975
2.57253 0.00000 2.57253 2.57253
2.34850 0.00000 2.34850 2.34850
2.30967 0.00000 2.30967 2.30967
2.49114 0.00000 2.49114 2.49114
