# avg	std	min	max
4.81070 0.00000 4.81070 4.81070
3.10993 0.00000 3.10993 3.10993
1.18756 0.00000 1.18756 1.18756
0.04423 0.00000 0.04423 0.04423
-0.00065 0.00000 -0.00065 -0.00065
-0.07673 0.00000 -0.07673 -0.07673
1.71160 0.00000 1.71160 1.71160
14.00352 0.00000 14.00352 14.00352
6.76379 0.00000 6.76379 6.76379
3.83771 0.00000 3.83771 3.83771
3.22608 0.00000 3.22608 3.22608
3.25146 0.00000 3.25146 3.25146
4.59887 0.00000 4.59887 4.59887
3.98258 0.00000 3.98258 3.98258
3.71814 0.00000 3.71814 3.71814
5.43553 0.00000 5.43553 5.43553
4.68313 0.00000 4.68313 4.68313
3.45338 0.00000 3.45338 3.45338
5.22390 0.00000 5.22390 5.22390
2.81749 0.00000 2.81749 2.81749
