# avg	std	min	max
1.73734 0.00000 1.73734 1.73734
0.71574 0.00000 0.71574 0.71574
0.76360 0.00000 0.76360 0.76360
0.15150 0.00000 0.15150 0.15150
0.02142 0.00000 0.02142 0.02142
0.18113 0.00000 0.18113 0.18113
0.27920 0.00000 0.27920 0.27920
0.18788 0.00000 0.18788 0.18788
3.70004 0.00000 3.70004 3.70004
0.83913 0.00000 0.83913 0.83913
0.71730 0.00000 0.71730 0.71730
1.32465 0.00000 1.32465 1.32465
0.39809 0.00000 0.39809 0.39809
0.96350 0.00000 0.96350 0.96350
0.40324 0.00000 0.40324 0.40324
1.32455 0.00000 1.32455 1.32455
0.76803 0.00000 0.76803 0.76803
0.55426 0.00000 0.55426 0.55426
0.87544 0.00000 0.87544 0.87544
0.93865 0.00000 0.93865 0.93865
