# avg	std	min	max
2.59176 0.00000 2.59176 2.59176
1.28461 0.00000 1.28461 1.28461
0.65590 0.00000 0.65590 0.65590
0.02757 0.00000 0.02757 0.02757
-0.01495 0.00000 -0.01495 -0.01495
-0.19785 0.00000 -0.19785 -0.19785
-0.08045 0.00000 -0.08045 -0.08045
0.64955 0.00000 0.64955 0.64955
4.99307 0.00000 4.99307 4.99307
2.65836 0.00000 2.65836 2.65836
2.00813 0.00000 2.00813 2.00813
2.00775 0.00000 2.00775 2.00775
-0.55587 0.00000 -0.55587 -0.55587
1.68690 0.00000 1.68690 1.68690
0.88338 0.00000 0.88338 0.88338
2.53229 0.00000 2.53229 2.53229
1.02106 0.00000 1.02106 1.02106
0.62205 0.00000 0.62205 0.62205
0.92404 0.00000 0.92404 0.92404
1.70755 0.00000 1.70755 1.70755
