# avg	std	min	max
3.85095 0.00000 3.85095 3.85095
2.59170 0.00000 2.59170 2.59170
0.94910 0.00000 0.94910 0.94910
-0.29168 0.00000 -0.29168 -0.29168
-0.00520 0.00000 -0.00520 -0.00520
-0.29767 0.00000 -0.29767 -0.29767
2.75503 0.00000 2.75503 2.75503
4.07845 0.00000 4.07845 4.07845
5.79081 0.00000 5.79081 5.79081
3.12676 0.00000 3.12676 3.12676
2.68966 0.00000 2.68966 2.68966
2.47005 0.00000 2.47005 2.47005
2.07650 0.00000 2.07650 2.07650
3.53039 0.00000 3.53039 3.53039
2.17731 0.00000 2.17731 2.17731
5.02932 0.00000 5.02932 5.02932
3.40451 0.00000 3.40451 3.40451
1.84868 0.00000 1.84868 1.84868
1.98864 0.00000 1.98864 1.98864
2.28185 0.00000 2.28185 2.28185
