# avg	std	min	max
2.54601 0.00000 2.54601 2.54601
1.67350 0.00000 1.67350 1.67350
1.36748 0.00000 1.36748 1.36748
-0.15771 0.00000 -0.15771 -0.15771
-0.00164 0.00000 -0.00164 -0.00164
-0.56957 0.00000 -0.56957 -0.56957
0.27116 0.00000 0.27116 0.27116
-0.43939 0.00000 -0.43939 -0.43939
3.43921 0.00000 3.43921 3.43921
1.78716 0.00000 1.78716 1.78716
1.51518 0.00000 1.51518 1.51518
2.01938 0.00000 2.01938 2.01938
0.40111 0.00000 0.40111 0.40111
1.54424 0.00000 1.54424 1.54424
1.58156 0.00000 1.58156 1.58156
2.31505 0.00000 2.31505 2.31505
1.61289 0.00000 1.61289 1.61289
1.26637 0.00000 1.26637 1.26637
1.75761 0.00000 1.75761 1.75761
1.77230 0.00000 1.77230 1.77230
