# avg	std	min	max
3.91228 0.00000 3.91228 3.91228
2.31086 0.00000 2.31086 2.31086
1.45572 0.00000 1.45572 1.45572
-0.05625 0.00000 -0.05625 -0.05625
-0.01263 0.00000 -0.01263 -0.01263
-0.25245 0.00000 -0.25245 -0.25245
1.55094 0.00000 1.55094 1.55094
3.40002 0.00000 3.40002 3.40002
4.92316 0.00000 4.92316 4.92316
2.45928 0.00000 2.45928 2.45928
1.38218 0.00000 1.38218 1.38218
2.43209 0.00000 2.43209 2.43209
8.14170 0.00000 8.14170 8.14170
3.28456 0.00000 3.28456 3.28456
2.13480 0.00000 2.13480 2.13480
4.99113 0.00000 4.99113 4.99113
4.01886 0.00000 4.01886 4.01886
1.55920 0.00000 1.55920 1.55920
1.25800 0.00000 1.25800 1.25800
4.74604 0.00000 4.74604 4.74604
