# avg	std	min	max
2.09502 0.00000 2.09502 2.09502
0.89334 0.00000 0.89334 0.89334
1.19956 0.00000 1.19956 1.19956
0.29226 0.00000 0.29226 0.29226
0.89762 0.00000 0.89762 0.89762
0.46311 0.00000 0.46311 0.46311
0.69772 0.00000 0.69772 0.69772
1.54152 0.00000 1.54152 1.54152
1.95410 0.00000 1.95410 1.95410
0.70216 0.00000 0.70216 0.70216
0.56706 0.00000 0.56706 0.56706
1.09063 0.00000 1.09063 1.09063
0.95120 0.00000 0.95120 0.95120
0.98680 0.00000 0.98680 0.98680
1.77320 0.00000 1.77320 1.77320
2.82988 0.00000 2.82988 2.82988
2.47928 0.00000 2.47928 2.47928
-0.00411 0.00000 -0.00411 -0.00411
-0.26000 0.00000 -0.26000 -0.26000
0.88541 0.00000 0.88541 0.88541
