# avg	std	min	max
1.48989 0.00000 1.48989 1.48989
0.69977 0.00000 0.69977 0.69977
0.33200 0.00000 0.33200 0.33200
-1.11076 0.00000 -1.11076 -1.11076
-0.64673 0.00000 -0.64673 -0.64673
-1.42773 0.00000 -1.42773 -1.42773
-1.57157 0.00000 -1.57157 -1.57157
0.52909 0.00000 0.52909 0.52909
4.22790 0.00000 4.22790 4.22790
1.05342 0.00000 1.05342 1.05342
0.53358 0.00000 0.53358 0.53358
0.89352 0.00000 0.89352 0.89352
1.12002 0.00000 1.12002 1.12002
0.69223 0.00000 0.69223 0.69223
0.77236 0.00000 0.77236 0.77236
2.00873 0.00000 2.00873 2.00873
1.18691 0.00000 1.18691 1.18691
0.02599 0.00000 0.02599 0.02599
-0.56064 0.00000 -0.56064 -0.56064
0.83098 0.00000 0.83098 0.83098
