# avg	std	min	max
1.05529 0.00000 1.05529 1.05529
0.27680 0.00000 0.27680 0.27680
0.55497 0.00000 0.55497 0.55497
-0.43545 0.00000 -0.43545 -0.43545
-0.29061 0.00000 -0.29061 -0.29061
-0.43165 0.00000 -0.43165 -0.43165
-0.05529 0.00000 -0.05529 -0.05529
-0.26712 0.00000 -0.26712 -0.26712
4.13031 0.00000 4.13031 4.13031
1.08463 0.00000 1.08463 1.08463
0.97352 0.00000 0.97352 0.97352
1.10434 0.00000 1.10434 1.10434
-0.04718 0.00000 -0.04718 -0.04718
0.61552 0.00000 0.61552 0.61552
-0.13622 0.00000 -0.13622 -0.13622
0.72148 0.00000 0.72148 0.72148
0.33144 0.00000 0.33144 0.33144
-0.00685 0.00000 -0.00685 -0.00685
0.18481 0.00000 0.18481 0.18481
0.75739 0.00000 0.75739 0.75739
