# avg	std	min	max
-0.00945 0.00000 -0.00945 -0.00945
-0.15212 0.00000 -0.15212 -0.15212
0.18154 0.00000 0.18154 0.18154
-0.57881 0.00000 -0.57881 -0.57881
0.38548 0.00000 0.38548 0.38548
-0.42274 0.00000 -0.42274 -0.42274
0.38406 0.00000 0.38406 0.38406
0.73279 0.00000 0.73279 0.73279
-0.45091 0.00000 -0.45091 -0.45091
0.30234 0.00000 0.30234 0.30234
0.53010 0.00000 0.53010 0.53010
0.16723 0.00000 0.16723 0.16723
0.35925 0.00000 0.35925 0.35925
0.27629 0.00000 0.27629 0.27629
-0.45711 0.00000 -0.45711 -0.45711
-0.10185 0.00000 -0.10185 -0.10185
-0.73519 0.00000 -0.73519 -0.73519
-0.00247 0.00000 -0.00247 -0.00247
0.24359 0.00000 0.24359 0.24359
0.74136 0.00000 0.74136 0.74136
