# avg	std	min	max
0.75056 0.00000 0.75056 0.75056
-0.29115 0.00000 -0.29115 -0.29115
-0.38356 0.00000 -0.38356 -0.38356
-1.70892 0.00000 -1.70892 -1.70892
-1.56625 0.00000 -1.56625 -1.56625
-2.61074 0.00000 -2.61074 -2.61074
-1.96528 0.00000 -1.96528 -1.96528
-1.41873 0.00000 -1.41873 -1.41873
2.80349 0.00000 2.80349 2.80349
-0.10842 0.00000 -0.10842 -0.10842
0.18868 0.00000 0.18868 0.18868
0.24326 0.00000 0.24326 0.24326
-1.57185 0.00000 -1.57185 -1.57185
-0.50778 0.00000 -0.50778 -0.50778
-0.50443 0.00000 -0.50443 -0.50443
0.28349 0.00000 0.28349 0.28349
-0.05428 0.00000 -0.05428 -0.05428
-0.01219 0.00000 -0.01219 -0.01219
-0.65905 0.00000 -0.65905 -0.65905
-0.69284 0.00000 -0.69284 -0.69284
