# avg	std	min	max
1.06630 0.00000 1.06630 1.06630
0.36438 0.00000 0.36438 0.36438
0.86529 0.00000 0.86529 0.86529
-0.03782 0.00000 -0.03782 -0.03782
0.25582 0.00000 0.25582 0.25582
-0.26391 0.00000 -0.26391 -0.26391
0.21095 0.00000 0.21095 0.21095
0.40543 0.00000 0.40543 0.40543
3.34096 0.00000 3.34096 3.34096
0.96897 0.00000 0.96897 0.96897
1.09390 0.00000 1.09390 1.09390
1.07752 0.00000 1.07752 1.07752
0.66250 0.00000 0.66250 0.66250
0.31257 0.00000 0.31257 0.31257
0.28880 0.00000 0.28880 0.28880
0.77995 0.00000 0.77995 0.77995
0.35306 0.00000 0.35306 0.35306
-0.03629 0.00000 -0.03629 -0.03629
0.02378 0.00000 0.02378 0.02378
0.65442 0.00000 0.65442 0.65442
