# avg	std	min	max
1.08423 0.00000 1.08423 1.08423
0.30920 0.00000 0.30920 0.30920
0.89264 0.00000 0.89264 0.89264
-0.20405 0.00000 -0.20405 -0.20405
0.38683 0.00000 0.38683 0.38683
-0.05050 0.00000 -0.05050 -0.05050
0.03803 0.00000 0.03803 0.03803
-0.25800 0.00000 -0.25800 -0.25800
2.50526 0.00000 2.50526 2.50526
0.31409 0.00000 0.31409 0.31409
1.05048 0.00000 1.05048 1.05048
0.93101 0.00000 0.93101 0.93101
0.02151 0.00000 0.02151 0.02151
0.14953 0.00000 0.14953 0.14953
0.46211 0.00000 0.46211 0.46211
0.76107 0.00000 0.76107 0.76107
0.13461 0.00000 0.13461 0.13461
-0.00018 0.00000 -0.00018 -0.00018
-0.52099 0.00000 -0.52099 -0.52099
0.12620 0.00000 0.12620 0.12620
