# avg	std	min	max
1.07897 0.00000 1.07897 1.07897
0.41363 0.00000 0.41363 0.41363
0.55890 0.00000 0.55890 0.55890
-0.02037 0.00000 -0.02037 -0.02037
0.03003 0.00000 0.03003 0.03003
-0.27719 0.00000 -0.27719 -0.27719
-0.13267 0.00000 -0.13267 -0.13267
0.21981 0.00000 0.21981 0.21981
2.57073 0.00000 2.57073 2.57073
0.36283 0.00000 0.36283 0.36283
1.03288 0.00000 1.03288 1.03288
0.95227 0.00000 0.95227 0.95227
-0.07596 0.00000 -0.07596 -0.07596
0.27258 0.00000 0.27258 0.27258
0.14899 0.00000 0.14899 0.14899
0.87536 0.00000 0.87536 0.87536
0.34308 0.00000 0.34308 0.34308
-0.06649 0.00000 -0.06649 -0.06649
-0.28173 0.00000 -0.28173 -0.28173
0.48568 0.00000 0.48568 0.48568
