# avg	std	min	max
0.85834 0.00000 0.85834 0.85834
0.17195 0.00000 0.17195 0.17195
0.49374 0.00000 0.49374 0.49374
0.02043 0.00000 0.02043 0.02043
0.03759 0.00000 0.03759 0.03759
-0.30907 0.00000 -0.30907 -0.30907
-0.22709 0.00000 -0.22709 -0.22709
-0.15278 0.00000 -0.15278 -0.15278
2.92504 0.00000 2.92504 2.92504
0.03085 0.00000 0.03085 0.03085
0.67120 0.00000 0.67120 0.67120
0.80551 0.00000 0.80551 0.80551
-0.13817 0.00000 -0.13817 -0.13817
0.09322 0.00000 0.09322 0.09322
-0.13824 0.00000 -0.13824 -0.13824
0.52432 0.00000 0.52432 0.52432
0.25590 0.00000 0.25590 0.25590
-0.01614 0.00000 -0.01614 -0.01614
-0.34223 0.00000 -0.34223 -0.34223
0.19778 0.00000 0.19778 0.19778
