# avg	std	min	max
1.01044 0.00000 1.01044 1.01044
0.22875 0.00000 0.22875 0.22875
0.55274 0.00000 0.55274 0.55274
0.09049 0.00000 0.09049 0.09049
0.09974 0.00000 0.09974 0.09974
-0.20506 0.00000 -0.20506 -0.20506
0.07437 0.00000 0.07437 0.07437
0.09019 0.00000 0.09019 0.09019
1.69775 0.00000 1.69775 1.69775
0.19495 0.00000 0.19495 0.19495
0.48815 0.00000 0.48815 0.48815
0.94780 0.00000 0.94780 0.94780
0.08219 0.00000 0.08219 0.08219
0.28863 0.00000 0.28863 0.28863
0.07280 0.00000 0.07280 0.07280
0.67656 0.00000 0.67656 0.67656
0.35774 0.00000 0.35774 0.35774
-0.00246 0.00000 -0.00246 -0.00246
-0.23219 0.00000 -0.23219 -0.23219
0.33490 0.00000 0.33490 0.33490
