# avg	std	min	max
0.98046 0.00000 0.98046 0.98046
0.22184 0.00000 0.22184 0.22184
0.59312 0.00000 0.59312 0.59312
0.07890 0.00000 0.07890 0.07890
0.08511 0.00000 0.08511 0.08511
-0.36180 0.00000 -0.36180 -0.36180
0.02531 0.00000 0.02531 0.02531
-0.03601 0.00000 -0.03601 -0.03601
2.27591 0.00000 2.27591 2.27591
0.43375 0.00000 0.43375 0.43375
0.79061 0.00000 0.79061 0.79061
0.89649 0.00000 0.89649 0.89649
0.06143 0.00000 0.06143 0.06143
0.22778 0.00000 0.22778 0.22778
-0.06812 0.00000 -0.06812 -0.06812
0.68423 0.00000 0.68423 0.68423
0.29445 0.00000 0.29445 0.29445
-0.01414 0.00000 -0.01414 -0.01414
-0.37378 0.00000 -0.37378 -0.37378
0.36752 0.00000 0.36752 0.36752
