# avg	std	min	max
0.75235 0.00000 0.75235 0.75235
0.11972 0.00000 0.11972 0.11972
0.13057 0.00000 0.13057 0.13057
-0.27086 0.00000 -0.27086 -0.27086
-0.11757 0.00000 -0.11757 -0.11757
0.06885 0.00000 0.06885 0.06885
-1.45880 0.00000 -1.45880 -1.45880
-0.44245 0.00000 -0.44245 -0.44245
-0.47867 0.00000 -0.47867 -0.47867
0.62678 0.00000 0.62678 0.62678
0.13794 0.00000 0.13794 0.13794
0.34503 0.00000 0.34503 0.34503
-1.14485 0.00000 -1.14485 -1.14485
-0.00458 0.00000 -0.00458 -0.00458
-0.28867 0.00000 -0.28867 -0.28867
-1.26551 0.00000 -1.26551 -1.26551
-1.66905 0.00000 -1.66905 -1.66905
-0.01437 0.00000 -0.01437 -0.01437
0.31500 0.00000 0.31500 0.31500
0.45860 0.00000 0.45860 0.45860
