# avg	std	min	max
3.25328 0.00000 3.25328 3.25328
1.92229 0.00000 1.92229 1.92229
0.10160 0.00000 0.10160 0.10160
-0.76055 0.00000 -0.76055 -0.76055
0.19057 0.00000 0.19057 0.19057
-0.53983 0.00000 -0.53983 -0.53983
-1.09689 0.00000 -1.09689 -1.09689
0.60372 0.00000 0.60372 0.60372
2.48202 0.00000 2.48202 2.48202
3.15618 0.00000 3.15618 3.15618
1.45604 0.00000 1.45604 1.45604
1.46621 0.00000 1.46621 1.46621
-0.43902 0.00000 -0.43902 -0.43902
2.24474 0.00000 2.24474 2.24474
1.26698 0.00000 1.26698 1.26698
3.52423 0.00000 3.52423 3.52423
3.59015 0.00000 3.59015 3.59015
0.01420 0.00000 0.01420 0.01420
0.09639 0.00000 0.09639 0.09639
1.61832 0.00000 1.61832 1.61832
