# avg	std	min	max
2.37180 0.00000 2.37180 2.37180
0.91251 0.00000 0.91251 0.91251
0.85949 0.00000 0.85949 0.85949
-0.80233 0.00000 -0.80233 -0.80233
0.27022 0.00000 0.27022 0.27022
-1.05090 0.00000 -1.05090 -1.05090
-0.64222 0.00000 -0.64222 -0.64222
-0.56985 0.00000 -0.56985 -0.56985
4.48172 0.00000 4.48172 4.48172
1.40785 0.00000 1.40785 1.40785
1.75309 0.00000 1.75309 1.75309
1.23346 0.00000 1.23346 1.23346
-0.28386 0.00000 -0.28386 -0.28386
0.86078 0.00000 0.86078 0.86078
0.70749 0.00000 0.70749 0.70749
2.72996 0.00000 2.72996 2.72996
1.80442 0.00000 1.80442 1.80442
0.01607 0.00000 0.01607 0.01607
-0.03644 0.00000 -0.03644 -0.03644
0.79289 0.00000 0.79289 0.79289
