# avg	std	min	max
1.41091 0.00000 1.41091 1.41091
0.66869 0.00000 0.66869 0.66869
1.22161 0.00000 1.22161 1.22161
0.49954 0.00000 0.49954 0.49954
0.67010 0.00000 0.67010 0.67010
0.08827 0.00000 0.08827 0.08827
0.52532 0.00000 0.52532 0.52532
-0.54542 0.00000 -0.54542 -0.54542
3.74162 0.00000 3.74162 3.74162
0.61577 0.00000 0.61577 0.61577
1.22161 0.00000 1.22161 1.22161
1.41209 0.00000 1.41209 1.41209
0.48489 0.00000 0.48489 0.48489
0.73576 0.00000 0.73576 0.73576
0.61240 0.00000 0.61240 0.61240
1.15389 0.00000 1.15389 1.15389
0.76952 0.00000 0.76952 0.76952
-0.00095 0.00000 -0.00095 -0.00095
-0.08555 0.00000 -0.08555 -0.08555
1.07570 0.00000 1.07570 1.07570
