# avg	std	min	max
0.92233 0.00000 0.92233 0.92233
0.03509 0.00000 0.03509 0.03509
1.80405 0.00000 1.80405 1.80405
-0.20355 0.00000 -0.20355 -0.20355
1.27964 0.00000 1.27964 1.27964
-0.40843 0.00000 -0.40843 -0.40843
-0.36117 0.00000 -0.36117 -0.36117
-0.16949 0.00000 -0.16949 -0.16949
2.73844 0.00000 2.73844 2.73844
0.27712 0.00000 0.27712 0.27712
0.98672 0.00000 0.98672 0.98672
0.90030 0.00000 0.90030 0.90030
-0.30536 0.00000 -0.30536 -0.30536
-0.08992 0.00000 -0.08992 -0.08992
0.05227 0.00000 0.05227 0.05227
0.71617 0.00000 0.71617 0.71617
0.36934 0.00000 0.36934 0.36934
-0.00529 0.00000 -0.00529 -0.00529
-0.28676 0.00000 -0.28676 -0.28676
0.59880 0.00000 0.59880 0.59880
