# avg	std	min	max
1.21847 0.00000 1.21847 1.21847
0.48061 0.00000 0.48061 0.48061
0.82878 0.00000 0.82878 0.82878
0.05952 0.00000 0.05952 0.05952
0.09334 0.00000 0.09334 0.09334
-0.01897 0.00000 -0.01897 -0.01897
-0.09398 0.00000 -0.09398 -0.09398
0.41759 0.00000 0.41759 0.41759
0.07771 0.00000 0.07771 0.07771
0.35005 0.00000 0.35005 0.35005
0.21317 0.00000 0.21317 0.21317
1.06597 0.00000 1.06597 1.06597
0.07381 0.00000 0.07381 0.07381
0.77060 0.00000 0.77060 0.77060
0.25321 0.00000 0.25321 0.25321
0.86432 0.00000 0.86432 0.86432
0.35454 0.00000 0.35454 0.35454
-0.02661 0.00000 -0.02661 -0.02661
-0.02774 0.00000 -0.02774 -0.02774
0.85574 0.00000 0.85574 0.85574
