# avg	std	min	max
1.24513 0.00000 1.24513 1.24513
0.20548 0.00000 0.20548 0.20548
0.29904 0.00000 0.29904 0.29904
-0.74933 0.00000 -0.74933 -0.74933
-0.51201 0.00000 -0.51201 -0.51201
-0.68938 0.00000 -0.68938 -0.68938
-0.69923 0.00000 -0.69923 -0.69923
-0.40039 0.00000 -0.40039 -0.40039
3.91423 0.00000 3.91423 3.91423
0.30611 0.00000 0.30611 0.30611
0.77230 0.00000 0.77230 0.77230
0.75413 0.00000 0.75413 0.75413
-0.63224 0.00000 -0.63224 -0.63224
0.08087 0.00000 0.08087 0.08087
0.16906 0.00000 0.16906 0.16906
-0.38483 0.00000 -0.38483 -0.38483
-0.48803 0.00000 -0.48803 -0.48803
-0.01466 0.00000 -0.01466 -0.01466
0.34551 0.00000 0.34551 0.34551
-0.11927 0.00000 -0.11927 -0.11927
