# avg	std	min	max
0.75693 0.00000 0.75693 0.75693
-0.08053 0.00000 -0.08053 -0.08053
0.48780 0.00000 0.48780 0.48780
-0.27758 0.00000 -0.27758 -0.27758
-0.23897 0.00000 -0.23897 -0.23897
-0.27550 0.00000 -0.27550 -0.27550
-0.13353 0.00000 -0.13353 -0.13353
-0.18729 0.00000 -0.18729 -0.18729
3.28144 0.00000 3.28144 3.28144
0.26793 0.00000 0.26793 0.26793
0.72860 0.00000 0.72860 0.72860
0.89680 0.00000 0.89680 0.89680
-0.36632 0.00000 -0.36632 -0.36632
0.79611 0.00000 0.79611 0.79611
-0.16822 0.00000 -0.16822 -0.16822
0.56322 0.00000 0.56322 0.56322
0.07222 0.00000 0.07222 0.07222
-0.01861 0.00000 -0.01861 -0.01861
0.16845 0.00000 0.16845 0.16845
0.70066 0.00000 0.70066 0.70066
