# avg	std	min	max
0.85461 0.00000 0.85461 0.85461
0.49729 0.00000 0.49729 0.49729
0.81495 0.00000 0.81495 0.81495
0.53161 0.00000 0.53161 0.53161
0.67236 0.00000 0.67236 0.67236
0.49436 0.00000 0.49436 0.49436
0.70375 0.00000 0.70375 0.70375
0.84795 0.00000 0.84795 0.84795
-1.11397 0.00000 -1.11397 -1.11397
0.80784 0.00000 0.80784 0.80784
0.81192 0.00000 0.81192 0.81192
0.95868 0.00000 0.95868 0.95868
0.72304 0.00000 0.72304 0.72304
0.64414 0.00000 0.64414 0.64414
0.27356 0.00000 0.27356 0.27356
0.77174 0.00000 0.77174 0.77174
0.37120 0.00000 0.37120 0.37120
-0.01069 0.00000 -0.01069 -0.01069
-0.23584 0.00000 -0.23584 -0.23584
0.86016 0.00000 0.86016 0.86016
