# avg	std	min	max
0.41183 0.00000 0.41183 0.41183
0.00786 0.00000 0.00786 0.00786
0.28942 0.00000 0.28942 0.28942
-0.09619 0.00000 -0.09619 -0.09619
0.09079 0.00000 0.09079 0.09079
-0.24207 0.00000 -0.24207 -0.24207
-0.04142 0.00000 -0.04142 -0.04142
-0.02863 0.00000 -0.02863 -0.02863
-1.13551 0.00000 -1.13551 -1.13551
0.29804 0.00000 0.29804 0.29804
0.22357 0.00000 0.22357 0.22357
0.53202 0.00000 0.53202 0.53202
0.03365 0.00000 0.03365 0.03365
0.36446 0.00000 0.36446 0.36446
-0.36673 0.00000 -0.36673 -0.36673
0.13888 0.00000 0.13888 0.13888
-0.02085 0.00000 -0.02085 -0.02085
-0.05332 0.00000 -0.05332 -0.05332
0.07129 0.00000 0.07129 0.07129
0.51962 0.00000 0.51962 0.51962
