# avg	std	min	max
2.02569 0.00000 2.02569 2.02569
0.97018 0.00000 0.97018 0.97018
0.48600 0.00000 0.48600 0.48600
-0.00987 0.00000 -0.00987 -0.00987
-0.11236 0.00000 -0.11236 -0.11236
-0.59430 0.00000 -0.59430 -0.59430
0.58017 0.00000 0.58017 0.58017
0.34801 0.00000 0.34801 0.34801
3.89325 0.00000 3.89325 3.89325
1.85656 0.00000 1.85656 1.85656
1.35894 0.00000 1.35894 1.35894
1.39655 0.00000 1.39655 1.39655
0.75715 0.00000 0.75715 0.75715
0.35002 0.00000 0.35002 0.35002
0.18046 0.00000 0.18046 0.18046
1.59384 0.00000 1.59384 1.59384
1.01709 0.00000 1.01709 1.01709
-0.00495 0.00000 -0.00495 -0.00495
0.51864 0.00000 0.51864 0.51864
0.86726 0.00000 0.86726 0.86726
