# avg	std	min	max
1.39060 0.00000 1.39060 1.39060
0.44155 0.00000 0.44155 0.44155
0.69858 0.00000 0.69858 0.69858
-0.72817 0.00000 -0.72817 -0.72817
-0.04155 0.00000 -0.04155 -0.04155
-0.89646 0.00000 -0.89646 -0.89646
-1.18793 0.00000 -1.18793 -1.18793
-0.22904 0.00000 -0.22904 -0.22904
6.12282 0.00000 6.12282 6.12282
0.86646 0.00000 0.86646 0.86646
1.42855 0.00000 1.42855 1.42855
1.14602 0.00000 1.14602 1.14602
-0.23489 0.00000 -0.23489 -0.23489
1.27302 0.00000 1.27302 1.27302
0.58497 0.00000 0.58497 0.58497
1.21889 0.00000 1.21889 1.21889
0.37660 0.00000 0.37660 0.37660
-0.00130 0.00000 -0.00130 -0.00130
0.24614 0.00000 0.24614 0.24614
1.17766 0.00000 1.17766 1.17766
