# avg	std	min	max
1.56809 0.00000 1.56809 1.56809
1.04097 0.00000 1.04097 1.04097
0.49636 0.00000 0.49636 0.49636
-0.78554 0.00000 -0.78554 -0.78554
0.02442 0.00000 0.02442 0.02442
0.30666 0.00000 0.30666 0.30666
-0.51628 0.00000 -0.51628 -0.51628
0.33652 0.00000 0.33652 0.33652
4.32364 0.00000 4.32364 4.32364
1.03106 0.00000 1.03106 1.03106
1.55871 0.00000 1.55871 1.55871
0.60086 0.00000 0.60086 0.60086
-0.21977 0.00000 -0.21977 -0.21977
0.93839 0.00000 0.93839 0.93839
-0.03023 0.00000 -0.03023 -0.03023
1.45230 0.00000 1.45230 1.45230
1.20117 0.00000 1.20117 1.20117
-0.00841 0.00000 -0.00841 -0.00841
0.06516 0.00000 0.06516 0.06516
0.30844 0.00000 0.30844 0.30844
