# avg	std	min	max
4.82066 0.00000 4.82066 4.82066
3.23799 0.00000 3.23799 3.23799
1.41962 0.00000 1.41962 1.41962
-0.04882 0.00000 -0.04882 -0.04882
1.07858 0.00000 1.07858 1.07858
0.19578 0.00000 0.19578 0.19578
-0.35664 0.00000 -0.35664 -0.35664
2.97347 0.00000 2.97347 2.97347
2.49232 0.00000 2.49232 2.49232
4.61246 0.00000 4.61246 4.61246
3.28357 0.00000 3.28357 3.28357
3.16882 0.00000 3.16882 3.16882
2.42759 0.00000 2.42759 2.42759
3.51918 0.00000 3.51918 3.51918
2.78207 0.00000 2.78207 2.78207
5.16851 0.00000 5.16851 5.16851
4.62699 0.00000 4.62699 4.62699
2.79509 0.00000 2.79509 2.79509
5.32155 0.00000 5.32155 5.32155
2.03098 0.00000 2.03098 2.03098
