# avg	std	min	max
3.69449 0.00000 3.69449 3.69449
2.73210 0.00000 2.73210 2.73210
1.69703 0.00000 1.69703 1.69703
-0.11623 0.00000 -0.11623 -0.11623
0.64898 0.00000 0.64898 0.64898
0.35431 0.00000 0.35431 0.35431
8.58153 0.00000 8.58153 8.58153
9.65805 0.00000 9.65805 9.65805
3.23033 0.00000 3.23033 3.23033
2.88624 0.00000 2.88624 2.88624
1.50458 0.00000 1.50458 1.50458
2.71822 0.00000 2.71822 2.71822
5.80695 0.00000 5.80695 5.80695
3.16849 0.00000 3.16849 3.16849
2.79729 0.00000 2.79729 2.79729
5.60948 0.00000 5.60948 5.60948
4.69533 0.00000 4.69533 4.69533
2.30945 0.00000 2.30945 2.30945
2.47502 0.00000 2.47502 2.47502
7.47109 0.00000 7.47109 7.47109
