# avg	std	min	max
5.54328 0.00000 5.54328 5.54328
3.38571 0.00000 3.38571 3.38571
2.79861 0.00000 2.79861 2.79861
-0.00646 0.00000 -0.00646 -0.00646
2.06943 0.00000 2.06943 2.06943
1.04738 0.00000 1.04738 1.04738
5.73732 0.00000 5.73732 5.73732
5.97758 0.00000 5.97758 5.97758
7.65386 0.00000 7.65386 7.65386
4.51023 0.00000 4.51023 4.51023
4.02903 0.00000 4.02903 4.02903
3.44185 0.00000 3.44185 3.44185
9.31225 0.00000 9.31225 9.31225
3.56668 0.00000 3.56668 3.56668
4.26481 0.00000 4.26481 4.26481
5.51022 0.00000 5.51022 5.51022
5.21145 0.00000 5.21145 5.21145
6.15055 0.00000 6.15055 6.15055
8.31353 0.00000 8.31353 8.31353
7.63222 0.00000 7.63222 7.63222
