# avg	std	min	max
5.33171 0.00000 5.33171 5.33171
3.48129 0.00000 3.48129 3.48129
3.41512 0.00000 3.41512 3.41512
-0.01464 0.00000 -0.01464 -0.01464
2.03913 0.00000 2.03913 2.03913
-0.02435 0.00000 -0.02435 -0.02435
-0.06692 0.00000 -0.06692 -0.06692
9.61026 0.00000 9.61026 9.61026
6.69488 0.00000 6.69488 6.69488
4.08190 0.00000 4.08190 4.08190
2.86794 0.00000 2.86794 2.86794
3.57618 0.00000 3.57618 3.57618
2.72139 0.00000 2.72139 2.72139
3.15611 0.00000 3.15611 3.15611
3.56516 0.00000 3.56516 3.56516
4.90253 0.00000 4.90253 4.90253
4.25288 0.00000 4.25288 4.25288
3.18501 0.00000 3.18501 3.18501
5.14058 0.00000 5.14058 5.14058
1.85999 0.00000 1.85999 1.85999
