# avg	std	min	max
5.51165 0.00000 5.51165 5.51165
4.29889 0.00000 4.29889 4.29889
0.87470 0.00000 0.87470 0.87470
-0.01424 0.00000 -0.01424 -0.01424
0.49339 0.00000 0.49339 0.49339
0.05222 0.00000 0.05222 0.05222
1.74358 0.00000 1.74358 1.74358
3.39971 0.00000 3.39971 3.39971
7.02982 0.00000 7.02982 7.02982
4.55162 0.00000 4.55162 4.55162
2.58919 0.00000 2.58919 2.58919
3.36093 0.00000 3.36093 3.36093
7.37812 0.00000 7.37812 7.37812
3.92787 0.00000 3.92787 3.92787
3.05199 0.00000 3.05199 3.05199
5.87095 0.00000 5.87095 5.87095
4.74717 0.00000 4.74717 4.74717
2.57293 0.00000 2.57293 2.57293
3.56636 0.00000 3.56636 3.56636
1.86879 0.00000 1.86879 1.86879
