# avg	std	min	max
2.70223 0.00000 2.70223 2.70223
1.75039 0.00000 1.75039 1.75039
1.94481 0.00000 1.94481 1.94481
-0.01903 0.00000 -0.01903 -0.01903
2.85901 0.00000 2.85901 2.85901
0.52876 0.00000 0.52876 0.52876
0.27791 0.00000 0.27791 0.27791
-0.29988 0.00000 -0.29988 -0.29988
3.79543 0.00000 3.79543 3.79543
2.55323 0.00000 2.55323 2.55323
2.10273 0.00000 2.10273 2.10273
1.88156 0.00000 1.88156 1.88156
-0.75600 0.00000 -0.75600 -0.75600
2.26816 0.00000 2.26816 2.26816
1.62126 0.00000 1.62126 1.62126
3.77783 0.00000 3.77783 3.77783
2.34624 0.00000 2.34624 2.34624
1.43316 0.00000 1.43316 1.43316
0.92675 0.00000 0.92675 0.92675
2.48770 0.00000 2.48770 2.48770
