# avg	std	min	max
4.95633 0.00000 4.95633 4.95633
3.58602 0.00000 3.58602 3.58602
2.73334 0.00000 2.73334 2.73334
-0.00227 0.00000 -0.00227 -0.00227
1.38804 0.00000 1.38804 1.38804
0.40294 0.00000 0.40294 0.40294
3.69481 0.00000 3.69481 3.69481
9.34254 0.00000 9.34254 9.34254
5.19464 0.00000 5.19464 5.19464
4.69104 0.00000 4.69104 4.69104
4.06551 0.00000 4.06551 4.06551
3.27223 0.00000 3.27223 3.27223
7.11028 0.00000 7.11028 7.11028
3.46973 0.00000 3.46973 3.46973
3.07692 0.00000 3.07692 3.07692
5.69534 0.00000 5.69534 5.69534
5.25193 0.00000 5.25193 5.25193
4.18481 0.00000 4.18481 4.18481
6.14219 0.00000 6.14219 6.14219
4.44574 0.00000 4.44574 4.44574
