# avg	std	min	max
1.20862 0.00000 1.20862 1.20862
0.84271 0.00000 0.84271 0.84271
1.09591 0.00000 1.09591 1.09591
-0.00064 0.00000 -0.00064 -0.00064
0.73301 0.00000 0.73301 0.73301
0.14236 0.00000 0.14236 0.14236
0.80436 0.00000 0.80436 0.80436
1.02756 0.00000 1.02756 1.02756
4.35385 0.00000 4.35385 4.35385
0.85798 0.00000 0.85798 0.85798
0.89531 0.00000 0.89531 0.89531
1.03398 0.00000 1.03398 1.03398
0.58673 0.00000 0.58673 0.58673
0.64599 0.00000 0.64599 0.64599
0.64607 0.00000 0.64607 0.64607
1.32791 0.00000 1.32791 1.32791
0.83539 0.00000 0.83539 0.83539
-0.08200 0.00000 -0.08200 -0.08200
0.00497 0.00000 0.00497 0.00497
0.45622 0.00000 0.45622 0.45622
