# avg	std	min	max
4.44844 0.00000 4.44844 4.44844
3.10025 0.00000 3.10025 3.10025
3.15594 0.00000 3.15594 3.15594
-0.08337 0.00000 -0.08337 -0.08337
3.55251 0.00000 3.55251 3.55251
0.32580 0.00000 0.32580 0.32580
1.94340 0.00000 1.94340 1.94340
3.54755 0.00000 3.54755 3.54755
6.57254 0.00000 6.57254 6.57254
3.01399 0.00000 3.01399 3.01399
1.93567 0.00000 1.93567 1.93567
3.26579 0.00000 3.26579 3.26579
6.28393 0.00000 6.28393 6.28393
3.24853 0.00000 3.24853 3.24853
3.31430 0.00000 3.31430 3.31430
5.85776 0.00000 5.85776 5.85776
5.11720 0.00000 5.11720 5.11720
2.67777 0.00000 2.67777 2.67777
3.80261 0.00000 3.80261 3.80261
3.01002 0.00000 3.01002 3.01002
