# avg	std	min	max
1.84734 0.00000 1.84734 1.84734
1.07501 0.00000 1.07501 1.07501
1.21601 0.00000 1.21601 1.21601
0.00045 0.00000 0.00045 0.00045
0.02704 0.00000 0.02704 0.02704
-0.68608 0.00000 -0.68608 -0.68608
-0.09496 0.00000 -0.09496 -0.09496
-0.08122 0.00000 -0.08122 -0.08122
3.75229 0.00000 3.75229 3.75229
1.07682 0.00000 1.07682 1.07682
1.48273 0.00000 1.48273 1.48273
1.67581 0.00000 1.67581 1.67581
0.01575 0.00000 0.01575 0.01575
0.94418 0.00000 0.94418 0.94418
0.63539 0.00000 0.63539 0.63539
1.38298 0.00000 1.38298 1.38298
1.03622 0.00000 1.03622 1.03622
-0.07002 0.00000 -0.07002 -0.07002
0.45515 0.00000 0.45515 0.45515
0.91932 0.00000 0.91932 0.91932
