# avg	std	min	max
1.22746 0.00000 1.22746 1.22746
0.30692 0.00000 0.30692 0.30692
0.56054 0.00000 0.56054 0.56054
-0.01419 0.00000 -0.01419 -0.01419
-0.06183 0.00000 -0.06183 -0.06183
-0.83729 0.00000 -0.83729 -0.83729
-0.18127 0.00000 -0.18127 -0.18127
-0.31526 0.00000 -0.31526 -0.31526
2.74664 0.00000 2.74664 2.74664
0.30281 0.00000 0.30281 0.30281
0.96663 0.00000 0.96663 0.96663
1.05063 0.00000 1.05063 1.05063
-0.11652 0.00000 -0.11652 -0.11652
0.51753 0.00000 0.51753 0.51753
0.27908 0.00000 0.27908 0.27908
0.88832 0.00000 0.88832 0.88832
0.35561 0.00000 0.35561 0.35561
-0.15595 0.00000 -0.15595 -0.15595
0.13472 0.00000 0.13472 0.13472
0.67608 0.00000 0.67608 0.67608
