# avg	std	min	max
0.02150 0.00000 0.02150 0.02150
0.07477 0.00000 0.07477 0.07477
0.91416 0.00000 0.91416 0.91416
-0.00275 0.00000 -0.00275 -0.00275
0.39364 0.00000 0.39364 0.39364
1.34539 0.00000 1.34539 1.34539
-0.30957 0.00000 -0.30957 -0.30957
-0.03924 0.00000 -0.03924 -0.03924
3.25173 0.00000 3.25173 3.25173
0.04031 0.00000 0.04031 0.04031
0.37041 0.00000 0.37041 0.37041
0.15043 0.00000 0.15043 0.15043
-0.26860 0.00000 -0.26860 -0.26860
0.14390 0.00000 0.14390 0.14390
0.26138 0.00000 0.26138 0.26138
-0.01923 0.00000 -0.01923 -0.01923
0.02340 0.00000 0.02340 0.02340
0.02876 0.00000 0.02876 0.02876
0.31610 0.00000 0.31610 0.31610
-0.00593 0.00000 -0.00593 -0.00593
