# avg	std	min	max
0.15009 0.00000 0.15009 0.15009
0.21284 0.00000 0.21284 0.21284
0.14542 0.00000 0.14542 0.14542
0.00001 0.00000 0.00001 0.00001
-0.02552 0.00000 -0.02552 -0.02552
-0.13618 0.00000 -0.13618 -0.13618
-0.24631 0.00000 -0.24631 -0.24631
-0.30941 0.00000 -0.30941 -0.30941
0.09763 0.00000 0.09763 0.09763
0.44478 0.00000 0.44478 0.44478
0.05234 0.00000 0.05234 0.05234
0.08669 0.00000 0.08669 0.08669
-0.22843 0.00000 -0.22843 -0.22843
-0.05033 0.00000 -0.05033 -0.05033
-0.15062 0.00000 -0.15062 -0.15062
-0.21543 0.00000 -0.21543 -0.21543
-0.08104 0.00000 -0.08104 -0.08104
-0.08797 0.00000 -0.08797 -0.08797
-0.14299 0.00000 -0.14299 -0.14299
-0.02675 0.00000 -0.02675 -0.02675
