# avg	std	min	max
2.47649 0.00000 2.47649 2.47649
1.46179 0.00000 1.46179 1.46179
1.57498 0.00000 1.57498 1.57498
0.00037 0.00000 0.00037 0.00037
0.91295 0.00000 0.91295 0.91295
-0.30718 0.00000 -0.30718 -0.30718
-0.47984 0.00000 -0.47984 -0.47984
-0.65968 0.00000 -0.65968 -0.65968
2.69634 0.00000 2.69634 2.69634
1.93106 0.00000 1.93106 1.93106
1.88564 0.00000 1.88564 1.88564
1.96022 0.00000 1.96022 1.96022
-0.36249 0.00000 -0.36249 -0.36249
1.45933 0.00000 1.45933 1.45933
0.82656 0.00000 0.82656 0.82656
2.08162 0.00000 2.08162 2.08162
2.07349 0.00000 2.07349 2.07349
1.27482 0.00000 1.27482 1.27482
-0.15959 0.00000 -0.15959 -0.15959
1.07090 0.00000 1.07090 1.07090
