# avg	std	min	max
1.30472 0.00000 1.30472 1.30472
0.70060 0.00000 0.70060 0.70060
0.94680 0.00000 0.94680 0.94680
-0.00204 0.00000 -0.00204 -0.00204
0.55920 0.00000 0.55920 0.55920
-0.43294 0.00000 -0.43294 -0.43294
-0.33767 0.00000 -0.33767 -0.33767
-0.21122 0.00000 -0.21122 -0.21122
-1.02331 0.00000 -1.02331 -1.02331
0.83745 0.00000 0.83745 0.83745
0.83249 0.00000 0.83249 0.83249
1.28564 0.00000 1.28564 1.28564
-0.10652 0.00000 -0.10652 -0.10652
1.36107 0.00000 1.36107 1.36107
0.18083 0.00000 0.18083 0.18083
1.21138 0.00000 1.21138 1.21138
0.90781 0.00000 0.90781 0.90781
0.61773 0.00000 0.61773 0.61773
0.38785 0.00000 0.38785 0.38785
1.22619 0.00000 1.22619 1.22619
