# avg	std	min	max
1.03333 0.00000 1.03333 1.03333
0.23923 0.00000 0.23923 0.23923
0.70631 0.00000 0.70631 0.70631
0.00298 0.00000 0.00298 0.00298
0.16148 0.00000 0.16148 0.16148
-0.04658 0.00000 -0.04658 -0.04658
0.11240 0.00000 0.11240 0.11240
0.08748 0.00000 0.08748 0.08748
3.41192 0.00000 3.41192 3.41192
0.81693 0.00000 0.81693 0.81693
0.87767 0.00000 0.87767 0.87767
0.98301 0.00000 0.98301 0.98301
0.23173 0.00000 0.23173 0.23173
0.26306 0.00000 0.26306 0.26306
-0.04531 0.00000 -0.04531 -0.04531
0.73342 0.00000 0.73342 0.73342
0.45466 0.00000 0.45466 0.45466
0.16099 0.00000 0.16099 0.16099
0.31035 0.00000 0.31035 0.31035
0.24888 0.00000 0.24888 0.24888
