# avg	std	min	max
3.47026 0.00000 3.47026 3.47026
2.12030 0.00000 2.12030 2.12030
1.40582 0.00000 1.40582 1.40582
-0.01167 0.00000 -0.01167 -0.01167
1.37077 0.00000 1.37077 1.37077
-0.01573 0.00000 -0.01573 -0.01573
-0.04859 0.00000 -0.04859 -0.04859
0.48394 0.00000 0.48394 0.48394
7.62403 0.00000 7.62403 7.62403
2.73146 0.00000 2.73146 2.73146
2.27655 0.00000 2.27655 2.27655
2.17456 0.00000 2.17456 2.17456
0.78040 0.00000 0.78040 0.78040
3.25086 0.00000 3.25086 3.25086
2.30259 0.00000 2.30259 2.30259
3.95076 0.00000 3.95076 3.95076
2.41375 0.00000 2.41375 2.41375
1.75906 0.00000 1.75906 1.75906
2.09070 0.00000 2.09070 2.09070
1.49201 0.00000 1.49201 1.49201
