# avg	std	min	max
2.29317 0.00000 2.29317 2.29317
1.20209 0.00000 1.20209 1.20209
1.72352 0.00000 1.72352 1.72352
-0.00834 0.00000 -0.00834 -0.00834
0.26274 0.00000 0.26274 0.26274
0.23491 0.00000 0.23491 0.23491
1.26825 0.00000 1.26825 1.26825
1.26720 0.00000 1.26720 1.26720
5.38184 0.00000 5.38184 5.38184
1.45923 0.00000 1.45923 1.45923
1.38043 0.00000 1.38043 1.38043
1.79707 0.00000 1.79707 1.79707
1.46718 0.00000 1.46718 1.46718
0.62452 0.00000 0.62452 0.62452
1.45309 0.00000 1.45309 1.45309
2.36863 0.00000 2.36863 2.36863
1.51366 0.00000 1.51366 1.51366
0.93883 0.00000 0.93883 0.93883
1.37460 0.00000 1.37460 1.37460
1.95485 0.00000 1.95485 1.95485
