# avg	std	min	max
1.20303 0.00000 1.20303 1.20303
0.42635 0.00000 0.42635 0.42635
0.70502 0.00000 0.70502 0.70502
0.00000 0.00000 0.00000 0.00000
0.06122 0.00000 0.06122 0.06122
-0.05140 0.00000 -0.05140 -0.05140
-0.19692 0.00000 -0.19692 -0.19692
-0.12638 0.00000 -0.12638 -0.12638
2.25748 0.00000 2.25748 2.25748
0.59552 0.00000 0.59552 0.59552
0.41756 0.00000 0.41756 0.41756
1.12621 0.00000 1.12621 1.12621
-0.12669 0.00000 -0.12669 -0.12669
0.69335 0.00000 0.69335 0.69335
0.37807 0.00000 0.37807 0.37807
0.85380 0.00000 0.85380 0.85380
0.61524 0.00000 0.61524 0.61524
0.15841 0.00000 0.15841 0.15841
-0.11965 0.00000 -0.11965 -0.11965
0.58716 0.00000 0.58716 0.58716
