# avg	std	min	max
3.36324 0.00000 3.36324 3.36324
1.90717 0.00000 1.90717 1.90717
2.85420 0.00000 2.85420 2.85420
-0.00210 0.00000 -0.00210 -0.00210
2.99261 0.00000 2.99261 2.99261
-0.53954 0.00000 -0.53954 -0.53954
0.99027 0.00000 0.99027 0.99027
1.68151 0.00000 1.68151 1.68151
4.74947 0.00000 4.74947 4.74947
2.40070 0.00000 2.40070 2.40070
2.04091 0.00000 2.04091 2.04091
2.54779 0.00000 2.54779 2.54779
1.23783 0.00000 1.23783 1.23783
2.13632 0.00000 2.13632 2.13632
2.23431 0.00000 2.23431 2.23431
3.75643 0.00000 3.75643 3.75643
2.88200 0.00000 2.88200 2.88200
1.91910 0.00000 1.91910 1.91910
1.72129 0.00000 1.72129 1.72129
1.77953 0.00000 1.77953 1.77953
