# avg	std	min	max
3.31991 0.00000 3.31991 3.31991
2.06614 0.00000 2.06614 2.06614
2.66439 0.00000 2.66439 2.66439
-0.04507 0.00000 -0.04507 -0.04507
1.81399 0.00000 1.81399 1.81399
0.04100 0.00000 0.04100 0.04100
0.06188 0.00000 0.06188 0.06188
1.00126 0.00000 1.00126 1.00126
8.81184 0.00000 8.81184 8.81184
2.29822 0.00000 2.29822 2.29822
2.15178 0.00000 2.15178 2.15178
2.39913 0.00000 2.39913 2.39913
1.24262 0.00000 1.24262 1.24262
2.48351 0.00000 2.48351 2.48351
1.94924 0.00000 1.94924 1.94924
3.60135 0.00000 3.60135 3.60135
2.41377 0.00000 2.41377 2.41377
1.44499 0.00000 1.44499 1.44499
1.93405 0.00000 1.93405 1.93405
2.16869 0.00000 2.16869 2.16869
