# avg	std	min	max
3.51110 0.00000 3.51110 3.51110
2.09185 0.00000 2.09185 2.09185
1.15144 0.00000 1.15144 1.15144
0.00223 0.00000 0.00223 0.00223
0.82833 0.00000 0.82833 0.82833
-0.70090 0.00000 -0.70090 -0.70090
0.58772 0.00000 0.58772 0.58772
1.07024 0.00000 1.07024 1.07024
5.46391 0.00000 5.46391 5.46391
2.45229 0.00000 2.45229 2.45229
2.14931 0.00000 2.14931 2.14931
2.54464 0.00000 2.54464 2.54464
1.21176 0.00000 1.21176 1.21176
2.01097 0.00000 2.01097 2.01097
1.90077 0.00000 1.90077 1.90077
2.96122 0.00000 2.96122 2.96122
2.24872 0.00000 2.24872 2.24872
1.70068 0.00000 1.70068 1.70068
1.65424 0.00000 1.65424 1.65424
1.65517 0.00000 1.65517 1.65517
