# avg	std	min	max
3.22759 0.00000 3.22759 3.22759
1.67679 0.00000 1.67679 1.67679
1.66137 0.00000 1.66137 1.66137
0.00046 0.00000 0.00046 0.00046
0.72187 0.00000 0.72187 0.72187
-0.28295 0.00000 -0.28295 -0.28295
0.54962 0.00000 0.54962 0.54962
1.25613 0.00000 1.25613 1.25613
5.30358 0.00000 5.30358 5.30358
1.99801 0.00000 1.99801 1.99801
1.44537 0.00000 1.44537 1.44537
2.29495 0.00000 2.29495 2.29495
0.57314 0.00000 0.57314 0.57314
1.63170 0.00000 1.63170 1.63170
1.81278 0.00000 1.81278 1.81278
2.92226 0.00000 2.92226 2.92226
2.17502 0.00000 2.17502 2.17502
1.27860 0.00000 1.27860 1.27860
1.26017 0.00000 1.26017 1.26017
1.53464 0.00000 1.53464 1.53464
