# avg	std	min	max
3.38588 0.00000 3.38588 3.38588
1.91372 0.00000 1.91372 1.91372
1.53628 0.00000 1.53628 1.53628
-0.04501 0.00000 -0.04501 -0.04501
0.71078 0.00000 0.71078 0.71078
0.02361 0.00000 0.02361 0.02361
0.24151 0.00000 0.24151 0.24151
0.54794 0.00000 0.54794 0.54794
4.61482 0.00000 4.61482 4.61482
3.29809 0.00000 3.29809 3.29809
2.63567 0.00000 2.63567 2.63567
2.56041 0.00000 2.56041 2.56041
0.22196 0.00000 0.22196 0.22196
1.98097 0.00000 1.98097 1.98097
1.85262 0.00000 1.85262 1.85262
3.66169 0.00000 3.66169 3.66169
2.93313 0.00000 2.93313 2.93313
1.40359 0.00000 1.40359 1.40359
1.42190 0.00000 1.42190 1.42190
1.15140 0.00000 1.15140 1.15140
