# avg	std	min	max
1.90477 0.00000 1.90477 1.90477
0.71941 0.00000 0.71941 0.71941
0.72188 0.00000 0.72188 0.72188
-0.01706 0.00000 -0.01706 -0.01706
0.01520 0.00000 0.01520 0.01520
-0.19603 0.00000 -0.19603 -0.19603
0.14827 0.00000 0.14827 0.14827
0.78014 0.00000 0.78014 0.78014
3.32835 0.00000 3.32835 3.32835
1.41280 0.00000 1.41280 1.41280
1.35848 0.00000 1.35848 1.35848
1.16814 0.00000 1.16814 1.16814
0.19955 0.00000 0.19955 0.19955
0.71459 0.00000 0.71459 0.71459
0.10065 0.00000 0.10065 0.10065
1.23290 0.00000 1.23290 1.23290
0.66625 0.00000 0.66625 0.66625
0.15798 0.00000 0.15798 0.15798
0.42780 0.00000 0.42780 0.42780
0.92869 0.00000 0.92869 0.92869
