# avg	std	min	max
3.11855 0.00000 3.11855 3.11855
2.09991 0.00000 2.09991 2.09991
1.92939 0.00000 1.92939 1.92939
0.00000 0.00000 0.00000 0.00000
0.52839 0.00000 0.52839 0.52839
0.03731 0.00000 0.03731 0.03731
0.90000 0.00000 0.90000 0.90000
1.27712 0.00000 1.27712 1.27712
6.80675 0.00000 6.80675 6.80675
2.60825 0.00000 2.60825 2.60825
2.81799 0.00000 2.81799 2.81799
2.33001 0.00000 2.33001 2.33001
1.12400 0.00000 1.12400 1.12400
2.33610 0.00000 2.33610 2.33610
1.50530 0.00000 1.50530 1.50530
3.24045 0.00000 3.24045 3.24045
2.15158 0.00000 2.15158 2.15158
0.31711 0.00000 0.31711 0.31711
0.61316 0.00000 0.61316 0.61316
1.65477 0.00000 1.65477 1.65477
