# avg	std	min	max
2.10780 0.00000 2.10780 2.10780
1.05280 0.00000 1.05280 1.05280
1.07417 0.00000 1.07417 1.07417
-0.02376 0.00000 -0.02376 -0.02376
0.15118 0.00000 0.15118 0.15118
-0.53919 0.00000 -0.53919 -0.53919
-0.24447 0.00000 -0.24447 -0.24447
0.02462 0.00000 0.02462 0.02462
4.41982 0.00000 4.41982 4.41982
1.27815 0.00000 1.27815 1.27815
1.68360 0.00000 1.68360 1.68360
1.49197 0.00000 1.49197 1.49197
-0.03329 0.00000 -0.03329 -0.03329
0.80353 0.00000 0.80353 0.80353
0.96229 0.00000 0.96229 0.96229
1.67638 0.00000 1.67638 1.67638
0.84821 0.00000 0.84821 0.84821
0.42589 0.00000 0.42589 0.42589
0.77362 0.00000 0.77362 0.77362
0.64237 0.00000 0.64237 0.64237
