# avg	std	min	max
3.19951 0.00000 3.19951 3.19951
2.06892 0.00000 2.06892 2.06892
1.66797 0.00000 1.66797 1.66797
-0.02158 0.00000 -0.02158 -0.02158
0.44551 0.00000 0.44551 0.44551
0.00692 0.00000 0.00692 0.00692
2.92326 0.00000 2.92326 2.92326
0.50262 0.00000 0.50262 0.50262
4.65451 0.00000 4.65451 4.65451
2.26690 0.00000 2.26690 2.26690
2.33433 0.00000 2.33433 2.33433
2.24039 0.00000 2.24039 2.24039
3.57778 0.00000 3.57778 3.57778
3.17651 0.00000 3.17651 3.17651
2.25235 0.00000 2.25235 2.25235
4.11679 0.00000 4.11679 4.11679
2.89144 0.00000 2.89144 2.89144
1.43314 0.00000 1.43314 1.43314
1.81824 0.00000 1.81824 1.81824
3.14239 0.00000 3.14239 3.14239
