# avg	std	min	max
3.13998 0.00000 3.13998 3.13998
1.82295 0.00000 1.82295 1.82295
1.07260 0.00000 1.07260 1.07260
0.01207 0.00000 0.01207 0.01207
0.79917 0.00000 0.79917 0.79917
0.17903 0.00000 0.17903 0.17903
0.70347 0.00000 0.70347 0.70347
0.47973 0.00000 0.47973 0.47973
4.01182 0.00000 4.01182 4.01182
2.10549 0.00000 2.10549 2.10549
1.77548 0.00000 1.77548 1.77548
1.55688 0.00000 1.55688 1.55688
0.82986 0.00000 0.82986 0.82986
1.86063 0.00000 1.86063 1.86063
1.28456 0.00000 1.28456 1.28456
2.01926 0.00000 2.01926 2.01926
1.42578 0.00000 1.42578 1.42578
1.05378 0.00000 1.05378 1.05378
1.42928 0.00000 1.42928 1.42928
1.70436 0.00000 1.70436 1.70436
