# avg	std	min	max
2.69868 0.00000 2.69868 2.69868
1.57693 0.00000 1.57693 1.57693
1.75247 0.00000 1.75247 1.75247
-0.00297 0.00000 -0.00297 -0.00297
0.58524 0.00000 0.58524 0.58524
-0.55866 0.00000 -0.55866 -0.55866
1.68511 0.00000 1.68511 1.68511
1.79936 0.00000 1.79936 1.79936
4.39160 0.00000 4.39160 4.39160
1.87280 0.00000 1.87280 1.87280
1.84951 0.00000 1.84951 1.84951
1.98161 0.00000 1.98161 1.98161
1.77920 0.00000 1.77920 1.77920
1.71833 0.00000 1.71833 1.71833
1.67745 0.00000 1.67745 1.67745
2.41776 0.00000 2.41776 2.41776
1.34691 0.00000 1.34691 1.34691
1.43598 0.00000 1.43598 1.43598
1.95603 0.00000 1.95603 1.95603
2.24115 0.00000 2.24115 2.24115
