# avg	std	min	max
4.04711 0.00000 4.04711 4.04711
2.72532 0.00000 2.72532 2.72532
1.95540 0.00000 1.95540 1.95540
-0.00519 0.00000 -0.00519 -0.00519
0.48890 0.00000 0.48890 0.48890
-0.50235 0.00000 -0.50235 -0.50235
1.96525 0.00000 1.96525 1.96525
2.77337 0.00000 2.77337 2.77337
5.78411 0.00000 5.78411 5.78411
3.10466 0.00000 3.10466 3.10466
3.24094 0.00000 3.24094 3.24094
2.93078 0.00000 2.93078 2.93078
1.83943 0.00000 1.83943 1.83943
2.60518 0.00000 2.60518 2.60518
2.75733 0.00000 2.75733 2.75733
3.79814 0.00000 3.79814 3.79814
3.16842 0.00000 3.16842 3.16842
2.36769 0.00000 2.36769 2.36769
2.55939 0.00000 2.55939 2.55939
3.00964 0.00000 3.00964 3.00964
