# avg	std	min	max
0.94041 0.00000 0.94041 0.94041
0.21532 0.00000 0.21532 0.21532
0.53293 0.00000 0.53293 0.53293
-0.02569 0.00000 -0.02569 -0.02569
0.02307 0.00000 0.02307 0.02307
-0.47370 0.00000 -0.47370 -0.47370
0.15209 0.00000 0.15209 0.15209
0.22142 0.00000 0.22142 0.22142
2.34916 0.00000 2.34916 2.34916
0.45005 0.00000 0.45005 0.45005
0.67470 0.00000 0.67470 0.67470
0.51664 0.00000 0.51664 0.51664
0.24098 0.00000 0.24098 0.24098
0.21659 0.00000 0.21659 0.21659
-0.05830 0.00000 -0.05830 -0.05830
0.88716 0.00000 0.88716 0.88716
0.51935 0.00000 0.51935 0.51935
-0.07997 0.00000 -0.07997 -0.07997
-0.12549 0.00000 -0.12549 -0.12549
0.29533 0.00000 0.29533 0.29533
