# avg	std	min	max
3.19071 0.00000 3.19071 3.19071
2.12129 0.00000 2.12129 2.12129
1.39531 0.00000 1.39531 1.39531
-0.01183 0.00000 -0.01183 -0.01183
1.00652 0.00000 1.00652 1.00652
0.05688 0.00000 0.05688 0.05688
0.12177 0.00000 0.12177 0.12177
1.77688 0.00000 1.77688 1.77688
5.10355 0.00000 5.10355 5.10355
2.72394 0.00000 2.72394 2.72394
2.06044 0.00000 2.06044 2.06044
2.06339 0.00000 2.06339 2.06339
0.34099 0.00000 0.34099 0.34099
2.37866 0.00000 2.37866 2.37866
2.04248 0.00000 2.04248 2.04248
2.84901 0.00000 2.84901 2.84901
2.23589 0.00000 2.23589 2.23589
1.44240 0.00000 1.44240 1.44240
1.70076 0.00000 1.70076 1.70076
2.46741 0.00000 2.46741 2.46741
