# avg	std	min	max
1.77879 0.00000 1.77879 1.77879
0.89005 0.00000 0.89005 0.89005
0.79630 0.00000 0.79630 0.79630
0.00000 0.00000 0.00000 0.00000
0.17438 0.00000 0.17438 0.17438
-0.28548 0.00000 -0.28548 -0.28548
-1.03078 0.00000 -1.03078 -1.03078
-0.18571 0.00000 -0.18571 -0.18571
5.35040 0.00000 5.35040 5.35040
1.92151 0.00000 1.92151 1.92151
1.67917 0.00000 1.67917 1.67917
1.61377 0.00000 1.61377 1.61377
0.09524 0.00000 0.09524 0.09524
0.82665 0.00000 0.82665 0.82665
0.83661 0.00000 0.83661 0.83661
1.94841 0.00000 1.94841 1.94841
1.01267 0.00000 1.01267 1.01267
0.47509 0.00000 0.47509 0.47509
0.80226 0.00000 0.80226 0.80226
0.39645 0.00000 0.39645 0.39645
