# avg	std	min	max
4.67584 0.00000 4.67584 4.67584
3.40717 0.00000 3.40717 3.40717
2.19720 0.00000 2.19720 2.19720
-0.01332 0.00000 -0.01332 -0.01332
1.92007 0.00000 1.92007 1.92007
0.65566 0.00000 0.65566 0.65566
1.81978 0.00000 1.81978 1.81978
2.92694 0.00000 2.92694 2.92694
7.24824 0.00000 7.24824 7.24824
3.94242 0.00000 3.94242 3.94242
3.19308 0.00000 3.19308 3.19308
3.60523 0.00000 3.60523 3.60523
2.16240 0.00000 2.16240 2.16240
3.35328 0.00000 3.35328 3.35328
2.74360 0.00000 2.74360 2.74360
5.33352 0.00000 5.33352 5.33352
4.47535 0.00000 4.47535 4.47535
1.90388 0.00000 1.90388 1.90388
2.59709 0.00000 2.59709 2.59709
2.71501 0.00000 2.71501 2.71501
