# avg	std	min	max
1.58630 0.00000 1.58630 1.58630
0.68002 0.00000 0.68002 0.68002
1.04578 0.00000 1.04578 1.04578
0.00173 0.00000 0.00173 0.00173
0.47789 0.00000 0.47789 0.47789
-0.29982 0.00000 -0.29982 -0.29982
0.02762 0.00000 0.02762 0.02762
0.08281 0.00000 0.08281 0.08281
3.96175 0.00000 3.96175 3.96175
0.78668 0.00000 0.78668 0.78668
1.38811 0.00000 1.38811 1.38811
1.35444 0.00000 1.35444 1.35444
0.10294 0.00000 0.10294 0.10294
1.20066 0.00000 1.20066 1.20066
0.22178 0.00000 0.22178 0.22178
1.12629 0.00000 1.12629 1.12629
0.54258 0.00000 0.54258 0.54258
0.24019 0.00000 0.24019 0.24019
0.53612 0.00000 0.53612 0.53612
0.95219 0.00000 0.95219 0.95219
