# avg	std	min	max
2.25019 0.00000 2.25019 2.25019
0.43233 0.00000 0.43233 0.43233
0.55474 0.00000 0.55474 0.55474
0.00000 0.00000 0.00000 0.00000
0.39290 0.00000 0.39290 0.39290
0.94105 0.00000 0.94105 0.94105
0.60947 0.00000 0.60947 0.60947
-0.09101 0.00000 -0.09101 -0.09101
0.18991 0.00000 0.18991 0.18991
0.52576 0.00000 0.52576 0.52576
0.42318 0.00000 0.42318 0.42318
1.98878 0.00000 1.98878 1.98878
0.69905 0.00000 0.69905 0.69905
-0.33864 0.00000 -0.33864 -0.33864
0.39411 0.00000 0.39411 0.39411
0.24966 0.00000 0.24966 0.24966
-0.41067 0.00000 -0.41067 -0.41067
-0.29205 0.00000 -0.29205 -0.29205
1.56792 0.00000 1.56792 1.56792
0.40753 0.00000 0.40753 0.40753
