# avg	std	min	max
-0.08489 0.00000 -0.08489 -0.08489
-0.02266 0.00000 -0.02266 -0.02266
0.17383 0.00000 0.17383 0.17383
0.06113 0.00000 0.06113 0.06113
0.18465 0.00000 0.18465 0.18465
-0.00061 0.00000 -0.00061 -0.00061
0.16759 0.00000 0.16759 0.16759
0.09758 0.00000 0.09758 0.09758
0.08458 0.00000 0.08458 0.08458
-0.02915 0.00000 -0.02915 -0.02915
0.03682 0.00000 0.03682 0.03682
-0.03550 0.00000 -0.03550 -0.03550
0.29361 0.00000 0.29361 0.29361
0.10056 0.00000 0.10056 0.10056
-0.23780 0.00000 -0.23780 -0.23780
0.05746 0.00000 0.05746 0.05746
0.00046 0.00000 0.00046 0.00046
-0.03127 0.00000 -0.03127 -0.03127
-0.13521 0.00000 -0.13521 -0.13521
0.18057 0.00000 0.18057 0.18057
