# avg	std	min	max
3.82069 0.00000 3.82069 3.82069
2.51996 0.00000 2.51996 2.51996
3.82708 0.00000 3.82708 3.82708
0.14494 0.00000 0.14494 0.14494
3.16347 0.00000 3.16347 3.16347
-0.01230 0.00000 -0.01230 -0.01230
0.21845 0.00000 0.21845 0.21845
-0.41935 0.00000 -0.41935 -0.41935
6.93032 0.00000 6.93032 6.93032
3.64432 0.00000 3.64432 3.64432
3.94769 0.00000 3.94769 3.94769
2.41912 0.00000 2.41912 2.41912
0.70855 0.00000 0.70855 0.70855
3.25051 0.00000 3.25051 3.25051
1.88642 0.00000 1.88642 1.88642
4.19689 0.00000 4.19689 4.19689
3.51078 0.00000 3.51078 3.51078
1.75125 0.00000 1.75125 1.75125
3.27955 0.00000 3.27955 3.27955
2.56162 0.00000 2.56162 2.56162
