# avg	std	min	max
1.95013 0.00000 1.95013 1.95013
1.83178 0.00000 1.83178 1.83178
1.77012 0.00000 1.77012 1.77012
-0.13258 0.00000 -0.13258 -0.13258
1.63963 0.00000 1.63963 1.63963
-0.03006 0.00000 -0.03006 -0.03006
2.07505 0.00000 2.07505 2.07505
2.37522 0.00000 2.37522 2.37522
0.55922 0.00000 0.55922 0.55922
1.91163 0.00000 1.91163 1.91163
1.77812 0.00000 1.77812 1.77812
1.60709 0.00000 1.60709 1.60709
2.10455 0.00000 2.10455 2.10455
1.72547 0.00000 1.72547 1.72547
1.95150 0.00000 1.95150 1.95150
1.63477 0.00000 1.63477 1.63477
1.80342 0.00000 1.80342 1.80342
1.69565 0.00000 1.69565 1.69565
2.09962 0.00000 2.09962 2.09962
2.29267 0.00000 2.29267 2.29267
