# avg	std	min	max
2.17829 0.00000 2.17829 2.17829
1.21017 0.00000 1.21017 1.21017
2.69785 0.00000 2.69785 2.69785
-0.22244 0.00000 -0.22244 -0.22244
1.67257 0.00000 1.67257 1.67257
-0.02738 0.00000 -0.02738 -0.02738
-0.07184 0.00000 -0.07184 -0.07184
0.18674 0.00000 0.18674 0.18674
4.63472 0.00000 4.63472 4.63472
1.35880 0.00000 1.35880 1.35880
1.06821 0.00000 1.06821 1.06821
1.39827 0.00000 1.39827 1.39827
0.33841 0.00000 0.33841 0.33841
1.07268 0.00000 1.07268 1.07268
0.77957 0.00000 0.77957 0.77957
2.19104 0.00000 2.19104 2.19104
1.49548 0.00000 1.49548 1.49548
0.38053 0.00000 0.38053 0.38053
0.61318 0.00000 0.61318 0.61318
1.53859 0.00000 1.53859 1.53859
