# avg	std	min	max
1.97421 0.00000 1.97421 1.97421
0.18790 0.00000 0.18790 0.18790
0.12475 0.00000 0.12475 0.12475
0.15186 0.00000 0.15186 0.15186
-0.00799 0.00000 -0.00799 -0.00799
-0.00337 0.00000 -0.00337 -0.00337
-0.11674 0.00000 -0.11674 -0.11674
-0.31150 0.00000 -0.31150 -0.31150
2.12573 0.00000 2.12573 2.12573
-0.12128 0.00000 -0.12128 -0.12128
-0.19130 0.00000 -0.19130 -0.19130
-0.08699 0.00000 -0.08699 -0.08699
-0.26085 0.00000 -0.26085 -0.26085
-0.56233 0.00000 -0.56233 -0.56233
-0.34911 0.00000 -0.34911 -0.34911
0.22817 0.00000 0.22817 0.22817
0.24657 0.00000 0.24657 0.24657
-0.60406 0.00000 -0.60406 -0.60406
-0.58844 0.00000 -0.58844 -0.58844
-0.10188 0.00000 -0.10188 -0.10188
