# avg	std	min	max
1.27466 0.00000 1.27466 1.27466
0.56027 0.00000 0.56027 0.56027
1.01227 0.00000 1.01227 1.01227
0.45074 0.00000 0.45074 0.45074
0.37235 0.00000 0.37235 0.37235
-0.00000 0.00000 -0.00000 -0.00000
0.17856 0.00000 0.17856 0.17856
0.21631 0.00000 0.21631 0.21631
2.66561 0.00000 2.66561 2.66561
1.10467 0.00000 1.10467 1.10467
1.08014 0.00000 1.08014 1.08014
1.28482 0.00000 1.28482 1.28482
0.41408 0.00000 0.41408 0.41408
0.49812 0.00000 0.49812 0.49812
0.71664 0.00000 0.71664 0.71664
1.04744 0.00000 1.04744 1.04744
0.19037 0.00000 0.19037 0.19037
0.46188 0.00000 0.46188 0.46188
0.59514 0.00000 0.59514 0.59514
0.57072 0.00000 0.57072 0.57072
