# avg	std	min	max
3.15909 0.00000 3.15909 3.15909
2.27604 0.00000 2.27604 2.27604
2.61733 0.00000 2.61733 2.61733
0.49097 0.00000 0.49097 0.49097
1.36086 0.00000 1.36086 1.36086
-0.00889 0.00000 -0.00889 -0.00889
1.02675 0.00000 1.02675 1.02675
1.10875 0.00000 1.10875 1.10875
6.58599 0.00000 6.58599 6.58599
2.48787 0.00000 2.48787 2.48787
3.04249 0.00000 3.04249 3.04249
2.61808 0.00000 2.61808 2.61808
0.27631 0.00000 0.27631 0.27631
3.19827 0.00000 3.19827 3.19827
2.09257 0.00000 2.09257 2.09257
3.42872 0.00000 3.42872 3.42872
2.56195 0.00000 2.56195 2.56195
1.90974 0.00000 1.90974 1.90974
2.44028 0.00000 2.44028 2.44028
2.48250 0.00000 2.48250 2.48250
