# avg	std	min	max
3.19602 0.00000 3.19602 3.19602
2.24423 0.00000 2.24423 2.24423
2.56671 0.00000 2.56671 2.56671
0.43847 0.00000 0.43847 0.43847
1.29699 0.00000 1.29699 1.29699
-0.07337 0.00000 -0.07337 -0.07337
1.51957 0.00000 1.51957 1.51957
1.14840 0.00000 1.14840 1.14840
4.78702 0.00000 4.78702 4.78702
2.67442 0.00000 2.67442 2.67442
2.39780 0.00000 2.39780 2.39780
2.35090 0.00000 2.35090 2.35090
2.92128 0.00000 2.92128 2.92128
3.15569 0.00000 3.15569 3.15569
2.26532 0.00000 2.26532 2.26532
3.11592 0.00000 3.11592 3.11592
2.46013 0.00000 2.46013 2.46013
1.58063 0.00000 1.58063 1.58063
1.45330 0.00000 1.45330 1.45330
2.52420 0.00000 2.52420 2.52420
