# avg	std	min	max
3.39821 0.00000 3.39821 3.39821
2.02643 0.00000 2.02643 2.02643
1.13022 0.00000 1.13022 1.13022
-0.25831 0.00000 -0.25831 -0.25831
0.31938 0.00000 0.31938 0.31938
-0.02929 0.00000 -0.02929 -0.02929
4.53909 0.00000 4.53909 4.53909
4.78541 0.00000 4.78541 4.78541
5.78805 0.00000 5.78805 5.78805
2.48639 0.00000 2.48639 2.48639
2.99408 0.00000 2.99408 2.99408
2.13676 0.00000 2.13676 2.13676
5.62545 0.00000 5.62545 5.62545
1.40950 0.00000 1.40950 1.40950
1.80613 0.00000 1.80613 1.80613
3.65024 0.00000 3.65024 3.65024
2.76334 0.00000 2.76334 2.76334
1.70181 0.00000 1.70181 1.70181
2.08787 0.00000 2.08787 2.08787
3.43360 0.00000 3.43360 3.43360
