# avg	std	min	max
-0.75650 0.00000 -0.75650 -0.75650
1.22059 0.00000 1.22059 1.22059
2.28535 0.00000 2.28535 2.28535
0.40946 0.00000 0.40946 0.40946
1.64769 0.00000 1.64769 1.64769
-0.00042 0.00000 -0.00042 -0.00042
0.04160 0.00000 0.04160 0.04160
0.29410 0.00000 0.29410 0.29410
6.92810 0.00000 6.92810 6.92810
0.61568 0.00000 0.61568 0.61568
2.63669 0.00000 2.63669 2.63669
0.87671 0.00000 0.87671 0.87671
0.09188 0.00000 0.09188 0.09188
0.99380 0.00000 0.99380 0.99380
0.70124 0.00000 0.70124 0.70124
1.04345 0.00000 1.04345 1.04345
0.55730 0.00000 0.55730 0.55730
0.37507 0.00000 0.37507 0.37507
-0.01959 0.00000 -0.01959 -0.01959
0.79071 0.00000 0.79071 0.79071
