# avg	std	min	max
-1.92566 0.00000 -1.92566 -1.92566
-1.40482 0.00000 -1.40482 -1.40482
0.56184 0.00000 0.56184 0.56184
0.10485 0.00000 0.10485 0.10485
0.41942 0.00000 0.41942 0.41942
-0.00370 0.00000 -0.00370 -0.00370
-0.30574 0.00000 -0.30574 -0.30574
0.00444 0.00000 0.00444 0.00444
3.53070 0.00000 3.53070 3.53070
0.17217 0.00000 0.17217 0.17217
0.49049 0.00000 0.49049 0.49049
0.12618 0.00000 0.12618 0.12618
-0.20368 0.00000 -0.20368 -0.20368
0.11153 0.00000 0.11153 0.11153
-0.18207 0.00000 -0.18207 -0.18207
0.10822 0.00000 0.10822 0.10822
0.02799 0.00000 0.02799 0.02799
-0.23046 0.00000 -0.23046 -0.23046
-0.90377 0.00000 -0.90377 -0.90377
0.14802 0.00000 0.14802 0.14802
