# avg	std	min	max
0.24351 0.00000 0.24351 0.24351
0.21806 0.00000 0.21806 0.21806
0.14793 0.00000 0.14793 0.14793
0.02690 0.00000 0.02690 0.02690
-0.02435 0.00000 -0.02435 -0.02435
-0.00675 0.00000 -0.00675 -0.00675
-0.18021 0.00000 -0.18021 -0.18021
-0.36078 0.00000 -0.36078 -0.36078
2.35018 0.00000 2.35018 2.35018
0.25168 0.00000 0.25168 0.25168
0.00275 0.00000 0.00275 0.00275
0.11675 0.00000 0.11675 0.11675
-0.05739 0.00000 -0.05739 -0.05739
-0.28437 0.00000 -0.28437 -0.28437
-0.24226 0.00000 -0.24226 -0.24226
-0.17068 0.00000 -0.17068 -0.17068
0.10022 0.00000 0.10022 0.10022
-0.16648 0.00000 -0.16648 -0.16648
-0.31965 0.00000 -0.31965 -0.31965
-0.38912 0.00000 -0.38912 -0.38912
