# avg	std	min	max
0.05008 0.00000 0.05008 0.05008
0.18444 0.00000 0.18444 0.18444
0.08908 0.00000 0.08908 0.08908
-0.38145 0.00000 -0.38145 -0.38145
-0.24590 0.00000 -0.24590 -0.24590
-0.58499 0.00000 -0.58499 -0.58499
1.12109 0.00000 1.12109 1.12109
0.16416 0.00000 0.16416 0.16416
0.87917 0.00000 0.87917 0.87917
-0.24095 0.00000 -0.24095 -0.24095
0.13478 0.00000 0.13478 0.13478
-0.27937 0.00000 -0.27937 -0.27937
1.06684 0.00000 1.06684 1.06684
-0.00479 0.00000 -0.00479 -0.00479
-0.02270 0.00000 -0.02270 -0.02270
-0.04292 0.00000 -0.04292 -0.04292
-0.16631 0.00000 -0.16631 -0.16631
-0.63516 0.00000 -0.63516 -0.63516
-0.38363 0.00000 -0.38363 -0.38363
0.46761 0.00000 0.46761 0.46761
