# avg	std	min	max
0.80551 0.00000 0.80551 0.80551
-0.10505 0.00000 -0.10505 -0.10505
0.68897 0.00000 0.68897 0.68897
-0.45741 0.00000 -0.45741 -0.45741
0.11102 0.00000 0.11102 0.11102
-0.82122 0.00000 -0.82122 -0.82122
-0.90476 0.00000 -0.90476 -0.90476
-0.04572 0.00000 -0.04572 -0.04572
2.77200 0.00000 2.77200 2.77200
-0.33098 0.00000 -0.33098 -0.33098
0.96360 0.00000 0.96360 0.96360
0.43480 0.00000 0.43480 0.43480
-0.57901 0.00000 -0.57901 -0.57901
-0.01240 0.00000 -0.01240 -0.01240
-0.20877 0.00000 -0.20877 -0.20877
-0.57203 0.00000 -0.57203 -0.57203
-0.15275 0.00000 -0.15275 -0.15275
-0.11176 0.00000 -0.11176 -0.11176
0.09433 0.00000 0.09433 0.09433
0.22269 0.00000 0.22269 0.22269
