# avg	std	min	max
-0.11888 0.00000 -0.11888 -0.11888
0.04013 0.00000 0.04013 0.04013
2.32467 0.00000 2.32467 2.32467
-0.04493 0.00000 -0.04493 -0.04493
2.35683 0.00000 2.35683 2.35683
-0.09264 0.00000 -0.09264 -0.09264
-0.09540 0.00000 -0.09540 -0.09540
-0.07340 0.00000 -0.07340 -0.07340
0.06696 0.00000 0.06696 0.06696
0.03346 0.00000 0.03346 0.03346
2.20629 0.00000 2.20629 2.20629
0.01480 0.00000 0.01480 0.01480
-0.07166 0.00000 -0.07166 -0.07166
-0.00070 0.00000 -0.00070 -0.00070
0.04864 0.00000 0.04864 0.04864
-0.17347 0.00000 -0.17347 -0.17347
0.05637 0.00000 0.05637 0.05637
0.11963 0.00000 0.11963 0.11963
0.10405 0.00000 0.10405 0.10405
-0.00427 0.00000 -0.00427 -0.00427
