# avg	std	min	max
-0.35911 0.00000 -0.35911 -0.35911
-0.23453 0.00000 -0.23453 -0.23453
-0.21943 0.00000 -0.21943 -0.21943
-0.63062 0.00000 -0.63062 -0.63062
-0.62003 0.00000 -0.62003 -0.62003
-1.02472 0.00000 -1.02472 -1.02472
-0.86793 0.00000 -0.86793 -0.86793
-1.06567 0.00000 -1.06567 -1.06567
-1.34502 0.00000 -1.34502 -1.34502
-0.17086 0.00000 -0.17086 -0.17086
-0.06341 0.00000 -0.06341 -0.06341
-0.34951 0.00000 -0.34951 -0.34951
-0.71891 0.00000 -0.71891 -0.71891
0.00596 0.00000 0.00596 0.00596
-0.80166 0.00000 -0.80166 -0.80166
-0.39020 0.00000 -0.39020 -0.39020
-0.18825 0.00000 -0.18825 -0.18825
-0.16989 0.00000 -0.16989 -0.16989
0.03982 0.00000 0.03982 0.03982
0.23283 0.00000 0.23283 0.23283
