# avg	std	min	max
-0.09794 0.00000 -0.09794 -0.09794
0.03783 0.00000 0.03783 0.03783
0.34822 0.00000 0.34822 0.34822
0.05738 0.00000 0.05738 0.05738
0.17676 0.00000 0.17676 0.17676
0.15766 0.00000 0.15766 0.15766
0.10583 0.00000 0.10583 0.10583
0.24266 0.00000 0.24266 0.24266
-0.21757 0.00000 -0.21757 -0.21757
-0.09529 0.00000 -0.09529 -0.09529
0.57815 0.00000 0.57815 0.57815
0.02802 0.00000 0.02802 0.02802
0.16042 0.00000 0.16042 0.16042
-0.00972 0.00000 -0.00972 -0.00972
0.07492 0.00000 0.07492 0.07492
-0.13881 0.00000 -0.13881 -0.13881
-0.09111 0.00000 -0.09111 -0.09111
0.04897 0.00000 0.04897 0.04897
0.24836 0.00000 0.24836 0.24836
0.33646 0.00000 0.33646 0.33646
