# avg	std	min	max
1.24656 0.00000 1.24656 1.24656
0.50138 0.00000 0.50138 0.50138
1.35843 0.00000 1.35843 1.35843
0.09474 0.00000 0.09474 0.09474
0.44468 0.00000 0.44468 0.44468
0.26601 0.00000 0.26601 0.26601
0.97222 0.00000 0.97222 0.97222
0.81314 0.00000 0.81314 0.81314
3.26492 0.00000 3.26492 3.26492
0.46647 0.00000 0.46647 0.46647
0.71096 0.00000 0.71096 0.71096
1.17220 0.00000 1.17220 1.17220
0.94579 0.00000 0.94579 0.94579
-0.00241 0.00000 -0.00241 -0.00241
1.06738 0.00000 1.06738 1.06738
1.09708 0.00000 1.09708 1.09708
1.00582 0.00000 1.00582 1.00582
0.59499 0.00000 0.59499 0.59499
0.55378 0.00000 0.55378 0.55378
0.62551 0.00000 0.62551 0.62551
