# avg	std	min	max
0.76331 0.00000 0.76331 0.76331
-0.46308 0.00000 -0.46308 -0.46308
0.01538 0.00000 0.01538 0.01538
-0.63392 0.00000 -0.63392 -0.63392
-0.57460 0.00000 -0.57460 -0.57460
-1.03427 0.00000 -1.03427 -1.03427
-0.43433 0.00000 -0.43433 -0.43433
-0.81767 0.00000 -0.81767 -0.81767
2.40634 0.00000 2.40634 2.40634
-0.19219 0.00000 -0.19219 -0.19219
0.50133 0.00000 0.50133 0.50133
0.41049 0.00000 0.41049 0.41049
-0.57368 0.00000 -0.57368 -0.57368
-0.00014 0.00000 -0.00014 -0.00014
-0.19117 0.00000 -0.19117 -0.19117
0.13234 0.00000 0.13234 0.13234
-0.37489 0.00000 -0.37489 -0.37489
-0.36871 0.00000 -0.36871 -0.36871
-0.26335 0.00000 -0.26335 -0.26335
0.20559 0.00000 0.20559 0.20559
