# avg	std	min	max
0.54083 0.00000 0.54083 0.54083
-0.16818 0.00000 -0.16818 -0.16818
0.22421 0.00000 0.22421 0.22421
-0.35963 0.00000 -0.35963 -0.35963
-0.23163 0.00000 -0.23163 -0.23163
-0.94651 0.00000 -0.94651 -0.94651
-0.33108 0.00000 -0.33108 -0.33108
-0.50551 0.00000 -0.50551 -0.50551
3.32162 0.00000 3.32162 3.32162
-0.09429 0.00000 -0.09429 -0.09429
0.56353 0.00000 0.56353 0.56353
0.51967 0.00000 0.51967 0.51967
-0.27072 0.00000 -0.27072 -0.27072
-0.05545 0.00000 -0.05545 -0.05545
-0.51806 0.00000 -0.51806 -0.51806
0.19677 0.00000 0.19677 0.19677
-0.26925 0.00000 -0.26925 -0.26925
-0.25628 0.00000 -0.25628 -0.25628
-0.70427 0.00000 -0.70427 -0.70427
0.25120 0.00000 0.25120 0.25120
