# avg	std	min	max
0.49357 0.00000 0.49357 0.49357
-0.14467 0.00000 -0.14467 -0.14467
0.13894 0.00000 0.13894 0.13894
-0.43746 0.00000 -0.43746 -0.43746
-0.49205 0.00000 -0.49205 -0.49205
-0.46433 0.00000 -0.46433 -0.46433
-0.74757 0.00000 -0.74757 -0.74757
-0.60247 0.00000 -0.60247 -0.60247
3.87972 0.00000 3.87972 3.87972
-0.01705 0.00000 -0.01705 -0.01705
0.33198 0.00000 0.33198 0.33198
0.52689 0.00000 0.52689 0.52689
-0.63435 0.00000 -0.63435 -0.63435
-0.02438 0.00000 -0.02438 -0.02438
-0.01451 0.00000 -0.01451 -0.01451
0.31581 0.00000 0.31581 0.31581
-0.15679 0.00000 -0.15679 -0.15679
-0.30688 0.00000 -0.30688 -0.30688
-0.63183 0.00000 -0.63183 -0.63183
-0.01460 0.00000 -0.01460 -0.01460
