# avg	std	min	max
0.89662 0.00000 0.89662 0.89662
0.16336 0.00000 0.16336 0.16336
0.66398 0.00000 0.66398 0.66398
-0.13906 0.00000 -0.13906 -0.13906
0.17749 0.00000 0.17749 0.17749
-0.24607 0.00000 -0.24607 -0.24607
0.09425 0.00000 0.09425 0.09425
-0.19158 0.00000 -0.19158 -0.19158
3.13555 0.00000 3.13555 3.13555
0.00946 0.00000 0.00946 0.00946
0.22003 0.00000 0.22003 0.22003
0.76238 0.00000 0.76238 0.76238
0.05146 0.00000 0.05146 0.05146
-0.00277 0.00000 -0.00277 -0.00277
-0.03433 0.00000 -0.03433 -0.03433
0.54363 0.00000 0.54363 0.54363
0.18938 0.00000 0.18938 0.18938
-0.04148 0.00000 -0.04148 -0.04148
0.08261 0.00000 0.08261 0.08261
0.41698 0.00000 0.41698 0.41698
