# avg	std	min	max
1.62828 0.00000 1.62828 1.62828
-0.47683 0.00000 -0.47683 -0.47683
-1.81580 0.00000 -1.81580 -1.81580
-2.45649 0.00000 -2.45649 -2.45649
-2.47378 0.00000 -2.47378 -2.47378
-2.92426 0.00000 -2.92426 -2.92426
-1.12669 0.00000 -1.12669 -1.12669
-1.01677 0.00000 -1.01677 -1.01677
5.25042 0.00000 5.25042 5.25042
0.75325 0.00000 0.75325 0.75325
0.35479 0.00000 0.35479 0.35479
-0.09076 0.00000 -0.09076 -0.09076
-1.24426 0.00000 -1.24426 -1.24426
0.00851 0.00000 0.00851 0.00851
-0.85784 0.00000 -0.85784 -0.85784
0.55008 0.00000 0.55008 0.55008
0.54486 0.00000 0.54486 0.54486
-0.91857 0.00000 -0.91857 -0.91857
-0.87871 0.00000 -0.87871 -0.87871
0.45196 0.00000 0.45196 0.45196
