# avg	std	min	max
0.99740 0.00000 0.99740 0.99740
0.28201 0.00000 0.28201 0.28201
0.10342 0.00000 0.10342 0.10342
-1.17594 0.00000 -1.17594 -1.17594
-1.00317 0.00000 -1.00317 -1.00317
-1.33093 0.00000 -1.33093 -1.33093
-1.46265 0.00000 -1.46265 -1.46265
-1.06277 0.00000 -1.06277 -1.06277
3.79615 0.00000 3.79615 3.79615
0.15505 0.00000 0.15505 0.15505
0.38052 0.00000 0.38052 0.38052
0.50349 0.00000 0.50349 0.50349
-1.16384 0.00000 -1.16384 -1.16384
-0.02544 0.00000 -0.02544 -0.02544
-0.28096 0.00000 -0.28096 -0.28096
0.77273 0.00000 0.77273 0.77273
0.09247 0.00000 0.09247 0.09247
-0.60131 0.00000 -0.60131 -0.60131
-0.61491 0.00000 -0.61491 -0.61491
-0.33153 0.00000 -0.33153 -0.33153
