# avg	std	min	max
0.03118 0.00000 0.03118 0.03118
-0.16678 0.00000 -0.16678 -0.16678
-0.02003 0.00000 -0.02003 -0.02003
-0.32741 0.00000 -0.32741 -0.32741
-0.09358 0.00000 -0.09358 -0.09358
-0.43546 0.00000 -0.43546 -0.43546
-0.44643 0.00000 -0.44643 -0.44643
-0.18055 0.00000 -0.18055 -0.18055
-0.84579 0.00000 -0.84579 -0.84579
0.02102 0.00000 0.02102 0.02102
-0.09568 0.00000 -0.09568 -0.09568
-0.05928 0.00000 -0.05928 -0.05928
-0.42655 0.00000 -0.42655 -0.42655
-0.00011 0.00000 -0.00011 -0.00011
-0.13143 0.00000 -0.13143 -0.13143
-0.16475 0.00000 -0.16475 -0.16475
-0.27619 0.00000 -0.27619 -0.27619
-0.48259 0.00000 -0.48259 -0.48259
-0.75471 0.00000 -0.75471 -0.75471
-0.08599 0.00000 -0.08599 -0.08599
