# avg	std	min	max
-0.83234 0.00000 -0.83234 -0.83234
-0.41325 0.00000 -0.41325 -0.41325
1.86635 0.00000 1.86635 1.86635
-1.28731 0.00000 -1.28731 -1.28731
1.85075 0.00000 1.85075 1.85075
0.58044 0.00000 0.58044 0.58044
0.43659 0.00000 0.43659 0.43659
0.81370 0.00000 0.81370 0.81370
3.42187 0.00000 3.42187 3.42187
0.25698 0.00000 0.25698 0.25698
1.17481 0.00000 1.17481 1.17481
-1.30286 0.00000 -1.30286 -1.30286
0.91541 0.00000 0.91541 0.91541
-0.01507 0.00000 -0.01507 -0.01507
0.18828 0.00000 0.18828 0.18828
0.97856 0.00000 0.97856 0.97856
0.60387 0.00000 0.60387 0.60387
0.37199 0.00000 0.37199 0.37199
0.10063 0.00000 0.10063 0.10063
-1.30768 0.00000 -1.30768 -1.30768
