# avg	std	min	max
2.10539 0.00000 2.10539 2.10539
1.48549 0.00000 1.48549 1.48549
1.58123 0.00000 1.58123 1.58123
1.15572 0.00000 1.15572 1.15572
1.06373 0.00000 1.06373 1.06373
1.20170 0.00000 1.20170 1.20170
1.23792 0.00000 1.23792 1.23792
1.75647 0.00000 1.75647 1.75647
-0.00445 0.00000 -0.00445 -0.00445
1.93254 0.00000 1.93254 1.93254
1.80653 0.00000 1.80653 1.80653
2.03788 0.00000 2.03788 2.03788
1.42019 0.00000 1.42019 1.42019
1.82138 0.00000 1.82138 1.82138
1.10184 0.00000 1.10184 1.10184
1.79600 0.00000 1.79600 1.79600
1.03584 0.00000 1.03584 1.03584
1.21182 0.00000 1.21182 1.21182
1.46565 0.00000 1.46565 1.46565
1.88686 0.00000 1.88686 1.88686
