# avg	std	min	max
4.04149 0.00000 4.04149 4.04149
3.09152 0.00000 3.09152 3.09152
2.49665 0.00000 2.49665 2.49665
2.63855 0.00000 2.63855 2.63855
1.93522 0.00000 1.93522 1.93522
2.12729 0.00000 2.12729 2.12729
7.41342 0.00000 7.41342 7.41342
8.46559 0.00000 8.46559 8.46559
-0.00282 0.00000 -0.00282 -0.00282
3.84391 0.00000 3.84391 3.84391
3.31572 0.00000 3.31572 3.31572
3.48832 0.00000 3.48832 3.48832
5.70638 0.00000 5.70638 5.70638
3.25491 0.00000 3.25491 3.25491
4.37810 0.00000 4.37810 4.37810
6.07949 0.00000 6.07949 6.07949
5.01070 0.00000 5.01070 5.01070
4.60570 0.00000 4.60570 4.60570
3.94527 0.00000 3.94527 3.94527
8.79552 0.00000 8.79552 8.79552
