# avg	std	min	max
5.03130 0.00000 5.03130 5.03130
3.45913 0.00000 3.45913 3.45913
5.11699 0.00000 5.11699 5.11699
10.28918 0.00000 10.28918 10.28918
9.01188 0.00000 9.01188 9.01188
8.10515 0.00000 8.10515 8.10515
26.62284 0.00000 26.62284 26.62284
25.66878 0.00000 25.66878 25.66878
-0.00476 0.00000 -0.00476 -0.00476
4.40519 0.00000 4.40519 4.40519
5.18383 0.00000 5.18383 5.18383
3.98297 0.00000 3.98297 3.98297
28.62658 0.00000 28.62658 28.62658
5.98301 0.00000 5.98301 5.98301
7.81262 0.00000 7.81262 7.81262
8.82571 0.00000 8.82571 8.82571
7.81300 0.00000 7.81300 7.81300
14.52406 0.00000 14.52406 14.52406
15.65094 0.00000 15.65094 15.65094
17.96606 0.00000 17.96606 17.96606
