# avg	std	min	max
2.85896 0.00000 2.85896 2.85896
1.92149 0.00000 1.92149 1.92149
0.77227 0.00000 0.77227 0.77227
1.52514 0.00000 1.52514 1.52514
0.58326 0.00000 0.58326 0.58326
0.25599 0.00000 0.25599 0.25599
2.99781 0.00000 2.99781 2.99781
2.94598 0.00000 2.94598 2.94598
-0.01344 0.00000 -0.01344 -0.01344
2.59438 0.00000 2.59438 2.59438
2.49546 0.00000 2.49546 2.49546
2.14838 0.00000 2.14838 2.14838
2.22586 0.00000 2.22586 2.22586
2.46795 0.00000 2.46795 2.46795
1.86212 0.00000 1.86212 1.86212
2.99812 0.00000 2.99812 2.99812
2.37564 0.00000 2.37564 2.37564
2.06260 0.00000 2.06260 2.06260
1.88689 0.00000 1.88689 1.88689
2.23649 0.00000 2.23649 2.23649
