# avg	std	min	max
0.49517 0.00000 0.49517 0.49517
0.28731 0.00000 0.28731 0.28731
0.17220 0.00000 0.17220 0.17220
0.06409 0.00000 0.06409 0.06409
-0.00732 0.00000 -0.00732 -0.00732
-0.17406 0.00000 -0.17406 -0.17406
-0.39872 0.00000 -0.39872 -0.39872
-0.68883 0.00000 -0.68883 -0.68883
0.00001 0.00000 0.00001 0.00001
0.45129 0.00000 0.45129 0.45129
0.20968 0.00000 0.20968 0.20968
0.20877 0.00000 0.20877 0.20877
-0.18844 0.00000 -0.18844 -0.18844
0.18444 0.00000 0.18444 0.18444
0.11186 0.00000 0.11186 0.11186
0.07662 0.00000 0.07662 0.07662
0.12954 0.00000 0.12954 0.12954
0.00536 0.00000 0.00536 0.00536
0.06780 0.00000 0.06780 0.06780
0.33109 0.00000 0.33109 0.33109
