# avg	std	min	max
-0.02879 0.00000 -0.02879 -0.02879
-0.04351 0.00000 -0.04351 -0.04351
-0.16329 0.00000 -0.16329 -0.16329
-0.36759 0.00000 -0.36759 -0.36759
-0.35024 0.00000 -0.35024 -0.35024
-0.22105 0.00000 -0.22105 -0.22105
-0.30909 0.00000 -0.30909 -0.30909
-0.09177 0.00000 -0.09177 -0.09177
-0.11712 0.00000 -0.11712 -0.11712
0.08372 0.00000 0.08372 0.08372
-0.21655 0.00000 -0.21655 -0.21655
-0.16371 0.00000 -0.16371 -0.16371
-0.24584 0.00000 -0.24584 -0.24584
0.01317 0.00000 0.01317 0.01317
-0.14890 0.00000 -0.14890 -0.14890
-0.13688 0.00000 -0.13688 -0.13688
-0.25826 0.00000 -0.25826 -0.25826
-0.23556 0.00000 -0.23556 -0.23556
-0.12423 0.00000 -0.12423 -0.12423
0.11080 0.00000 0.11080 0.11080
