# avg	std	min	max
1.09184 0.00000 1.09184 1.09184
1.42616 0.00000 1.42616 1.42616
1.86910 0.00000 1.86910 1.86910
1.34836 0.00000 1.34836 1.34836
1.66331 0.00000 1.66331 1.66331
0.98642 0.00000 0.98642 0.98642
1.56576 0.00000 1.56576 1.56576
1.62579 0.00000 1.62579 1.62579
-0.00791 0.00000 -0.00791 -0.00791
1.49653 0.00000 1.49653 1.49653
1.42932 0.00000 1.42932 1.42932
2.04320 0.00000 2.04320 2.04320
1.64192 0.00000 1.64192 1.64192
1.13912 0.00000 1.13912 1.13912
1.38913 0.00000 1.38913 1.38913
-2.03122 0.00000 -2.03122 -2.03122
-0.71883 0.00000 -0.71883 -0.71883
1.72973 0.00000 1.72973 1.72973
2.06043 0.00000 2.06043 2.06043
1.39915 0.00000 1.39915 1.39915
