# avg	std	min	max
1.93917 0.00000 1.93917 1.93917
1.67496 0.00000 1.67496 1.67496
2.20134 0.00000 2.20134 2.20134
1.43853 0.00000 1.43853 1.43853
1.61107 0.00000 1.61107 1.61107
1.44010 0.00000 1.44010 1.44010
1.57922 0.00000 1.57922 1.57922
1.15440 0.00000 1.15440 1.15440
-0.00116 0.00000 -0.00116 -0.00116
1.71688 0.00000 1.71688 1.71688
2.19475 0.00000 2.19475 2.19475
2.18766 0.00000 2.18766 2.18766
1.61298 0.00000 1.61298 1.61298
2.02846 0.00000 2.02846 2.02846
1.54721 0.00000 1.54721 1.54721
1.73339 0.00000 1.73339 1.73339
0.92662 0.00000 0.92662 0.92662
1.34280 0.00000 1.34280 1.34280
1.57814 0.00000 1.57814 1.57814
2.13297 0.00000 2.13297 2.13297
