# avg	std	min	max
0.51908 0.00000 0.51908 0.51908
0.48398 0.00000 0.48398 0.48398
0.41047 0.00000 0.41047 0.41047
0.39767 0.00000 0.39767 0.39767
0.38639 0.00000 0.38639 0.38639
0.67190 0.00000 0.67190 0.67190
0.35738 0.00000 0.35738 0.35738
0.54248 0.00000 0.54248 0.54248
-0.00000 0.00000 -0.00000 -0.00000
0.62073 0.00000 0.62073 0.62073
0.31108 0.00000 0.31108 0.31108
0.38560 0.00000 0.38560 0.38560
0.35165 0.00000 0.35165 0.35165
0.27143 0.00000 0.27143 0.27143
0.18481 0.00000 0.18481 0.18481
0.10897 0.00000 0.10897 0.10897
-0.04365 0.00000 -0.04365 -0.04365
-0.02212 0.00000 -0.02212 -0.02212
0.34229 0.00000 0.34229 0.34229
0.41039 0.00000 0.41039 0.41039
