# avg	std	min	max
0.57317 0.00000 0.57317 0.57317
0.27804 0.00000 0.27804 0.27804
0.36962 0.00000 0.36962 0.36962
0.32740 0.00000 0.32740 0.32740
0.32499 0.00000 0.32499 0.32499
0.37078 0.00000 0.37078 0.37078
-0.26022 0.00000 -0.26022 -0.26022
0.46331 0.00000 0.46331 0.46331
-0.00118 0.00000 -0.00118 -0.00118
0.46503 0.00000 0.46503 0.46503
0.29662 0.00000 0.29662 0.29662
0.36233 0.00000 0.36233 0.36233
-0.13517 0.00000 -0.13517 -0.13517
0.17358 0.00000 0.17358 0.17358
0.19928 0.00000 0.19928 0.19928
-0.31146 0.00000 -0.31146 -0.31146
-0.04510 0.00000 -0.04510 -0.04510
0.23678 0.00000 0.23678 0.23678
0.32913 0.00000 0.32913 0.32913
0.65539 0.00000 0.65539 0.65539
