# avg	std	min	max
0.22104 0.00000 0.22104 0.22104
2.22440 0.00000 2.22440 2.22440
3.08155 0.00000 3.08155 3.08155
0.64216 0.00000 0.64216 0.64216
1.58432 0.00000 1.58432 1.58432
1.43432 0.00000 1.43432 1.43432
2.25410 0.00000 2.25410 2.25410
0.76589 0.00000 0.76589 0.76589
-0.00133 0.00000 -0.00133 -0.00133
1.00133 0.00000 1.00133 1.00133
2.44708 0.00000 2.44708 2.44708
0.45157 0.00000 0.45157 0.45157
2.14032 0.00000 2.14032 2.14032
0.47156 0.00000 0.47156 0.47156
0.77160 0.00000 0.77160 0.77160
-0.98360 0.00000 -0.98360 -0.98360
2.60821 0.00000 2.60821 2.60821
0.09842 0.00000 0.09842 0.09842
0.48636 0.00000 0.48636 0.48636
1.19716 0.00000 1.19716 1.19716
