# avg	std	min	max
-1.87480 0.00000 -1.87480 -1.87480
-2.07561 0.00000 -2.07561 -2.07561
-1.70202 0.00000 -1.70202 -1.70202
-2.18607 0.00000 -2.18607 -2.18607
-1.75784 0.00000 -1.75784 -1.75784
-2.53297 0.00000 -2.53297 -2.53297
-1.89554 0.00000 -1.89554 -1.89554
-1.77240 0.00000 -1.77240 -1.77240
-0.00467 0.00000 -0.00467 -0.00467
-2.48310 0.00000 -2.48310 -2.48310
-2.21150 0.00000 -2.21150 -2.21150
-2.43744 0.00000 -2.43744 -2.43744
-1.89762 0.00000 -1.89762 -1.89762
-2.30867 0.00000 -2.30867 -2.30867
-2.78226 0.00000 -2.78226 -2.78226
-1.84386 0.00000 -1.84386 -1.84386
-2.14966 0.00000 -2.14966 -2.14966
-2.71655 0.00000 -2.71655 -2.71655
-2.73315 0.00000 -2.73315 -2.73315
-2.44665 0.00000 -2.44665 -2.44665
