# avg	std	min	max
-0.53750 0.00000 -0.53750 -0.53750
-0.33305 0.00000 -0.33305 -0.33305
0.51420 0.00000 0.51420 0.51420
0.01213 0.00000 0.01213 0.01213
0.49669 0.00000 0.49669 0.49669
0.15839 0.00000 0.15839 0.15839
-0.00385 0.00000 -0.00385 -0.00385
0.42398 0.00000 0.42398 0.42398
0.08596 0.00000 0.08596 0.08596
-0.50691 0.00000 -0.50691 -0.50691
0.14245 0.00000 0.14245 0.14245
0.77649 0.00000 0.77649 0.77649
0.22312 0.00000 0.22312 0.22312
-0.72239 0.00000 -0.72239 -0.72239
-0.02237 0.00000 -0.02237 -0.02237
-3.14982 0.00000 -3.14982 -3.14982
-1.82881 0.00000 -1.82881 -1.82881
0.06771 0.00000 0.06771 0.06771
-0.27654 0.00000 -0.27654 -0.27654
-0.56348 0.00000 -0.56348 -0.56348
