# avg	std	min	max
0.61225 0.00000 0.61225 0.61225
0.20837 0.00000 0.20837 0.20837
0.55820 0.00000 0.55820 0.55820
-0.06668 0.00000 -0.06668 -0.06668
0.06151 0.00000 0.06151 0.06151
-0.27015 0.00000 -0.27015 -0.27015
-0.14575 0.00000 -0.14575 -0.14575
-0.14328 0.00000 -0.14328 -0.14328
-0.54229 0.00000 -0.54229 -0.54229
0.55297 0.00000 0.55297 0.55297
0.60121 0.00000 0.60121 0.60121
0.52034 0.00000 0.52034 0.52034
-0.13480 0.00000 -0.13480 -0.13480
0.41405 0.00000 0.41405 0.41405
-0.00709 0.00000 -0.00709 -0.00709
0.28402 0.00000 0.28402 0.28402
0.00974 0.00000 0.00974 0.00974
-0.15113 0.00000 -0.15113 -0.15113
-0.02047 0.00000 -0.02047 -0.02047
0.30009 0.00000 0.30009 0.30009
