# avg	std	min	max
1.43403 0.00000 1.43403 1.43403
0.56929 0.00000 0.56929 0.56929
0.36923 0.00000 0.36923 0.36923
0.19510 0.00000 0.19510 0.19510
0.28584 0.00000 0.28584 0.28584
0.32485 0.00000 0.32485 0.32485
-0.21603 0.00000 -0.21603 -0.21603
0.53906 0.00000 0.53906 0.53906
4.36216 0.00000 4.36216 4.36216
0.21224 0.00000 0.21224 0.21224
0.52533 0.00000 0.52533 0.52533
0.04967 0.00000 0.04967 0.04967
-0.00024 0.00000 -0.00024 -0.00024
-0.11219 0.00000 -0.11219 -0.11219
-0.00743 0.00000 -0.00743 -0.00743
1.27484 0.00000 1.27484 1.27484
1.23705 0.00000 1.23705 1.23705
-0.17800 0.00000 -0.17800 -0.17800
-0.15797 0.00000 -0.15797 -0.15797
-0.52050 0.00000 -0.52050 -0.52050
