# avg	std	min	max
1.03926 0.00000 1.03926 1.03926
0.14044 0.00000 0.14044 0.14044
0.45892 0.00000 0.45892 0.45892
-0.36339 0.00000 -0.36339 -0.36339
-0.18120 0.00000 -0.18120 -0.18120
-0.42946 0.00000 -0.42946 -0.42946
-0.04192 0.00000 -0.04192 -0.04192
-0.30253 0.00000 -0.30253 -0.30253
5.21947 0.00000 5.21947 5.21947
1.09924 0.00000 1.09924 1.09924
1.48807 0.00000 1.48807 1.48807
1.34193 0.00000 1.34193 1.34193
-0.02556 0.00000 -0.02556 -0.02556
0.32212 0.00000 0.32212 0.32212
-0.00164 0.00000 -0.00164 -0.00164
1.21799 0.00000 1.21799 1.21799
0.37191 0.00000 0.37191 0.37191
0.14329 0.00000 0.14329 0.14329
-0.00286 0.00000 -0.00286 -0.00286
0.12842 0.00000 0.12842 0.12842
