# avg	std	min	max
2.31679 0.00000 2.31679 2.31679
0.36999 0.00000 0.36999 0.36999
0.95443 0.00000 0.95443 0.95443
0.36980 0.00000 0.36980 0.36980
1.21471 0.00000 1.21471 1.21471
0.35413 0.00000 0.35413 0.35413
-0.02050 0.00000 -0.02050 -0.02050
-0.03391 0.00000 -0.03391 -0.03391
3.54319 0.00000 3.54319 3.54319
0.04283 0.00000 0.04283 0.04283
0.71558 0.00000 0.71558 0.71558
0.36608 0.00000 0.36608 0.36608
-0.02433 0.00000 -0.02433 -0.02433
0.17285 0.00000 0.17285 0.17285
-0.00833 0.00000 -0.00833 -0.00833
0.46894 0.00000 0.46894 0.46894
0.54753 0.00000 0.54753 0.54753
0.11683 0.00000 0.11683 0.11683
-0.07312 0.00000 -0.07312 -0.07312
0.02971 0.00000 0.02971 0.02971
