# avg	std	min	max
0.48107 0.00000 0.48107 0.48107
-0.11393 0.00000 -0.11393 -0.11393
0.54639 0.00000 0.54639 0.54639
-0.65337 0.00000 -0.65337 -0.65337
-0.14327 0.00000 -0.14327 -0.14327
-0.70921 0.00000 -0.70921 -0.70921
-0.33149 0.00000 -0.33149 -0.33149
-0.27338 0.00000 -0.27338 -0.27338
1.47017 0.00000 1.47017 1.47017
-0.18526 0.00000 -0.18526 -0.18526
-0.45227 0.00000 -0.45227 -0.45227
0.38388 0.00000 0.38388 0.38388
-0.22249 0.00000 -0.22249 -0.22249
0.62908 0.00000 0.62908 0.62908
-0.00402 0.00000 -0.00402 -0.00402
0.82305 0.00000 0.82305 0.82305
0.41487 0.00000 0.41487 0.41487
-0.28882 0.00000 -0.28882 -0.28882
-0.00424 0.00000 -0.00424 -0.00424
0.59071 0.00000 0.59071 0.59071
