# avg	std	min	max
1.21843 0.00000 1.21843 1.21843
0.57354 0.00000 0.57354 0.57354
0.66742 0.00000 0.66742 0.66742
0.00692 0.00000 0.00692 0.00692
0.10500 0.00000 0.10500 0.10500
-0.05566 0.00000 -0.05566 -0.05566
-0.01980 0.00000 -0.01980 -0.01980
0.48143 0.00000 0.48143 0.48143
3.69535 0.00000 3.69535 3.69535
0.68810 0.00000 0.68810 0.68810
1.15854 0.00000 1.15854 1.15854
0.95104 0.00000 0.95104 0.95104
-0.52476 0.00000 -0.52476 -0.52476
-0.01189 0.00000 -0.01189 -0.01189
0.00000 0.00000 0.00000 0.00000
1.36458 0.00000 1.36458 1.36458
0.77794 0.00000 0.77794 0.77794
0.35483 0.00000 0.35483 0.35483
0.24915 0.00000 0.24915 0.24915
1.19078 0.00000 1.19078 1.19078
