# avg	std	min	max
1.98377 0.00000 1.98377 1.98377
0.90924 0.00000 0.90924 0.90924
0.23583 0.00000 0.23583 0.23583
-0.42756 0.00000 -0.42756 -0.42756
-0.58343 0.00000 -0.58343 -0.58343
-0.45270 0.00000 -0.45270 -0.45270
0.22366 0.00000 0.22366 0.22366
0.29676 0.00000 0.29676 0.29676
4.86222 0.00000 4.86222 4.86222
1.21330 0.00000 1.21330 1.21330
1.46426 0.00000 1.46426 1.46426
1.51702 0.00000 1.51702 1.51702
0.49889 0.00000 0.49889 0.49889
1.62218 0.00000 1.62218 1.62218
0.00023 0.00000 0.00023 0.00023
1.68278 0.00000 1.68278 1.68278
0.82080 0.00000 0.82080 0.82080
0.16133 0.00000 0.16133 0.16133
0.55410 0.00000 0.55410 0.55410
1.24522 0.00000 1.24522 1.24522
