# avg	std	min	max
1.18857 0.00000 1.18857 1.18857
0.34787 0.00000 0.34787 0.34787
0.81189 0.00000 0.81189 0.81189
-0.04938 0.00000 -0.04938 -0.04938
0.11042 0.00000 0.11042 0.11042
-0.21766 0.00000 -0.21766 -0.21766
-0.12770 0.00000 -0.12770 -0.12770
-0.08095 0.00000 -0.08095 -0.08095
2.85168 0.00000 2.85168 2.85168
0.54269 0.00000 0.54269 0.54269
1.00036 0.00000 1.00036 1.00036
1.06316 0.00000 1.06316 1.06316
-0.02932 0.00000 -0.02932 -0.02932
0.37387 0.00000 0.37387 0.37387
0.00000 0.00000 0.00000 0.00000
0.71478 0.00000 0.71478 0.71478
0.34549 0.00000 0.34549 0.34549
0.22764 0.00000 0.22764 0.22764
0.15515 0.00000 0.15515 0.15515
0.61196 0.00000 0.61196 0.61196
