# avg	std	min	max
1.11237 0.00000 1.11237 1.11237
0.23092 0.00000 0.23092 0.23092
0.56454 0.00000 0.56454 0.56454
-0.18813 0.00000 -0.18813 -0.18813
-0.19111 0.00000 -0.19111 -0.19111
-0.75994 0.00000 -0.75994 -0.75994
-0.92598 0.00000 -0.92598 -0.92598
-1.36104 0.00000 -1.36104 -1.36104
2.56892 0.00000 2.56892 2.56892
0.52460 0.00000 0.52460 0.52460
0.88620 0.00000 0.88620 0.88620
1.08552 0.00000 1.08552 1.08552
-0.74118 0.00000 -0.74118 -0.74118
0.61676 0.00000 0.61676 0.61676
-0.01153 0.00000 -0.01153 -0.01153
0.57447 0.00000 0.57447 0.57447
0.12859 0.00000 0.12859 0.12859
-0.01344 0.00000 -0.01344 -0.01344
0.09407 0.00000 0.09407 0.09407
0.52059 0.00000 0.52059 0.52059
