# avg	std	min	max
2.21007 0.00000 2.21007 2.21007
0.75079 0.00000 0.75079 0.75079
2.18347 0.00000 2.18347 2.18347
-2.00929 0.00000 -2.00929 -2.00929
0.69679 0.00000 0.69679 0.69679
-1.77899 0.00000 -1.77899 -1.77899
-1.04843 0.00000 -1.04843 -1.04843
6.15553 0.00000 6.15553 6.15553
4.54138 0.00000 4.54138 4.54138
1.24571 0.00000 1.24571 1.24571
0.96259 0.00000 0.96259 0.96259
1.17211 0.00000 1.17211 1.17211
0.92760 0.00000 0.92760 0.92760
0.94706 0.00000 0.94706 0.94706
-0.02102 0.00000 -0.02102 -0.02102
2.95468 0.00000 2.95468 2.95468
1.93783 0.00000 1.93783 1.93783
1.34472 0.00000 1.34472 1.34472
1.67854 0.00000 1.67854 1.67854
-0.34069 0.00000 -0.34069 -0.34069
