# avg	std	min	max
0.85121 0.00000 0.85121 0.85121
0.13132 0.00000 0.13132 0.13132
0.38465 0.00000 0.38465 0.38465
-0.59310 0.00000 -0.59310 -0.59310
-0.37290 0.00000 -0.37290 -0.37290
-0.71579 0.00000 -0.71579 -0.71579
-0.60575 0.00000 -0.60575 -0.60575
-0.51453 0.00000 -0.51453 -0.51453
1.92827 0.00000 1.92827 1.92827
0.14824 0.00000 0.14824 0.14824
-0.37393 0.00000 -0.37393 -0.37393
0.80912 0.00000 0.80912 0.80912
-0.50353 0.00000 -0.50353 -0.50353
0.44522 0.00000 0.44522 0.44522
-0.01695 0.00000 -0.01695 -0.01695
0.81807 0.00000 0.81807 0.81807
0.25093 0.00000 0.25093 0.25093
-0.23791 0.00000 -0.23791 -0.23791
-0.56248 0.00000 -0.56248 -0.56248
0.30533 0.00000 0.30533 0.30533
