# avg	std	min	max
1.76964 0.00000 1.76964 1.76964
0.69085 0.00000 0.69085 0.69085
0.93605 0.00000 0.93605 0.93605
-1.59533 0.00000 -1.59533 -1.59533
0.09694 0.00000 0.09694 0.09694
-1.85842 0.00000 -1.85842 -1.85842
-2.52882 0.00000 -2.52882 -2.52882
0.76490 0.00000 0.76490 0.76490
4.32022 0.00000 4.32022 4.32022
0.90801 0.00000 0.90801 0.90801
1.70303 0.00000 1.70303 1.70303
0.89197 0.00000 0.89197 0.89197
-2.39318 0.00000 -2.39318 -2.39318
0.55000 0.00000 0.55000 0.55000
-0.09498 0.00000 -0.09498 -0.09498
2.33450 0.00000 2.33450 2.33450
1.32019 0.00000 1.32019 1.32019
0.44223 0.00000 0.44223 0.44223
1.27428 0.00000 1.27428 1.27428
0.38308 0.00000 0.38308 0.38308
