# avg	std	min	max
0.87958 0.00000 0.87958 0.87958
0.07374 0.00000 0.07374 0.07374
0.19481 0.00000 0.19481 0.19481
-0.50472 0.00000 -0.50472 -0.50472
-0.46962 0.00000 -0.46962 -0.46962
-0.93787 0.00000 -0.93787 -0.93787
-0.92933 0.00000 -0.92933 -0.92933
-1.19916 0.00000 -1.19916 -1.19916
2.01366 0.00000 2.01366 2.01366
-0.01719 0.00000 -0.01719 -0.01719
0.40735 0.00000 0.40735 0.40735
0.67812 0.00000 0.67812 0.67812
-0.76877 0.00000 -0.76877 -0.76877
0.01422 0.00000 0.01422 0.01422
-0.08058 0.00000 -0.08058 -0.08058
0.31400 0.00000 0.31400 0.31400
0.00331 0.00000 0.00331 0.00331
-0.35149 0.00000 -0.35149 -0.35149
-0.09984 0.00000 -0.09984 -0.09984
0.26351 0.00000 0.26351 0.26351
