# avg	std	min	max
-0.87890 0.00000 -0.87890 -0.87890
-0.31564 0.00000 -0.31564 -0.31564
-0.53696 0.00000 -0.53696 -0.53696
-0.72730 0.00000 -0.72730 -0.72730
-0.25835 0.00000 -0.25835 -0.25835
-0.40485 0.00000 -0.40485 -0.40485
-1.30540 0.00000 -1.30540 -1.30540
-0.89749 0.00000 -0.89749 -0.89749
0.49803 0.00000 0.49803 0.49803
-0.59643 0.00000 -0.59643 -0.59643
-0.78877 0.00000 -0.78877 -0.78877
-0.02150 0.00000 -0.02150 -0.02150
-1.02205 0.00000 -1.02205 -1.02205
-1.57231 0.00000 -1.57231 -1.57231
0.00353 0.00000 0.00353 0.00353
-0.99082 0.00000 -0.99082 -0.99082
-0.09585 0.00000 -0.09585 -0.09585
-0.13341 0.00000 -0.13341 -0.13341
-0.05874 0.00000 -0.05874 -0.05874
-0.24746 0.00000 -0.24746 -0.24746
