# avg	std	min	max
2.84025 0.00000 2.84025 2.84025
1.25673 0.00000 1.25673 1.25673
2.28391 0.00000 2.28391 2.28391
-0.34257 0.00000 -0.34257 -0.34257
1.82049 0.00000 1.82049 1.82049
-0.19978 0.00000 -0.19978 -0.19978
5.58597 0.00000 5.58597 5.58597
4.27949 0.00000 4.27949 4.27949
9.32851 0.00000 9.32851 9.32851
2.78336 0.00000 2.78336 2.78336
1.78520 0.00000 1.78520 1.78520
2.25551 0.00000 2.25551 2.25551
8.25023 0.00000 8.25023 8.25023
1.23856 0.00000 1.23856 1.23856
-0.02309 0.00000 -0.02309 -0.02309
4.29731 0.00000 4.29731 4.29731
2.76471 0.00000 2.76471 2.76471
0.32244 0.00000 0.32244 0.32244
1.77636 0.00000 1.77636 1.77636
5.11587 0.00000 5.11587 5.11587
