# avg	std	min	max
2.32523 0.00000 2.32523 2.32523
0.43917 0.00000 0.43917 0.43917
0.00549 0.00000 0.00549 0.00549
-2.09940 0.00000 -2.09940 -2.09940
-0.88295 0.00000 -0.88295 -0.88295
-1.97738 0.00000 -1.97738 -1.97738
-2.42457 0.00000 -2.42457 -2.42457
-1.87383 0.00000 -1.87383 -1.87383
3.92684 0.00000 3.92684 3.92684
0.91208 0.00000 0.91208 0.91208
1.28515 0.00000 1.28515 1.28515
0.64565 0.00000 0.64565 0.64565
-1.84982 0.00000 -1.84982 -1.84982
1.08167 0.00000 1.08167 1.08167
-0.08480 0.00000 -0.08480 -0.08480
2.17740 0.00000 2.17740 2.17740
1.09443 0.00000 1.09443 1.09443
-0.83890 0.00000 -0.83890 -0.83890
0.33746 0.00000 0.33746 0.33746
0.04621 0.00000 0.04621 0.04621
