# avg	std	min	max
1.07185 0.00000 1.07185 1.07185
0.10423 0.00000 0.10423 0.10423
0.55745 0.00000 0.55745 0.55745
-0.09291 0.00000 -0.09291 -0.09291
-0.07515 0.00000 -0.07515 -0.07515
-0.38425 0.00000 -0.38425 -0.38425
-0.19101 0.00000 -0.19101 -0.19101
-0.20918 0.00000 -0.20918 -0.20918
2.22750 0.00000 2.22750 2.22750
0.09435 0.00000 0.09435 0.09435
0.80908 0.00000 0.80908 0.80908
0.80628 0.00000 0.80628 0.80628
-0.33687 0.00000 -0.33687 -0.33687
0.06081 0.00000 0.06081 0.06081
-0.00184 0.00000 -0.00184 -0.00184
0.58051 0.00000 0.58051 0.58051
-0.14989 0.00000 -0.14989 -0.14989
-0.26507 0.00000 -0.26507 -0.26507
-0.48964 0.00000 -0.48964 -0.48964
0.21074 0.00000 0.21074 0.21074
