# avg	std	min	max
0.26432 0.00000 0.26432 0.26432
-0.18955 0.00000 -0.18955 -0.18955
1.35624 0.00000 1.35624 1.35624
-0.36740 0.00000 -0.36740 -0.36740
0.92223 0.00000 0.92223 0.92223
-0.41294 0.00000 -0.41294 -0.41294
-0.22969 0.00000 -0.22969 -0.22969
-0.03705 0.00000 -0.03705 -0.03705
2.88575 0.00000 2.88575 2.88575
-0.88419 0.00000 -0.88419 -0.88419
0.32298 0.00000 0.32298 0.32298
-0.29205 0.00000 -0.29205 -0.29205
-0.18825 0.00000 -0.18825 -0.18825
-0.59699 0.00000 -0.59699 -0.59699
-0.00951 0.00000 -0.00951 -0.00951
0.22674 0.00000 0.22674 0.22674
0.11317 0.00000 0.11317 0.11317
-0.35804 0.00000 -0.35804 -0.35804
-0.34698 0.00000 -0.34698 -0.34698
-0.29119 0.00000 -0.29119 -0.29119
