# avg	std	min	max
1.23364 0.00000 1.23364 1.23364
0.35202 0.00000 0.35202 0.35202
0.55997 0.00000 0.55997 0.55997
0.08815 0.00000 0.08815 0.08815
0.02897 0.00000 0.02897 0.02897
-0.20304 0.00000 -0.20304 -0.20304
0.32709 0.00000 0.32709 0.32709
0.06670 0.00000 0.06670 0.06670
2.53366 0.00000 2.53366 2.53366
0.45873 0.00000 0.45873 0.45873
0.99092 0.00000 0.99092 0.99092
1.12537 0.00000 1.12537 1.12537
0.18907 0.00000 0.18907 0.18907
0.89247 0.00000 0.89247 0.89247
-0.00000 0.00000 -0.00000 -0.00000
0.70814 0.00000 0.70814 0.70814
0.36696 0.00000 0.36696 0.36696
0.35227 0.00000 0.35227 0.35227
0.12461 0.00000 0.12461 0.12461
0.88565 0.00000 0.88565 0.88565
