# avg	std	min	max
1.31717 0.00000 1.31717 1.31717
0.27179 0.00000 0.27179 0.27179
0.52527 0.00000 0.52527 0.52527
-0.34275 0.00000 -0.34275 -0.34275
-0.27084 0.00000 -0.27084 -0.27084
-0.40387 0.00000 -0.40387 -0.40387
-0.30480 0.00000 -0.30480 -0.30480
-0.79030 0.00000 -0.79030 -0.79030
3.36383 0.00000 3.36383 3.36383
0.48381 0.00000 0.48381 0.48381
0.95975 0.00000 0.95975 0.95975
0.94567 0.00000 0.94567 0.94567
-0.18050 0.00000 -0.18050 -0.18050
0.49564 0.00000 0.49564 0.49564
-0.00000 0.00000 -0.00000 -0.00000
0.61179 0.00000 0.61179 0.61179
0.07914 0.00000 0.07914 0.07914
-0.06301 0.00000 -0.06301 -0.06301
0.21486 0.00000 0.21486 0.21486
0.54839 0.00000 0.54839 0.54839
