# avg	std	min	max
1.00877 0.00000 1.00877 1.00877
0.15353 0.00000 0.15353 0.15353
0.38092 0.00000 0.38092 0.38092
-0.55523 0.00000 -0.55523 -0.55523
-0.40112 0.00000 -0.40112 -0.40112
-0.79973 0.00000 -0.79973 -0.79973
-0.64882 0.00000 -0.64882 -0.64882
-1.15663 0.00000 -1.15663 -1.15663
3.32785 0.00000 3.32785 3.32785
0.18627 0.00000 0.18627 0.18627
0.81944 0.00000 0.81944 0.81944
0.76020 0.00000 0.76020 0.76020
-0.51176 0.00000 -0.51176 -0.51176
-0.01902 0.00000 -0.01902 -0.01902
-0.03575 0.00000 -0.03575 -0.03575
0.65264 0.00000 0.65264 0.65264
0.13576 0.00000 0.13576 0.13576
-0.23090 0.00000 -0.23090 -0.23090
-0.08571 0.00000 -0.08571 -0.08571
-0.03519 0.00000 -0.03519 -0.03519
