# avg	std	min	max
-1.53020 0.00000 -1.53020 -1.53020
-0.88935 0.00000 -0.88935 -0.88935
0.89254 0.00000 0.89254 0.89254
-0.23504 0.00000 -0.23504 -0.23504
0.35747 0.00000 0.35747 0.35747
-0.44257 0.00000 -0.44257 -0.44257
-0.60788 0.00000 -0.60788 -0.60788
-0.53696 0.00000 -0.53696 -0.53696
4.31018 0.00000 4.31018 4.31018
0.60880 0.00000 0.60880 0.60880
1.03243 0.00000 1.03243 1.03243
0.25713 0.00000 0.25713 0.25713
-0.53073 0.00000 -0.53073 -0.53073
0.27845 0.00000 0.27845 0.27845
-0.00163 0.00000 -0.00163 -0.00163
0.34054 0.00000 0.34054 0.34054
-0.04113 0.00000 -0.04113 -0.04113
-0.21259 0.00000 -0.21259 -0.21259
-1.92512 0.00000 -1.92512 -1.92512
0.12192 0.00000 0.12192 0.12192
