# avg	std	min	max
0.65831 0.00000 0.65831 0.65831
-0.94880 0.00000 -0.94880 -0.94880
2.43712 0.00000 2.43712 2.43712
0.03839 0.00000 0.03839 0.03839
1.98992 0.00000 1.98992 1.98992
-0.03704 0.00000 -0.03704 -0.03704
-0.13392 0.00000 -0.13392 -0.13392
-0.04560 0.00000 -0.04560 -0.04560
3.76635 0.00000 3.76635 3.76635
0.72524 0.00000 0.72524 0.72524
1.81477 0.00000 1.81477 1.81477
0.42665 0.00000 0.42665 0.42665
-0.07950 0.00000 -0.07950 -0.07950
0.31042 0.00000 0.31042 0.31042
-0.03313 0.00000 -0.03313 -0.03313
0.34060 0.00000 0.34060 0.34060
-0.20694 0.00000 -0.20694 -0.20694
0.03922 0.00000 0.03922 0.03922
0.00451 0.00000 0.00451 0.00451
0.21187 0.00000 0.21187 0.21187
