# avg	std	min	max
0.83342 0.00000 0.83342 0.83342
0.35709 0.00000 0.35709 0.35709
0.81195 0.00000 0.81195 0.81195
-0.75082 0.00000 -0.75082 -0.75082
-0.09554 0.00000 -0.09554 -0.09554
-0.73010 0.00000 -0.73010 -0.73010
0.23029 0.00000 0.23029 0.23029
0.27415 0.00000 0.27415 0.27415
3.64687 0.00000 3.64687 3.64687
-0.03532 0.00000 -0.03532 -0.03532
0.24893 0.00000 0.24893 0.24893
0.05956 0.00000 0.05956 0.05956
0.10466 0.00000 0.10466 0.10466
0.07603 0.00000 0.07603 0.07603
0.20875 0.00000 0.20875 0.20875
0.71673 0.00000 0.71673 0.71673
0.45267 0.00000 0.45267 0.45267
-0.14057 0.00000 -0.14057 -0.14057
-0.01179 0.00000 -0.01179 -0.01179
0.79965 0.00000 0.79965 0.79965
