# avg	std	min	max
1.63308 0.00000 1.63308 1.63308
0.65799 0.00000 0.65799 0.65799
1.22467 0.00000 1.22467 1.22467
0.44363 0.00000 0.44363 0.44363
0.58188 0.00000 0.58188 0.58188
0.09133 0.00000 0.09133 0.09133
0.58523 0.00000 0.58523 0.58523
0.68657 0.00000 0.68657 0.68657
2.93993 0.00000 2.93993 2.93993
0.86510 0.00000 0.86510 0.86510
0.87766 0.00000 0.87766 0.87766
1.34426 0.00000 1.34426 1.34426
0.67356 0.00000 0.67356 0.67356
0.55611 0.00000 0.55611 0.55611
0.43030 0.00000 0.43030 0.43030
1.44979 0.00000 1.44979 1.44979
0.98179 0.00000 0.98179 0.98179
0.37186 0.00000 0.37186 0.37186
-0.01200 0.00000 -0.01200 -0.01200
0.46380 0.00000 0.46380 0.46380
