# avg	std	min	max
1.60673 0.00000 1.60673 1.60673
1.00140 0.00000 1.00140 1.00140
-0.10470 0.00000 -0.10470 -0.10470
-0.15169 0.00000 -0.15169 -0.15169
-0.89390 0.00000 -0.89390 -0.89390
-0.63860 0.00000 -0.63860 -0.63860
-0.51465 0.00000 -0.51465 -0.51465
0.02970 0.00000 0.02970 0.02970
6.29927 0.00000 6.29927 6.29927
1.13832 0.00000 1.13832 1.13832
0.57312 0.00000 0.57312 0.57312
0.55988 0.00000 0.55988 0.55988
-0.36871 0.00000 -0.36871 -0.36871
0.55093 0.00000 0.55093 0.55093
-0.10364 0.00000 -0.10364 -0.10364
0.93517 0.00000 0.93517 0.93517
0.65247 0.00000 0.65247 0.65247
-0.04818 0.00000 -0.04818 -0.04818
-0.01758 0.00000 -0.01758 -0.01758
0.29037 0.00000 0.29037 0.29037
