# avg	std	min	max
0.17048 0.00000 0.17048 0.17048
0.25489 0.00000 0.25489 0.25489
0.30489 0.00000 0.30489 0.30489
0.14736 0.00000 0.14736 0.14736
0.23932 0.00000 0.23932 0.23932
0.05954 0.00000 0.05954 0.05954
0.01091 0.00000 0.01091 0.01091
-0.11419 0.00000 -0.11419 -0.11419
-0.10012 0.00000 -0.10012 -0.10012
0.32368 0.00000 0.32368 0.32368
0.18202 0.00000 0.18202 0.18202
0.24478 0.00000 0.24478 0.24478
0.10084 0.00000 0.10084 0.10084
0.33535 0.00000 0.33535 0.33535
-0.18374 0.00000 -0.18374 -0.18374
0.22778 0.00000 0.22778 0.22778
-0.54813 0.00000 -0.54813 -0.54813
0.14877 0.00000 0.14877 0.14877
-0.00464 0.00000 -0.00464 -0.00464
0.23849 0.00000 0.23849 0.23849
