# avg	std	min	max
1.36460 0.00000 1.36460 1.36460
0.28386 0.00000 0.28386 0.28386
1.31020 0.00000 1.31020 1.31020
0.41002 0.00000 0.41002 0.41002
0.78764 0.00000 0.78764 0.78764
0.02714 0.00000 0.02714 0.02714
0.58494 0.00000 0.58494 0.58494
0.41439 0.00000 0.41439 0.41439
3.65621 0.00000 3.65621 3.65621
0.25536 0.00000 0.25536 0.25536
1.23056 0.00000 1.23056 1.23056
0.81552 0.00000 0.81552 0.81552
0.53963 0.00000 0.53963 0.53963
0.41360 0.00000 0.41360 0.41360
0.06884 0.00000 0.06884 0.06884
1.06206 0.00000 1.06206 1.06206
0.76864 0.00000 0.76864 0.76864
0.16773 0.00000 0.16773 0.16773
-0.00523 0.00000 -0.00523 -0.00523
0.94735 0.00000 0.94735 0.94735
