# avg	std	min	max
0.89267 0.00000 0.89267 0.89267
0.27353 0.00000 0.27353 0.27353
0.46730 0.00000 0.46730 0.46730
-0.39617 0.00000 -0.39617 -0.39617
-0.23559 0.00000 -0.23559 -0.23559
-0.81349 0.00000 -0.81349 -0.81349
-0.73016 0.00000 -0.73016 -0.73016
-0.18849 0.00000 -0.18849 -0.18849
2.55422 0.00000 2.55422 2.55422
0.25546 0.00000 0.25546 0.25546
0.75633 0.00000 0.75633 0.75633
0.77693 0.00000 0.77693 0.77693
0.21448 0.00000 0.21448 0.21448
0.11854 0.00000 0.11854 0.11854
-0.02574 0.00000 -0.02574 -0.02574
0.55845 0.00000 0.55845 0.55845
0.35518 0.00000 0.35518 0.35518
-0.25125 0.00000 -0.25125 -0.25125
-0.02003 0.00000 -0.02003 -0.02003
0.52636 0.00000 0.52636 0.52636
