# avg	std	min	max
1.03550 0.00000 1.03550 1.03550
0.13967 0.00000 0.13967 0.13967
0.40827 0.00000 0.40827 0.40827
0.11146 0.00000 0.11146 0.11146
-0.35586 0.00000 -0.35586 -0.35586
-0.64510 0.00000 -0.64510 -0.64510
-0.22949 0.00000 -0.22949 -0.22949
-0.10744 0.00000 -0.10744 -0.10744
2.94705 0.00000 2.94705 2.94705
0.23127 0.00000 0.23127 0.23127
0.35359 0.00000 0.35359 0.35359
0.66037 0.00000 0.66037 0.66037
0.17415 0.00000 0.17415 0.17415
0.09673 0.00000 0.09673 0.09673
-0.28292 0.00000 -0.28292 -0.28292
0.54703 0.00000 0.54703 0.54703
0.29958 0.00000 0.29958 0.29958
-0.08117 0.00000 -0.08117 -0.08117
0.00416 0.00000 0.00416 0.00416
0.44512 0.00000 0.44512 0.44512
