# avg	std	min	max
1.36415 0.00000 1.36415 1.36415
0.42283 0.00000 0.42283 0.42283
0.61665 0.00000 0.61665 0.61665
-0.69340 0.00000 -0.69340 -0.69340
-0.29781 0.00000 -0.29781 -0.29781
-0.69907 0.00000 -0.69907 -0.69907
-0.70258 0.00000 -0.70258 -0.70258
-0.66520 0.00000 -0.66520 -0.66520
3.19299 0.00000 3.19299 3.19299
0.61864 0.00000 0.61864 0.61864
1.34614 0.00000 1.34614 1.34614
1.01256 0.00000 1.01256 1.01256
-0.39405 0.00000 -0.39405 -0.39405
0.25970 0.00000 0.25970 0.25970
0.13660 0.00000 0.13660 0.13660
1.11101 0.00000 1.11101 1.11101
0.03264 0.00000 0.03264 0.03264
-0.17169 0.00000 -0.17169 -0.17169
-0.04513 0.00000 -0.04513 -0.04513
0.09054 0.00000 0.09054 0.09054
