# avg	std	min	max
1.26564 0.00000 1.26564 1.26564
0.47823 0.00000 0.47823 0.47823
0.95967 0.00000 0.95967 0.95967
0.10563 0.00000 0.10563 0.10563
0.41331 0.00000 0.41331 0.41331
-0.43775 0.00000 -0.43775 -0.43775
0.24604 0.00000 0.24604 0.24604
0.14333 0.00000 0.14333 0.14333
3.49213 0.00000 3.49213 3.49213
0.42497 0.00000 0.42497 0.42497
1.04601 0.00000 1.04601 1.04601
1.16589 0.00000 1.16589 1.16589
0.31799 0.00000 0.31799 0.31799
0.39951 0.00000 0.39951 0.39951
0.22718 0.00000 0.22718 0.22718
0.85203 0.00000 0.85203 0.85203
0.51880 0.00000 0.51880 0.51880
0.35495 0.00000 0.35495 0.35495
-0.04288 0.00000 -0.04288 -0.04288
0.65457 0.00000 0.65457 0.65457
