# avg	std	min	max
1.15147 0.00000 1.15147 1.15147
0.22978 0.00000 0.22978 0.22978
1.16044 0.00000 1.16044 1.16044
0.14828 0.00000 0.14828 0.14828
1.06980 0.00000 1.06980 1.06980
0.10718 0.00000 0.10718 0.10718
0.35816 0.00000 0.35816 0.35816
0.25012 0.00000 0.25012 0.25012
2.95122 0.00000 2.95122 2.95122
0.68365 0.00000 0.68365 0.68365
1.90491 0.00000 1.90491 1.90491
1.14515 0.00000 1.14515 1.14515
0.38785 0.00000 0.38785 0.38785
-0.03007 0.00000 -0.03007 -0.03007
0.50219 0.00000 0.50219 0.50219
0.68985 0.00000 0.68985 0.68985
0.53331 0.00000 0.53331 0.53331
0.30927 0.00000 0.30927 0.30927
-0.00539 0.00000 -0.00539 -0.00539
0.63855 0.00000 0.63855 0.63855
