# avg	std	min	max
1.19669 0.00000 1.19669 1.19669
0.42928 0.00000 0.42928 0.42928
0.67144 0.00000 0.67144 0.67144
-0.17772 0.00000 -0.17772 -0.17772
-0.11990 0.00000 -0.11990 -0.11990
-0.64911 0.00000 -0.64911 -0.64911
-0.12032 0.00000 -0.12032 -0.12032
-0.43543 0.00000 -0.43543 -0.43543
3.25190 0.00000 3.25190 3.25190
0.89219 0.00000 0.89219 0.89219
0.94223 0.00000 0.94223 0.94223
1.07459 0.00000 1.07459 1.07459
-0.15689 0.00000 -0.15689 -0.15689
0.19906 0.00000 0.19906 0.19906
-0.10719 0.00000 -0.10719 -0.10719
0.70531 0.00000 0.70531 0.70531
0.31000 0.00000 0.31000 0.31000
0.19860 0.00000 0.19860 0.19860
-0.04577 0.00000 -0.04577 -0.04577
0.51041 0.00000 0.51041 0.51041
