# avg	std	min	max
1.66105 0.00000 1.66105 1.66105
0.91779 0.00000 0.91779 0.91779
1.08994 0.00000 1.08994 1.08994
0.59438 0.00000 0.59438 0.59438
0.51628 0.00000 0.51628 0.51628
0.42071 0.00000 0.42071 0.42071
0.53746 0.00000 0.53746 0.53746
0.63095 0.00000 0.63095 0.63095
3.93810 0.00000 3.93810 3.93810
1.74707 0.00000 1.74707 1.74707
1.52027 0.00000 1.52027 1.52027
1.84498 0.00000 1.84498 1.84498
0.61137 0.00000 0.61137 0.61137
1.02276 0.00000 1.02276 1.02276
0.59837 0.00000 0.59837 0.59837
1.44411 0.00000 1.44411 1.44411
0.87735 0.00000 0.87735 0.87735
0.38106 0.00000 0.38106 0.38106
-0.01113 0.00000 -0.01113 -0.01113
0.86128 0.00000 0.86128 0.86128
