# avg	std	min	max
2.93507 0.00000 2.93507 2.93507
2.09153 0.00000 2.09153 2.09153
2.82552 0.00000 2.82552 2.82552
1.17314 0.00000 1.17314 1.17314
2.19154 0.00000 2.19154 2.19154
1.22241 0.00000 1.22241 1.22241
1.62498 0.00000 1.62498 1.62498
0.77330 0.00000 0.77330 0.77330
5.75493 0.00000 5.75493 5.75493
2.09205 0.00000 2.09205 2.09205
2.16974 0.00000 2.16974 2.16974
2.96158 0.00000 2.96158 2.96158
1.09531 0.00000 1.09531 1.09531
2.24595 0.00000 2.24595 2.24595
1.58264 0.00000 1.58264 1.58264
3.00235 0.00000 3.00235 3.00235
2.40745 0.00000 2.40745 2.40745
1.71147 0.00000 1.71147 1.71147
-0.02594 0.00000 -0.02594 -0.02594
2.42173 0.00000 2.42173 2.42173
