# avg	std	min	max
1.10749 0.00000 1.10749 1.10749
0.06957 0.00000 0.06957 0.06957
1.71776 0.00000 1.71776 1.71776
-0.56748 0.00000 -0.56748 -0.56748
1.39972 0.00000 1.39972 1.39972
-0.91296 0.00000 -0.91296 -0.91296
-0.46253 0.00000 -0.46253 -0.46253
0.05596 0.00000 0.05596 0.05596
8.57697 0.00000 8.57697 8.57697
0.78554 0.00000 0.78554 0.78554
2.18746 0.00000 2.18746 2.18746
0.91340 0.00000 0.91340 0.91340
-0.20529 0.00000 -0.20529 -0.20529
0.63199 0.00000 0.63199 0.63199
-0.24597 0.00000 -0.24597 -0.24597
1.29127 0.00000 1.29127 1.29127
-0.30901 0.00000 -0.30901 -0.30901
-0.17781 0.00000 -0.17781 -0.17781
-0.02605 0.00000 -0.02605 -0.02605
0.32585 0.00000 0.32585 0.32585
