# avg	std	min	max
0.90504 0.00000 0.90504 0.90504
0.01779 0.00000 0.01779 0.01779
0.54715 0.00000 0.54715 0.54715
-0.29128 0.00000 -0.29128 -0.29128
-0.01674 0.00000 -0.01674 -0.01674
-0.47427 0.00000 -0.47427 -0.47427
-0.09734 0.00000 -0.09734 -0.09734
0.01750 0.00000 0.01750 0.01750
4.26901 0.00000 4.26901 4.26901
1.00811 0.00000 1.00811 1.00811
1.09161 0.00000 1.09161 1.09161
1.01595 0.00000 1.01595 1.01595
-0.05556 0.00000 -0.05556 -0.05556
0.15922 0.00000 0.15922 0.15922
0.22588 0.00000 0.22588 0.22588
0.71398 0.00000 0.71398 0.71398
0.21192 0.00000 0.21192 0.21192
-0.08513 0.00000 -0.08513 -0.08513
-0.01928 0.00000 -0.01928 -0.01928
0.09013 0.00000 0.09013 0.09013
