# avg	std	min	max
1.20589 0.00000 1.20589 1.20589
0.34560 0.00000 0.34560 0.34560
0.97680 0.00000 0.97680 0.97680
0.14369 0.00000 0.14369 0.14369
0.74062 0.00000 0.74062 0.74062
-0.35602 0.00000 -0.35602 -0.35602
0.23091 0.00000 0.23091 0.23091
0.32488 0.00000 0.32488 0.32488
2.76102 0.00000 2.76102 2.76102
0.13344 0.00000 0.13344 0.13344
1.28787 0.00000 1.28787 1.28787
1.01979 0.00000 1.01979 1.01979
0.25404 0.00000 0.25404 0.25404
0.55103 0.00000 0.55103 0.55103
0.01491 0.00000 0.01491 0.01491
1.35148 0.00000 1.35148 1.35148
0.49438 0.00000 0.49438 0.49438
0.10314 0.00000 0.10314 0.10314
-0.02908 0.00000 -0.02908 -0.02908
0.92165 0.00000 0.92165 0.92165
