# avg	std	min	max
0.74882 0.00000 0.74882 0.74882
0.70361 0.00000 0.70361 0.70361
1.68013 0.00000 1.68013 1.68013
0.59433 0.00000 0.59433 0.59433
1.23600 0.00000 1.23600 1.23600
0.59897 0.00000 0.59897 0.59897
0.23494 0.00000 0.23494 0.23494
0.71439 0.00000 0.71439 0.71439
1.03421 0.00000 1.03421 1.03421
1.23431 0.00000 1.23431 1.23431
1.13135 0.00000 1.13135 1.13135
0.93811 0.00000 0.93811 0.93811
0.50141 0.00000 0.50141 0.50141
0.90037 0.00000 0.90037 0.90037
0.33794 0.00000 0.33794 0.33794
0.75711 0.00000 0.75711 0.75711
0.24771 0.00000 0.24771 0.24771
0.25380 0.00000 0.25380 0.25380
-0.01975 0.00000 -0.01975 -0.01975
1.02034 0.00000 1.02034 1.02034
