# avg	std	min	max
0.44430 0.00000 0.44430 0.44430
0.05251 0.00000 0.05251 0.05251
0.44423 0.00000 0.44423 0.44423
0.25504 0.00000 0.25504 0.25504
0.46656 0.00000 0.46656 0.46656
0.24768 0.00000 0.24768 0.24768
0.18861 0.00000 0.18861 0.18861
0.27238 0.00000 0.27238 0.27238
-0.68365 0.00000 -0.68365 -0.68365
0.35232 0.00000 0.35232 0.35232
0.38171 0.00000 0.38171 0.38171
0.43225 0.00000 0.43225 0.43225
0.20106 0.00000 0.20106 0.20106
0.50290 0.00000 0.50290 0.50290
0.11148 0.00000 0.11148 0.11148
0.28611 0.00000 0.28611 0.28611
-0.30736 0.00000 -0.30736 -0.30736
0.01821 0.00000 0.01821 0.01821
-0.00000 0.00000 -0.00000 -0.00000
0.36753 0.00000 0.36753 0.36753
