# avg	std	min	max
2.00954 0.00000 2.00954 2.00954
2.00785 0.00000 2.00785 2.00785
3.79718 0.00000 3.79718 3.79718
2.15066 0.00000 2.15066 2.15066
3.78709 0.00000 3.78709 3.78709
2.36930 0.00000 2.36930 2.36930
2.46881 0.00000 2.46881 2.46881
2.67847 0.00000 2.67847 2.67847
1.25736 0.00000 1.25736 1.25736
-0.00242 0.00000 -0.00242 -0.00242
1.59726 0.00000 1.59726 1.59726
2.02214 0.00000 2.02214 2.02214
2.39656 0.00000 2.39656 2.39656
0.85594 0.00000 0.85594 0.85594
2.40271 0.00000 2.40271 2.40271
-0.40723 0.00000 -0.40723 -0.40723
0.83234 0.00000 0.83234 0.83234
3.12619 0.00000 3.12619 3.12619
2.43439 0.00000 2.43439 2.43439
1.86007 0.00000 1.86007 1.86007
