# avg	std	min	max
0.64666 0.00000 0.64666 0.64666
-1.04764 0.00000 -1.04764 -1.04764
0.04560 0.00000 0.04560 0.04560
0.49038 0.00000 0.49038 0.49038
-0.48990 0.00000 -0.48990 -0.48990
1.03210 0.00000 1.03210 1.03210
4.61435 0.00000 4.61435 4.61435
13.12594 0.00000 13.12594 13.12594
-2.87109 0.00000 -2.87109 -2.87109
-0.00043 0.00000 -0.00043 -0.00043
1.03206 0.00000 1.03206 1.03206
0.78442 0.00000 0.78442 0.78442
12.27808 0.00000 12.27808 12.27808
3.23252 0.00000 3.23252 3.23252
-0.96724 0.00000 -0.96724 -0.96724
3.72633 0.00000 3.72633 3.72633
3.01342 0.00000 3.01342 3.01342
1.45287 0.00000 1.45287 1.45287
5.76434 0.00000 5.76434 5.76434
9.23605 0.00000 9.23605 9.23605
