# avg	std	min	max
0.40489 0.00000 0.40489 0.40489
0.30456 0.00000 0.30456 0.30456
-0.11630 0.00000 -0.11630 -0.11630
-0.70976 0.00000 -0.70976 -0.70976
-0.39675 0.00000 -0.39675 -0.39675
-1.14579 0.00000 -1.14579 -1.14579
-0.47023 0.00000 -0.47023 -0.47023
-0.35253 0.00000 -0.35253 -0.35253
1.88863 0.00000 1.88863 1.88863
-0.00118 0.00000 -0.00118 -0.00118
-0.19933 0.00000 -0.19933 -0.19933
-0.37861 0.00000 -0.37861 -0.37861
-0.34115 0.00000 -0.34115 -0.34115
0.06823 0.00000 0.06823 0.06823
-0.00453 0.00000 -0.00453 -0.00453
0.12892 0.00000 0.12892 0.12892
0.08817 0.00000 0.08817 0.08817
-0.35174 0.00000 -0.35174 -0.35174
-0.03896 0.00000 -0.03896 -0.03896
0.36163 0.00000 0.36163 0.36163
