# avg	std	min	max
1.63648 0.00000 1.63648 1.63648
0.06071 0.00000 0.06071 0.06071
0.10182 0.00000 0.10182 0.10182
0.01440 0.00000 0.01440 0.01440
0.29857 0.00000 0.29857 0.29857
-0.14560 0.00000 -0.14560 -0.14560
-0.34636 0.00000 -0.34636 -0.34636
-0.33472 0.00000 -0.33472 -0.33472
2.19898 0.00000 2.19898 2.19898
-0.00002 0.00000 -0.00002 -0.00002
-0.06470 0.00000 -0.06470 -0.06470
-0.23042 0.00000 -0.23042 -0.23042
-0.23186 0.00000 -0.23186 -0.23186
-0.11821 0.00000 -0.11821 -0.11821
-0.08455 0.00000 -0.08455 -0.08455
-0.20428 0.00000 -0.20428 -0.20428
-0.06245 0.00000 -0.06245 -0.06245
-0.15003 0.00000 -0.15003 -0.15003
-0.46176 0.00000 -0.46176 -0.46176
0.06134 0.00000 0.06134 0.06134
