# avg	std	min	max
0.14450 0.00000 0.14450 0.14450
-0.16991 0.00000 -0.16991 -0.16991
-0.23848 0.00000 -0.23848 -0.23848
-0.42919 0.00000 -0.42919 -0.42919
-0.45382 0.00000 -0.45382 -0.45382
-0.91001 0.00000 -0.91001 -0.91001
-1.05797 0.00000 -1.05797 -1.05797
-1.06883 0.00000 -1.06883 -1.06883
-0.39253 0.00000 -0.39253 -0.39253
-0.00031 0.00000 -0.00031 -0.00031
-0.09576 0.00000 -0.09576 -0.09576
-0.29142 0.00000 -0.29142 -0.29142
-1.02770 0.00000 -1.02770 -1.02770
-0.26115 0.00000 -0.26115 -0.26115
-0.19158 0.00000 -0.19158 -0.19158
-0.42192 0.00000 -0.42192 -0.42192
-0.31846 0.00000 -0.31846 -0.31846
-0.49943 0.00000 -0.49943 -0.49943
-0.27410 0.00000 -0.27410 -0.27410
-0.17311 0.00000 -0.17311 -0.17311
