# avg	std	min	max
-0.19784 0.00000 -0.19784 -0.19784
-0.20311 0.00000 -0.20311 -0.20311
-0.07255 0.00000 -0.07255 -0.07255
-0.22242 0.00000 -0.22242 -0.22242
-0.20070 0.00000 -0.20070 -0.20070
-0.25097 0.00000 -0.25097 -0.25097
-0.34693 0.00000 -0.34693 -0.34693
-0.50100 0.00000 -0.50100 -0.50100
-1.21926 0.00000 -1.21926 -1.21926
-0.00325 0.00000 -0.00325 -0.00325
-0.17863 0.00000 -0.17863 -0.17863
-0.20667 0.00000 -0.20667 -0.20667
-0.31551 0.00000 -0.31551 -0.31551
-0.25844 0.00000 -0.25844 -0.25844
-0.00829 0.00000 -0.00829 -0.00829
-0.54902 0.00000 -0.54902 -0.54902
-0.34223 0.00000 -0.34223 -0.34223
-0.24552 0.00000 -0.24552 -0.24552
-0.21084 0.00000 -0.21084 -0.21084
0.02473 0.00000 0.02473 0.02473
