# avg	std	min	max
-0.24576 0.00000 -0.24576 -0.24576
-0.17347 0.00000 -0.17347 -0.17347
-0.04359 0.00000 -0.04359 -0.04359
-0.07185 0.00000 -0.07185 -0.07185
-0.02851 0.00000 -0.02851 -0.02851
-0.18845 0.00000 -0.18845 -0.18845
-0.15671 0.00000 -0.15671 -0.15671
-0.19797 0.00000 -0.19797 -0.19797
0.02018 0.00000 0.02018 0.02018
-0.00006 0.00000 -0.00006 -0.00006
-0.17328 0.00000 -0.17328 -0.17328
-0.17801 0.00000 -0.17801 -0.17801
-0.13878 0.00000 -0.13878 -0.13878
-0.39074 0.00000 -0.39074 -0.39074
-0.09501 0.00000 -0.09501 -0.09501
-0.72831 0.00000 -0.72831 -0.72831
-0.51219 0.00000 -0.51219 -0.51219
-0.22994 0.00000 -0.22994 -0.22994
-0.18817 0.00000 -0.18817 -0.18817
-0.10065 0.00000 -0.10065 -0.10065
