# avg	std	min	max
-0.01725 0.00000 -0.01725 -0.01725
-0.32442 0.00000 -0.32442 -0.32442
-0.10671 0.00000 -0.10671 -0.10671
-0.56487 0.00000 -0.56487 -0.56487
-0.58050 0.00000 -0.58050 -0.58050
-0.67248 0.00000 -0.67248 -0.67248
0.13743 0.00000 0.13743 0.13743
0.23651 0.00000 0.23651 0.23651
0.12034 0.00000 0.12034 0.12034
-0.00034 0.00000 -0.00034 -0.00034
-0.11173 0.00000 -0.11173 -0.11173
-0.35876 0.00000 -0.35876 -0.35876
0.24589 0.00000 0.24589 0.24589
0.17405 0.00000 0.17405 0.17405
-0.20803 0.00000 -0.20803 -0.20803
-1.08566 0.00000 -1.08566 -1.08566
-0.56769 0.00000 -0.56769 -0.56769
-0.49756 0.00000 -0.49756 -0.49756
-0.07742 0.00000 -0.07742 -0.07742
0.35274 0.00000 0.35274 0.35274
