# avg	std	min	max
0.24998 0.00000 0.24998 0.24998
-0.40540 0.00000 -0.40540 -0.40540
-0.24772 0.00000 -0.24772 -0.24772
-0.89893 0.00000 -0.89893 -0.89893
-0.63107 0.00000 -0.63107 -0.63107
-1.35571 0.00000 -1.35571 -1.35571
-0.38617 0.00000 -0.38617 -0.38617
-0.16645 0.00000 -0.16645 -0.16645
-1.48624 0.00000 -1.48624 -1.48624
-0.00023 0.00000 -0.00023 -0.00023
-0.01202 0.00000 -0.01202 -0.01202
-0.05028 0.00000 -0.05028 -0.05028
-0.62383 0.00000 -0.62383 -0.62383
0.02699 0.00000 0.02699 0.02699
-0.59590 0.00000 -0.59590 -0.59590
-1.28448 0.00000 -1.28448 -1.28448
-1.02091 0.00000 -1.02091 -1.02091
-0.44815 0.00000 -0.44815 -0.44815
-0.71763 0.00000 -0.71763 -0.71763
0.42543 0.00000 0.42543 0.42543
