# avg	std	min	max
0.79470 0.00000 0.79470 0.79470
-0.10258 0.00000 -0.10258 -0.10258
0.49403 0.00000 0.49403 0.49403
-0.61522 0.00000 -0.61522 -0.61522
-0.20617 0.00000 -0.20617 -0.20617
-0.80908 0.00000 -0.80908 -0.80908
-1.48008 0.00000 -1.48008 -1.48008
-0.56540 0.00000 -0.56540 -0.56540
3.78839 0.00000 3.78839 3.78839
-0.00062 0.00000 -0.00062 -0.00062
-0.01211 0.00000 -0.01211 -0.01211
0.66952 0.00000 0.66952 0.66952
-1.03870 0.00000 -1.03870 -1.03870
-0.00298 0.00000 -0.00298 -0.00298
-0.40857 0.00000 -0.40857 -0.40857
-0.24532 0.00000 -0.24532 -0.24532
-0.14127 0.00000 -0.14127 -0.14127
0.37090 0.00000 0.37090 0.37090
1.01210 0.00000 1.01210 1.01210
1.03689 0.00000 1.03689 1.03689
