# avg	std	min	max
0.00844 0.00000 0.00844 0.00844
-0.81072 0.00000 -0.81072 -0.81072
-0.59324 0.00000 -0.59324 -0.59324
-1.36261 0.00000 -1.36261 -1.36261
-1.08297 0.00000 -1.08297 -1.08297
-1.63381 0.00000 -1.63381 -1.63381
-1.42185 0.00000 -1.42185 -1.42185
-1.75517 0.00000 -1.75517 -1.75517
2.70822 0.00000 2.70822 2.70822
-0.00028 0.00000 -0.00028 -0.00028
-0.21565 0.00000 -0.21565 -0.21565
0.02379 0.00000 0.02379 0.02379
-1.60167 0.00000 -1.60167 -1.60167
-0.61609 0.00000 -0.61609 -0.61609
-1.27790 0.00000 -1.27790 -1.27790
-0.32638 0.00000 -0.32638 -0.32638
-0.72181 0.00000 -0.72181 -0.72181
-1.22556 0.00000 -1.22556 -1.22556
-1.25631 0.00000 -1.25631 -1.25631
-0.56015 0.00000 -0.56015 -0.56015
