# avg	std	min	max
-0.27090 0.00000 -0.27090 -0.27090
-0.52565 0.00000 -0.52565 -0.52565
1.26933 0.00000 1.26933 1.26933
0.88125 0.00000 0.88125 0.88125
2.13115 0.00000 2.13115 2.13115
-0.78060 0.00000 -0.78060 -0.78060
-0.67438 0.00000 -0.67438 -0.67438
2.12216 0.00000 2.12216 2.12216
-0.18527 0.00000 -0.18527 -0.18527
-0.00021 0.00000 -0.00021 -0.00021
1.62090 0.00000 1.62090 1.62090
0.12164 0.00000 0.12164 0.12164
0.42353 0.00000 0.42353 0.42353
-0.22218 0.00000 -0.22218 -0.22218
-0.79721 0.00000 -0.79721 -0.79721
-0.76116 0.00000 -0.76116 -0.76116
-0.15588 0.00000 -0.15588 -0.15588
-0.44732 0.00000 -0.44732 -0.44732
-0.39263 0.00000 -0.39263 -0.39263
0.67140 0.00000 0.67140 0.67140
