# avg	std	min	max
0.76428 0.00000 0.76428 0.76428
0.03129 0.00000 0.03129 0.03129
0.64655 0.00000 0.64655 0.64655
-0.41294 0.00000 -0.41294 -0.41294
0.05361 0.00000 0.05361 0.05361
-0.66012 0.00000 -0.66012 -0.66012
-0.58681 0.00000 -0.58681 -0.58681
-0.65422 0.00000 -0.65422 -0.65422
3.45039 0.00000 3.45039 3.45039
0.00039 0.00000 0.00039 0.00039
0.69604 0.00000 0.69604 0.69604
0.78735 0.00000 0.78735 0.78735
-0.44305 0.00000 -0.44305 -0.44305
0.05620 0.00000 0.05620 0.05620
-0.47050 0.00000 -0.47050 -0.47050
0.38827 0.00000 0.38827 0.38827
0.07586 0.00000 0.07586 0.07586
-0.22454 0.00000 -0.22454 -0.22454
-0.91640 0.00000 -0.91640 -0.91640
0.51233 0.00000 0.51233 0.51233
