# avg	std	min	max
0.39230 0.00000 0.39230 0.39230
0.54327 0.00000 0.54327 0.54327
1.05940 0.00000 1.05940 1.05940
-0.07576 0.00000 -0.07576 -0.07576
0.65747 0.00000 0.65747 0.65747
-0.00034 0.00000 -0.00034 -0.00034
0.08979 0.00000 0.08979 0.08979
0.06998 0.00000 0.06998 0.06998
-1.12411 0.00000 -1.12411 -1.12411
-0.00209 0.00000 -0.00209 -0.00209
0.49266 0.00000 0.49266 0.49266
0.61106 0.00000 0.61106 0.61106
0.14445 0.00000 0.14445 0.14445
-0.32601 0.00000 -0.32601 -0.32601
0.22925 0.00000 0.22925 0.22925
-3.05404 0.00000 -3.05404 -3.05404
-1.46572 0.00000 -1.46572 -1.46572
0.59493 0.00000 0.59493 0.59493
0.40407 0.00000 0.40407 0.40407
0.26376 0.00000 0.26376 0.26376
