# avg	std	min	max
0.20122 0.00000 0.20122 0.20122
0.10360 0.00000 0.10360 0.10360
0.37905 0.00000 0.37905 0.37905
-0.18178 0.00000 -0.18178 -0.18178
0.05789 0.00000 0.05789 0.05789
-0.04242 0.00000 -0.04242 -0.04242
-0.35601 0.00000 -0.35601 -0.35601
0.12168 0.00000 0.12168 0.12168
0.08960 0.00000 0.08960 0.08960
-0.00086 0.00000 -0.00086 -0.00086
0.20871 0.00000 0.20871 0.20871
0.29372 0.00000 0.29372 0.29372
-0.29563 0.00000 -0.29563 -0.29563
-0.14671 0.00000 -0.14671 -0.14671
-0.06349 0.00000 -0.06349 -0.06349
-0.23619 0.00000 -0.23619 -0.23619
-0.04925 0.00000 -0.04925 -0.04925
-0.28323 0.00000 -0.28323 -0.28323
-0.63456 0.00000 -0.63456 -0.63456
0.23956 0.00000 0.23956 0.23956
