# avg	std	min	max
-1.78328 0.00000 -1.78328 -1.78328
-1.62136 0.00000 -1.62136 -1.62136
1.13522 0.00000 1.13522 1.13522
-0.39296 0.00000 -0.39296 -0.39296
0.84500 0.00000 0.84500 0.84500
-0.59945 0.00000 -0.59945 -0.59945
-0.58330 0.00000 -0.58330 -0.58330
-0.58180 0.00000 -0.58180 -0.58180
3.86491 0.00000 3.86491 3.86491
-0.00000 0.00000 -0.00000 -0.00000
0.65944 0.00000 0.65944 0.65944
-0.19367 0.00000 -0.19367 -0.19367
-0.53193 0.00000 -0.53193 -0.53193
-0.27525 0.00000 -0.27525 -0.27525
-0.56615 0.00000 -0.56615 -0.56615
-0.24375 0.00000 -0.24375 -0.24375
-0.77797 0.00000 -0.77797 -0.77797
-0.55728 0.00000 -0.55728 -0.55728
-0.58027 0.00000 -0.58027 -0.58027
-0.32583 0.00000 -0.32583 -0.32583
