# avg	std	min	max
-1.21552 0.00000 -1.21552 -1.21552
1.50415 0.00000 1.50415 1.50415
2.59405 0.00000 2.59405 2.59405
0.65162 0.00000 0.65162 0.65162
1.86644 0.00000 1.86644 1.86644
0.60657 0.00000 0.60657 0.60657
0.66119 0.00000 0.66119 0.66119
0.81275 0.00000 0.81275 0.81275
6.45679 0.00000 6.45679 6.45679
0.01427 0.00000 0.01427 0.01427
2.00216 0.00000 2.00216 2.00216
1.16621 0.00000 1.16621 1.16621
0.71238 0.00000 0.71238 0.71238
1.37417 0.00000 1.37417 1.37417
0.99131 0.00000 0.99131 0.99131
1.22482 0.00000 1.22482 1.22482
0.94368 0.00000 0.94368 0.94368
0.82008 0.00000 0.82008 0.82008
-0.70352 0.00000 -0.70352 -0.70352
1.31544 0.00000 1.31544 1.31544
