# avg	std	min	max
2.52318 0.00000 2.52318 2.52318
0.59480 0.00000 0.59480 0.59480
1.11793 0.00000 1.11793 1.11793
0.61638 0.00000 0.61638 0.61638
1.08008 0.00000 1.08008 1.08008
0.34187 0.00000 0.34187 0.34187
0.15521 0.00000 0.15521 0.15521
0.31846 0.00000 0.31846 0.31846
2.41567 0.00000 2.41567 2.41567
0.00000 0.00000 0.00000 0.00000
0.17287 0.00000 0.17287 0.17287
0.34248 0.00000 0.34248 0.34248
0.27013 0.00000 0.27013 0.27013
0.45361 0.00000 0.45361 0.45361
0.08178 0.00000 0.08178 0.08178
0.51838 0.00000 0.51838 0.51838
0.69073 0.00000 0.69073 0.69073
0.07618 0.00000 0.07618 0.07618
0.02507 0.00000 0.02507 0.02507
0.40554 0.00000 0.40554 0.40554
