# avg	std	min	max
-1.41670 0.00000 -1.41670 -1.41670
-0.45162 0.00000 -0.45162 -0.45162
1.56909 0.00000 1.56909 1.56909
-0.21785 0.00000 -0.21785 -0.21785
2.24163 0.00000 2.24163 2.24163
-0.12111 0.00000 -0.12111 -0.12111
-0.36948 0.00000 -0.36948 -0.36948
-0.21735 0.00000 -0.21735 -0.21735
2.53356 0.00000 2.53356 2.53356
-0.56528 0.00000 -0.56528 -0.56528
-0.00000 0.00000 -0.00000 -0.00000
-0.17479 0.00000 -0.17479 -0.17479
-0.38266 0.00000 -0.38266 -0.38266
-0.79268 0.00000 -0.79268 -0.79268
-0.81205 0.00000 -0.81205 -0.81205
-0.48388 0.00000 -0.48388 -0.48388
-0.39709 0.00000 -0.39709 -0.39709
-1.07593 0.00000 -1.07593 -1.07593
-1.27661 0.00000 -1.27661 -1.27661
-0.09829 0.00000 -0.09829 -0.09829
