# avg	std	min	max
1.04919 0.00000 1.04919 1.04919
0.65224 0.00000 0.65224 0.65224
0.69405 0.00000 0.69405 0.69405
0.00983 0.00000 0.00983 0.00983
1.84465 0.00000 1.84465 1.84465
0.09366 0.00000 0.09366 0.09366
1.13306 0.00000 1.13306 1.13306
2.42146 0.00000 2.42146 2.42146
0.70976 0.00000 0.70976 0.70976
0.04424 0.00000 0.04424 0.04424
-0.00044 0.00000 -0.00044 -0.00044
1.19067 0.00000 1.19067 1.19067
1.49787 0.00000 1.49787 1.49787
0.11762 0.00000 0.11762 0.11762
-0.27040 0.00000 -0.27040 -0.27040
0.70553 0.00000 0.70553 0.70553
0.94081 0.00000 0.94081 0.94081
-0.55477 0.00000 -0.55477 -0.55477
-0.86423 0.00000 -0.86423 -0.86423
1.62635 0.00000 1.62635 1.62635
