# avg	std	min	max
4.26144 0.00000 4.26144 4.26144
3.28390 0.00000 3.28390 3.28390
2.63347 0.00000 2.63347 2.63347
2.04083 0.00000 2.04083 2.04083
3.45431 0.00000 3.45431 3.45431
1.77969 0.00000 1.77969 1.77969
5.31612 0.00000 5.31612 5.31612
11.44734 0.00000 11.44734 11.44734
5.10195 0.00000 5.10195 5.10195
1.63286 0.00000 1.63286 1.63286
-0.00708 0.00000 -0.00708 -0.00708
2.64564 0.00000 2.64564 2.64564
6.42631 0.00000 6.42631 6.42631
2.48979 0.00000 2.48979 2.48979
3.48432 0.00000 3.48432 3.48432
4.24239 0.00000 4.24239 4.24239
4.39664 0.00000 4.39664 4.39664
3.42356 0.00000 3.42356 3.42356
3.63319 0.00000 3.63319 3.63319
5.12549 0.00000 5.12549 5.12549
