# avg	std	min	max
1.70254 0.00000 1.70254 1.70254
-0.17467 0.00000 -0.17467 -0.17467
-0.41750 0.00000 -0.41750 -0.41750
-1.14900 0.00000 -1.14900 -1.14900
0.99874 0.00000 0.99874 0.99874
-2.40373 0.00000 -2.40373 -2.40373
-1.25303 0.00000 -1.25303 -1.25303
6.83970 0.00000 6.83970 6.83970
6.32097 0.00000 6.32097 6.32097
0.79131 0.00000 0.79131 0.79131
-0.00042 0.00000 -0.00042 -0.00042
0.13224 0.00000 0.13224 0.13224
1.93614 0.00000 1.93614 1.93614
1.25496 0.00000 1.25496 1.25496
1.92548 0.00000 1.92548 1.92548
4.28053 0.00000 4.28053 4.28053
3.48250 0.00000 3.48250 3.48250
0.72152 0.00000 0.72152 0.72152
2.00432 0.00000 2.00432 2.00432
0.95650 0.00000 0.95650 0.95650
