# avg	std	min	max
0.39575 0.00000 0.39575 0.39575
0.59165 0.00000 0.59165 0.59165
0.46400 0.00000 0.46400 0.46400
0.05052 0.00000 0.05052 0.05052
0.10130 0.00000 0.10130 0.10130
-0.30929 0.00000 -0.30929 -0.30929
-0.48227 0.00000 -0.48227 -0.48227
0.36377 0.00000 0.36377 0.36377
0.29596 0.00000 0.29596 0.29596
0.22441 0.00000 0.22441 0.22441
0.01506 0.00000 0.01506 0.01506
0.09398 0.00000 0.09398 0.09398
-0.12944 0.00000 -0.12944 -0.12944
-0.67414 0.00000 -0.67414 -0.67414
-0.01993 0.00000 -0.01993 -0.01993
0.58449 0.00000 0.58449 0.58449
-0.04456 0.00000 -0.04456 -0.04456
-0.01448 0.00000 -0.01448 -0.01448
0.06624 0.00000 0.06624 0.06624
0.24285 0.00000 0.24285 0.24285
