# avg	std	min	max
1.46214 0.00000 1.46214 1.46214
-0.14487 0.00000 -0.14487 -0.14487
0.05628 0.00000 0.05628 0.05628
-0.30394 0.00000 -0.30394 -0.30394
0.01368 0.00000 0.01368 0.01368
1.37359 0.00000 1.37359 1.37359
-0.44104 0.00000 -0.44104 -0.44104
1.41388 0.00000 1.41388 1.41388
-0.53741 0.00000 -0.53741 -0.53741
-0.02945 0.00000 -0.02945 -0.02945
0.00045 0.00000 0.00045 0.00045
-0.04237 0.00000 -0.04237 -0.04237
-0.32320 0.00000 -0.32320 -0.32320
-0.48090 0.00000 -0.48090 -0.48090
-0.36435 0.00000 -0.36435 -0.36435
-0.25254 0.00000 -0.25254 -0.25254
-0.56454 0.00000 -0.56454 -0.56454
-0.37545 0.00000 -0.37545 -0.37545
-0.53132 0.00000 -0.53132 -0.53132
1.62275 0.00000 1.62275 1.62275
