# avg	std	min	max
0.84854 0.00000 0.84854 0.84854
3.00943 0.00000 3.00943 3.00943
3.54105 0.00000 3.54105 3.54105
2.09322 0.00000 2.09322 2.09322
3.50221 0.00000 3.50221 3.50221
1.58283 0.00000 1.58283 1.58283
1.57406 0.00000 1.57406 1.57406
2.30824 0.00000 2.30824 2.30824
5.58793 0.00000 5.58793 5.58793
1.95024 0.00000 1.95024 1.95024
0.00230 0.00000 0.00230 0.00230
2.51791 0.00000 2.51791 2.51791
1.81253 0.00000 1.81253 1.81253
0.73427 0.00000 0.73427 0.73427
2.93825 0.00000 2.93825 2.93825
2.90487 0.00000 2.90487 2.90487
3.22553 0.00000 3.22553 3.22553
2.41682 0.00000 2.41682 2.41682
0.60257 0.00000 0.60257 0.60257
2.07723 0.00000 2.07723 2.07723
