# avg	std	min	max
1.01213 0.00000 1.01213 1.01213
0.17350 0.00000 0.17350 0.17350
0.19346 0.00000 0.19346 0.19346
-0.66667 0.00000 -0.66667 -0.66667
-0.29456 0.00000 -0.29456 -0.29456
-0.60672 0.00000 -0.60672 -0.60672
-0.23779 0.00000 -0.23779 -0.23779
-0.51777 0.00000 -0.51777 -0.51777
1.44946 0.00000 1.44946 1.44946
0.29372 0.00000 0.29372 0.29372
-0.00203 0.00000 -0.00203 -0.00203
0.69129 0.00000 0.69129 0.69129
-0.21676 0.00000 -0.21676 -0.21676
0.24491 0.00000 0.24491 0.24491
-0.14619 0.00000 -0.14619 -0.14619
0.38953 0.00000 0.38953 0.38953
-0.32275 0.00000 -0.32275 -0.32275
-0.27386 0.00000 -0.27386 -0.27386
-0.15008 0.00000 -0.15008 -0.15008
0.15772 0.00000 0.15772 0.15772
