# avg	std	min	max
1.59288 0.00000 1.59288 1.59288
0.87729 0.00000 0.87729 0.87729
0.46035 0.00000 0.46035 0.46035
0.18946 0.00000 0.18946 0.18946
0.16942 0.00000 0.16942 0.16942
-0.48242 0.00000 -0.48242 -0.48242
3.15423 0.00000 3.15423 3.15423
3.89535 0.00000 3.89535 3.89535
2.69180 0.00000 2.69180 2.69180
0.86218 0.00000 0.86218 0.86218
0.00394 0.00000 0.00394 0.00394
0.52535 0.00000 0.52535 0.52535
2.37135 0.00000 2.37135 2.37135
1.89405 0.00000 1.89405 1.89405
1.99160 0.00000 1.99160 1.99160
2.04167 0.00000 2.04167 2.04167
2.07655 0.00000 2.07655 2.07655
2.25751 0.00000 2.25751 2.25751
1.96019 0.00000 1.96019 1.96019
2.99072 0.00000 2.99072 2.99072
