# avg	std	min	max
1.28538 0.00000 1.28538 1.28538
0.24822 0.00000 0.24822 0.24822
-0.38019 0.00000 -0.38019 -0.38019
-1.40318 0.00000 -1.40318 -1.40318
-0.87536 0.00000 -0.87536 -0.87536
-1.89506 0.00000 -1.89506 -1.89506
-0.13228 0.00000 -0.13228 -0.13228
-0.49150 0.00000 -0.49150 -0.49150
-0.22475 0.00000 -0.22475 -0.22475
0.91775 0.00000 0.91775 0.91775
-0.00110 0.00000 -0.00110 -0.00110
-0.02714 0.00000 -0.02714 -0.02714
-0.10728 0.00000 -0.10728 -0.10728
0.34272 0.00000 0.34272 0.34272
-0.06494 0.00000 -0.06494 -0.06494
0.45192 0.00000 0.45192 0.45192
-0.01557 0.00000 -0.01557 -0.01557
-0.97374 0.00000 -0.97374 -0.97374
-0.38470 0.00000 -0.38470 -0.38470
0.38548 0.00000 0.38548 0.38548
