# avg	std	min	max
0.28432 0.00000 0.28432 0.28432
-0.60610 0.00000 -0.60610 -0.60610
-0.57991 0.00000 -0.57991 -0.57991
-1.65416 0.00000 -1.65416 -1.65416
-1.49871 0.00000 -1.49871 -1.49871
-1.74550 0.00000 -1.74550 -1.74550
-1.43756 0.00000 -1.43756 -1.43756
-1.45721 0.00000 -1.45721 -1.45721
3.23029 0.00000 3.23029 3.23029
0.29679 0.00000 0.29679 0.29679
0.00268 0.00000 0.00268 0.00268
0.06201 0.00000 0.06201 0.06201
-1.23390 0.00000 -1.23390 -1.23390
-0.75360 0.00000 -0.75360 -0.75360
-0.89373 0.00000 -0.89373 -0.89373
-0.09952 0.00000 -0.09952 -0.09952
-0.85811 0.00000 -0.85811 -0.85811
-0.79780 0.00000 -0.79780 -0.79780
-0.48016 0.00000 -0.48016 -0.48016
-0.93022 0.00000 -0.93022 -0.93022
