# avg	std	min	max
-0.47195 0.00000 -0.47195 -0.47195
-0.58145 0.00000 -0.58145 -0.58145
0.12040 0.00000 0.12040 0.12040
-0.60581 0.00000 -0.60581 -0.60581
-0.13179 0.00000 -0.13179 -0.13179
-0.47599 0.00000 -0.47599 -0.47599
-0.39305 0.00000 -0.39305 -0.39305
-0.24817 0.00000 -0.24817 -0.24817
-1.22172 0.00000 -1.22172 -1.22172
-0.39354 0.00000 -0.39354 -0.39354
0.00044 0.00000 0.00044 0.00044
-0.45132 0.00000 -0.45132 -0.45132
-0.41359 0.00000 -0.41359 -0.41359
-0.14191 0.00000 -0.14191 -0.14191
-0.40146 0.00000 -0.40146 -0.40146
-0.29409 0.00000 -0.29409 -0.29409
-0.61713 0.00000 -0.61713 -0.61713
-0.57793 0.00000 -0.57793 -0.57793
-0.29908 0.00000 -0.29908 -0.29908
-0.16547 0.00000 -0.16547 -0.16547
