# avg	std	min	max
0.00643 0.00000 0.00643 0.00643
0.44321 0.00000 0.44321 0.44321
0.60223 0.00000 0.60223 0.60223
0.23558 0.00000 0.23558 0.23558
0.92260 0.00000 0.92260 0.92260
-0.04736 0.00000 -0.04736 -0.04736
-0.22279 0.00000 -0.22279 -0.22279
0.13410 0.00000 0.13410 0.13410
1.70588 0.00000 1.70588 1.70588
-0.13753 0.00000 -0.13753 -0.13753
-0.07523 0.00000 -0.07523 -0.07523
0.18007 0.00000 0.18007 0.18007
0.18487 0.00000 0.18487 0.18487
-0.14102 0.00000 -0.14102 -0.14102
-0.29840 0.00000 -0.29840 -0.29840
0.34685 0.00000 0.34685 0.34685
0.08380 0.00000 0.08380 0.08380
0.18722 0.00000 0.18722 0.18722
-0.29059 0.00000 -0.29059 -0.29059
0.36437 0.00000 0.36437 0.36437
