# avg	std	min	max
3.07428 0.00000 3.07428 3.07428
1.57953 0.00000 1.57953 1.57953
-0.00275 0.00000 -0.00275 -0.00275
-0.12428 0.00000 -0.12428 -0.12428
-0.13565 0.00000 -0.13565 -0.13565
-0.19335 0.00000 -0.19335 -0.19335
3.31686 0.00000 3.31686 3.31686
3.27672 0.00000 3.27672 3.27672
5.40315 0.00000 5.40315 5.40315
2.23332 0.00000 2.23332 2.23332
0.98425 0.00000 0.98425 0.98425
1.74913 0.00000 1.74913 1.74913
5.11822 0.00000 5.11822 5.11822
3.00819 0.00000 3.00819 3.00819
1.25476 0.00000 1.25476 1.25476
2.86616 0.00000 2.86616 2.86616
2.29940 0.00000 2.29940 2.29940
0.80715 0.00000 0.80715 0.80715
1.12479 0.00000 1.12479 1.12479
4.37756 0.00000 4.37756 4.37756
