# avg	std	min	max
2.37637 0.00000 2.37637 2.37637
1.11785 0.00000 1.11785 1.11785
-0.00127 0.00000 -0.00127 -0.00127
-0.20053 0.00000 -0.20053 -0.20053
0.40358 0.00000 0.40358 0.40358
0.71337 0.00000 0.71337 0.71337
1.05576 0.00000 1.05576 1.05576
1.57328 0.00000 1.57328 1.57328
4.34051 0.00000 4.34051 4.34051
1.52952 0.00000 1.52952 1.52952
0.29808 0.00000 0.29808 0.29808
0.84673 0.00000 0.84673 0.84673
0.32210 0.00000 0.32210 0.32210
1.03622 0.00000 1.03622 1.03622
1.93513 0.00000 1.93513 1.93513
3.14773 0.00000 3.14773 3.14773
2.44774 0.00000 2.44774 2.44774
1.58874 0.00000 1.58874 1.58874
2.03519 0.00000 2.03519 2.03519
2.70832 0.00000 2.70832 2.70832
