# avg	std	min	max
-0.00647 0.00000 -0.00647 -0.00647
0.17489 0.00000 0.17489 0.17489
-0.00814 0.00000 -0.00814 -0.00814
-0.13293 0.00000 -0.13293 -0.13293
-0.08758 0.00000 -0.08758 -0.08758
-0.10494 0.00000 -0.10494 -0.10494
-0.13145 0.00000 -0.13145 -0.13145
0.13065 0.00000 0.13065 0.13065
0.54922 0.00000 0.54922 0.54922
0.12334 0.00000 0.12334 0.12334
-0.13645 0.00000 -0.13645 -0.13645
0.03662 0.00000 0.03662 0.03662
-0.07432 0.00000 -0.07432 -0.07432
-0.23866 0.00000 -0.23866 -0.23866
-0.25526 0.00000 -0.25526 -0.25526
-0.14831 0.00000 -0.14831 -0.14831
-0.02497 0.00000 -0.02497 -0.02497
-0.48790 0.00000 -0.48790 -0.48790
-0.49074 0.00000 -0.49074 -0.49074
-0.16625 0.00000 -0.16625 -0.16625
