# avg	std	min	max
-0.12189 0.00000 -0.12189 -0.12189
-0.31883 0.00000 -0.31883 -0.31883
-0.00004 0.00000 -0.00004 -0.00004
-0.15734 0.00000 -0.15734 -0.15734
-0.05286 0.00000 -0.05286 -0.05286
-0.00066 0.00000 -0.00066 -0.00066
-0.15763 0.00000 -0.15763 -0.15763
-0.11460 0.00000 -0.11460 -0.11460
-0.95809 0.00000 -0.95809 -0.95809
-0.16805 0.00000 -0.16805 -0.16805
-0.09117 0.00000 -0.09117 -0.09117
-0.03408 0.00000 -0.03408 -0.03408
-0.15147 0.00000 -0.15147 -0.15147
-0.12638 0.00000 -0.12638 -0.12638
-0.38123 0.00000 -0.38123 -0.38123
-0.26420 0.00000 -0.26420 -0.26420
-0.55859 0.00000 -0.55859 -0.55859
-0.65919 0.00000 -0.65919 -0.65919
-0.30948 0.00000 -0.30948 -0.30948
-0.14780 0.00000 -0.14780 -0.14780
