# avg	std	min	max
1.82728 0.00000 1.82728 1.82728
0.30056 0.00000 0.30056 0.30056
-0.00001 0.00000 -0.00001 -0.00001
-0.20532 0.00000 -0.20532 -0.20532
-0.17884 0.00000 -0.17884 -0.17884
-0.44772 0.00000 -0.44772 -0.44772
-0.62739 0.00000 -0.62739 -0.62739
0.30747 0.00000 0.30747 0.30747
1.31132 0.00000 1.31132 1.31132
-0.18919 0.00000 -0.18919 -0.18919
0.04025 0.00000 0.04025 0.04025
-0.18431 0.00000 -0.18431 -0.18431
0.23095 0.00000 0.23095 0.23095
-0.06394 0.00000 -0.06394 -0.06394
0.19615 0.00000 0.19615 0.19615
0.56642 0.00000 0.56642 0.56642
0.57034 0.00000 0.57034 0.57034
0.09262 0.00000 0.09262 0.09262
0.66709 0.00000 0.66709 0.66709
0.61382 0.00000 0.61382 0.61382
