# avg	std	min	max
-0.62048 0.00000 -0.62048 -0.62048
-0.35932 0.00000 -0.35932 -0.35932
-0.00126 0.00000 -0.00126 -0.00126
-0.13636 0.00000 -0.13636 -0.13636
-0.20745 0.00000 -0.20745 -0.20745
-0.01966 0.00000 -0.01966 -0.01966
-0.77470 0.00000 -0.77470 -0.77470
-0.54343 0.00000 -0.54343 -0.54343
0.64671 0.00000 0.64671 0.64671
-0.12317 0.00000 -0.12317 -0.12317
0.02004 0.00000 0.02004 0.02004
-0.03939 0.00000 -0.03939 -0.03939
-0.69617 0.00000 -0.69617 -0.69617
-0.73049 0.00000 -0.73049 -0.73049
-0.07661 0.00000 -0.07661 -0.07661
-1.05928 0.00000 -1.05928 -1.05928
-0.85484 0.00000 -0.85484 -0.85484
-0.76386 0.00000 -0.76386 -0.76386
-0.80301 0.00000 -0.80301 -0.80301
-0.43248 0.00000 -0.43248 -0.43248
