# avg	std	min	max
0.01109 0.00000 0.01109 0.01109
0.00876 0.00000 0.00876 0.00876
0.00002 0.00000 0.00002 0.00002
-0.16331 0.00000 -0.16331 -0.16331
-0.14845 0.00000 -0.14845 -0.14845
-0.24120 0.00000 -0.24120 -0.24120
-0.46585 0.00000 -0.46585 -0.46585
-0.48833 0.00000 -0.48833 -0.48833
0.18083 0.00000 0.18083 0.18083
0.18032 0.00000 0.18032 0.18032
-0.05742 0.00000 -0.05742 -0.05742
-0.06765 0.00000 -0.06765 -0.06765
-0.45563 0.00000 -0.45563 -0.45563
-0.17407 0.00000 -0.17407 -0.17407
0.03690 0.00000 0.03690 0.03690
-0.55579 0.00000 -0.55579 -0.55579
-0.37204 0.00000 -0.37204 -0.37204
-0.21157 0.00000 -0.21157 -0.21157
-0.16415 0.00000 -0.16415 -0.16415
-0.01214 0.00000 -0.01214 -0.01214
