# avg	std	min	max
2.30008 0.00000 2.30008 2.30008
1.25716 0.00000 1.25716 1.25716
0.00172 0.00000 0.00172 0.00172
-1.13365 0.00000 -1.13365 -1.13365
-0.75040 0.00000 -0.75040 -0.75040
-1.00796 0.00000 -1.00796 -1.00796
3.78454 0.00000 3.78454 3.78454
4.73597 0.00000 4.73597 4.73597
1.99886 0.00000 1.99886 1.99886
1.70627 0.00000 1.70627 1.70627
0.38350 0.00000 0.38350 0.38350
1.67963 0.00000 1.67963 1.67963
4.01289 0.00000 4.01289 4.01289
1.78210 0.00000 1.78210 1.78210
0.81543 0.00000 0.81543 0.81543
2.61990 0.00000 2.61990 2.61990
1.80258 0.00000 1.80258 1.80258
1.08784 0.00000 1.08784 1.08784
0.80899 0.00000 0.80899 0.80899
4.37681 0.00000 4.37681 4.37681
