# avg	std	min	max
2.58892 0.00000 2.58892 2.58892
1.12548 0.00000 1.12548 1.12548
-0.00007 0.00000 -0.00007 -0.00007
-1.61400 0.00000 -1.61400 -1.61400
-0.41791 0.00000 -0.41791 -0.41791
-0.87430 0.00000 -0.87430 -0.87430
0.09892 0.00000 0.09892 0.09892
-0.22116 0.00000 -0.22116 -0.22116
2.82548 0.00000 2.82548 2.82548
1.52814 0.00000 1.52814 1.52814
0.89853 0.00000 0.89853 0.89853
1.17830 0.00000 1.17830 1.17830
0.39607 0.00000 0.39607 0.39607
1.68410 0.00000 1.68410 1.68410
0.18545 0.00000 0.18545 0.18545
2.20417 0.00000 2.20417 2.20417
1.19863 0.00000 1.19863 1.19863
-0.23992 0.00000 -0.23992 -0.23992
-0.37163 0.00000 -0.37163 -0.37163
1.42168 0.00000 1.42168 1.42168
