# avg	std	min	max
-2.29187 0.00000 -2.29187 -2.29187
0.56727 0.00000 0.56727 0.56727
-0.00018 0.00000 -0.00018 -0.00018
-0.40165 0.00000 -0.40165 -0.40165
0.39900 0.00000 0.39900 0.39900
-0.63843 0.00000 -0.63843 -0.63843
-0.64059 0.00000 -0.64059 -0.64059
-0.48616 0.00000 -0.48616 -0.48616
2.54707 0.00000 2.54707 2.54707
-0.16975 0.00000 -0.16975 -0.16975
0.89960 0.00000 0.89960 0.89960
-0.24616 0.00000 -0.24616 -0.24616
-0.64238 0.00000 -0.64238 -0.64238
-0.11968 0.00000 -0.11968 -0.11968
-0.46686 0.00000 -0.46686 -0.46686
-1.74126 0.00000 -1.74126 -1.74126
-0.12674 0.00000 -0.12674 -0.12674
-0.21577 0.00000 -0.21577 -0.21577
-0.53167 0.00000 -0.53167 -0.53167
-0.35336 0.00000 -0.35336 -0.35336
