# avg	std	min	max
-2.62205 0.00000 -2.62205 -2.62205
0.43867 0.00000 0.43867 0.43867
0.00001 0.00000 0.00001 0.00001
-0.30521 0.00000 -0.30521 -0.30521
0.80747 0.00000 0.80747 0.80747
-0.46362 0.00000 -0.46362 -0.46362
-0.36014 0.00000 -0.36014 -0.36014
-0.26753 0.00000 -0.26753 -0.26753
3.14493 0.00000 3.14493 3.14493
-1.87982 0.00000 -1.87982 -1.87982
1.24678 0.00000 1.24678 1.24678
-0.31663 0.00000 -0.31663 -0.31663
-0.30725 0.00000 -0.30725 -0.30725
-0.59150 0.00000 -0.59150 -0.59150
-0.67304 0.00000 -0.67304 -0.67304
-0.12372 0.00000 -0.12372 -0.12372
-0.29728 0.00000 -0.29728 -0.29728
-0.40988 0.00000 -0.40988 -0.40988
-0.64202 0.00000 -0.64202 -0.64202
-0.36303 0.00000 -0.36303 -0.36303
