# avg	std	min	max
5.80838 0.00000 5.80838 5.80838
4.21985 0.00000 4.21985 4.21985
2.85980 0.00000 2.85980 2.85980
0.92797 0.00000 0.92797 0.92797
1.72080 0.00000 1.72080 1.72080
1.15672 0.00000 1.15672 1.15672
2.07236 0.00000 2.07236 2.07236
-0.04846 0.00000 -0.04846 -0.04846
6.03001 0.00000 6.03001 6.03001
5.29480 0.00000 5.29480 5.29480
5.86377 0.00000 5.86377 5.86377
3.83310 0.00000 3.83310 3.83310
2.31041 0.00000 2.31041 2.31041
4.22970 0.00000 4.22970 4.22970
3.90733 0.00000 3.90733 3.90733
4.61678 0.00000 4.61678 4.61678
4.86020 0.00000 4.86020 4.86020
3.49996 0.00000 3.49996 3.49996
4.02939 0.00000 4.02939 4.02939
3.28609 0.00000 3.28609 3.28609
