# avg	std	min	max
4.59537 0.00000 4.59537 4.59537
3.08111 0.00000 3.08111 3.08111
2.39264 0.00000 2.39264 2.39264
1.45835 0.00000 1.45835 1.45835
3.17484 0.00000 3.17484 3.17484
1.13662 0.00000 1.13662 1.13662
-0.06094 0.00000 -0.06094 -0.06094
-0.02114 0.00000 -0.02114 -0.02114
2.65431 0.00000 2.65431 2.65431
4.19368 0.00000 4.19368 4.19368
3.16614 0.00000 3.16614 3.16614
3.27149 0.00000 3.27149 3.27149
0.58613 0.00000 0.58613 0.58613
3.80396 0.00000 3.80396 3.80396
3.75776 0.00000 3.75776 3.75776
5.48393 0.00000 5.48393 5.48393
4.87017 0.00000 4.87017 4.87017
2.81990 0.00000 2.81990 2.81990
1.31559 0.00000 1.31559 1.31559
2.81291 0.00000 2.81291 2.81291
