# avg	std	min	max
0.65851 0.00000 0.65851 0.65851
0.31139 0.00000 0.31139 0.31139
0.55207 0.00000 0.55207 0.55207
0.20676 0.00000 0.20676 0.20676
0.36086 0.00000 0.36086 0.36086
0.09673 0.00000 0.09673 0.09673
-0.01331 0.00000 -0.01331 -0.01331
-0.00344 0.00000 -0.00344 -0.00344
0.32317 0.00000 0.32317 0.32317
0.56632 0.00000 0.56632 0.56632
0.52089 0.00000 0.52089 0.52089
0.62397 0.00000 0.62397 0.62397
0.00031 0.00000 0.00031 0.00031
0.13635 0.00000 0.13635 0.13635
0.32224 0.00000 0.32224 0.32224
0.05410 0.00000 0.05410 0.05410
0.36803 0.00000 0.36803 0.36803
0.19770 0.00000 0.19770 0.19770
0.22339 0.00000 0.22339 0.22339
0.37035 0.00000 0.37035 0.37035
