# avg	std	min	max
0.19816 0.00000 0.19816 0.19816
-0.04497 0.00000 -0.04497 -0.04497
0.09077 0.00000 0.09077 0.09077
-0.09718 0.00000 -0.09718 -0.09718
0.00687 0.00000 0.00687 0.00687
-0.17413 0.00000 -0.17413 -0.17413
-0.01628 0.00000 -0.01628 -0.01628
-0.01906 0.00000 -0.01906 -0.01906
2.32491 0.00000 2.32491 2.32491
-0.33352 0.00000 -0.33352 -0.33352
-0.25023 0.00000 -0.25023 -0.25023
-0.11819 0.00000 -0.11819 -0.11819
0.01191 0.00000 0.01191 0.01191
0.01545 0.00000 0.01545 0.01545
-0.49368 0.00000 -0.49368 -0.49368
-0.01508 0.00000 -0.01508 -0.01508
-0.11061 0.00000 -0.11061 -0.11061
-0.48731 0.00000 -0.48731 -0.48731
-0.57196 0.00000 -0.57196 -0.57196
0.01737 0.00000 0.01737 0.01737
