# avg	std	min	max
4.41128 0.00000 4.41128 4.41128
3.37429 0.00000 3.37429 3.37429
3.78239 0.00000 3.78239 3.78239
1.44873 0.00000 1.44873 1.44873
2.50042 0.00000 2.50042 2.50042
0.89421 0.00000 0.89421 0.89421
0.62227 0.00000 0.62227 0.62227
2.70491 0.00000 2.70491 2.70491
2.84045 0.00000 2.84045 2.84045
4.30663 0.00000 4.30663 4.30663
4.45374 0.00000 4.45374 4.45374
2.98568 0.00000 2.98568 2.98568
-0.00768 0.00000 -0.00768 -0.00768
3.61093 0.00000 3.61093 3.61093
3.64117 0.00000 3.64117 3.64117
4.53903 0.00000 4.53903 4.53903
4.11834 0.00000 4.11834 4.11834
2.48193 0.00000 2.48193 2.48193
3.13320 0.00000 3.13320 3.13320
3.44475 0.00000 3.44475 3.44475
