# avg	std	min	max
4.73246 0.00000 4.73246 4.73246
3.18794 0.00000 3.18794 3.18794
3.98012 0.00000 3.98012 3.98012
1.67335 0.00000 1.67335 1.67335
4.23181 0.00000 4.23181 4.23181
1.36406 0.00000 1.36406 1.36406
0.70427 0.00000 0.70427 0.70427
0.63248 0.00000 0.63248 0.63248
2.39981 0.00000 2.39981 2.39981
4.04282 0.00000 4.04282 4.04282
5.28845 0.00000 5.28845 5.28845
3.68448 0.00000 3.68448 3.68448
-0.02474 0.00000 -0.02474 -0.02474
3.93324 0.00000 3.93324 3.93324
2.96829 0.00000 2.96829 2.96829
4.88394 0.00000 4.88394 4.88394
2.83633 0.00000 2.83633 2.83633
3.31415 0.00000 3.31415 3.31415
3.12784 0.00000 3.12784 3.12784
3.55624 0.00000 3.55624 3.55624
