# avg	std	min	max
1.28338 0.00000 1.28338 1.28338
0.36124 0.00000 0.36124 0.36124
0.17524 0.00000 0.17524 0.17524
-0.71532 0.00000 -0.71532 -0.71532
0.15147 0.00000 0.15147 0.15147
-0.53084 0.00000 -0.53084 -0.53084
0.20037 0.00000 0.20037 0.20037
0.00531 0.00000 0.00531 0.00531
3.60508 0.00000 3.60508 3.60508
0.69065 0.00000 0.69065 0.69065
1.02829 0.00000 1.02829 1.02829
1.07856 0.00000 1.07856 1.07856
-0.00960 0.00000 -0.00960 -0.00960
0.00049 0.00000 0.00049 0.00049
-0.01537 0.00000 -0.01537 -0.01537
0.60251 0.00000 0.60251 0.60251
0.39734 0.00000 0.39734 0.39734
0.14049 0.00000 0.14049 0.14049
0.45434 0.00000 0.45434 0.45434
0.92414 0.00000 0.92414 0.92414
