# avg	std	min	max
5.26172 0.00000 5.26172 5.26172
3.73077 0.00000 3.73077 3.73077
2.63130 0.00000 2.63130 2.63130
0.83047 0.00000 0.83047 0.83047
2.16762 0.00000 2.16762 2.16762
1.62352 0.00000 1.62352 1.62352
0.76328 0.00000 0.76328 0.76328
1.56894 0.00000 1.56894 1.56894
5.35891 0.00000 5.35891 5.35891
4.73728 0.00000 4.73728 4.73728
3.27167 0.00000 3.27167 3.27167
3.31302 0.00000 3.31302 3.31302
-0.02688 0.00000 -0.02688 -0.02688
4.27742 0.00000 4.27742 4.27742
3.50890 0.00000 3.50890 3.50890
5.54458 0.00000 5.54458 5.54458
4.68521 0.00000 4.68521 4.68521
2.18997 0.00000 2.18997 2.18997
3.34633 0.00000 3.34633 3.34633
2.86461 0.00000 2.86461 2.86461
