# avg	std	min	max
0.10646 0.00000 0.10646 0.10646
0.11486 0.00000 0.11486 0.11486
0.39628 0.00000 0.39628 0.39628
-0.28762 0.00000 -0.28762 -0.28762
0.19033 0.00000 0.19033 0.19033
-0.34645 0.00000 -0.34645 -0.34645
-0.08883 0.00000 -0.08883 -0.08883
0.04397 0.00000 0.04397 0.04397
-0.20330 0.00000 -0.20330 -0.20330
-0.01888 0.00000 -0.01888 -0.01888
0.32488 0.00000 0.32488 0.32488
0.05499 0.00000 0.05499 0.05499
-0.00000 0.00000 -0.00000 -0.00000
0.07515 0.00000 0.07515 0.07515
0.12311 0.00000 0.12311 0.12311
-0.03385 0.00000 -0.03385 -0.03385
-0.16145 0.00000 -0.16145 -0.16145
0.02600 0.00000 0.02600 0.02600
0.35487 0.00000 0.35487 0.35487
0.37887 0.00000 0.37887 0.37887
