# avg	std	min	max
3.43127 0.00000 3.43127 3.43127
2.52727 0.00000 2.52727 2.52727
2.96390 0.00000 2.96390 2.96390
1.17836 0.00000 1.17836 1.17836
2.75850 0.00000 2.75850 2.75850
0.50269 0.00000 0.50269 0.50269
0.25075 0.00000 0.25075 0.25075
2.18936 0.00000 2.18936 2.18936
7.03952 0.00000 7.03952 7.03952
3.16214 0.00000 3.16214 3.16214
3.16645 0.00000 3.16645 3.16645
2.81974 0.00000 2.81974 2.81974
-0.02521 0.00000 -0.02521 -0.02521
2.81207 0.00000 2.81207 2.81207
2.26793 0.00000 2.26793 2.26793
3.51609 0.00000 3.51609 3.51609
2.60119 0.00000 2.60119 2.60119
2.37281 0.00000 2.37281 2.37281
1.62461 0.00000 1.62461 1.62461
2.80533 0.00000 2.80533 2.80533
