# avg	std	min	max
5.66482 0.00000 5.66482 5.66482
4.64497 0.00000 4.64497 4.64497
3.71794 0.00000 3.71794 3.71794
1.09821 0.00000 1.09821 1.09821
2.34367 0.00000 2.34367 2.34367
1.82157 0.00000 1.82157 1.82157
1.04039 0.00000 1.04039 1.04039
2.87683 0.00000 2.87683 2.87683
6.93632 0.00000 6.93632 6.93632
4.93249 0.00000 4.93249 4.93249
4.53916 0.00000 4.53916 4.53916
4.08042 0.00000 4.08042 4.08042
-0.00000 0.00000 -0.00000 -0.00000
4.37608 0.00000 4.37608 4.37608
4.82176 0.00000 4.82176 4.82176
6.51324 0.00000 6.51324 6.51324
5.45020 0.00000 5.45020 5.45020
5.31625 0.00000 5.31625 5.31625
5.93325 0.00000 5.93325 5.93325
3.28772 0.00000 3.28772 3.28772
