# avg	std	min	max
1.02597 0.00000 1.02597 1.02597
-0.00000 0.00000 -0.00000 -0.00000
0.18606 0.00000 0.18606 0.18606
-0.69535 0.00000 -0.69535 -0.69535
-0.42209 0.00000 -0.42209 -0.42209
-1.07901 0.00000 -1.07901 -1.07901
-0.79647 0.00000 -0.79647 -0.79647
-0.44241 0.00000 -0.44241 -0.44241
-1.46984 0.00000 -1.46984 -1.46984
-0.37719 0.00000 -0.37719 -0.37719
-0.23749 0.00000 -0.23749 -0.23749
0.59407 0.00000 0.59407 0.59407
-0.67966 0.00000 -0.67966 -0.67966
0.37849 0.00000 0.37849 0.37849
-0.44568 0.00000 -0.44568 -0.44568
0.08271 0.00000 0.08271 0.08271
-0.61551 0.00000 -0.61551 -0.61551
-0.23413 0.00000 -0.23413 -0.23413
0.06355 0.00000 0.06355 0.06355
0.52530 0.00000 0.52530 0.52530
