# avg	std	min	max
0.39307 0.00000 0.39307 0.39307
0.00000 0.00000 0.00000 0.00000
0.33020 0.00000 0.33020 0.33020
-0.04040 0.00000 -0.04040 -0.04040
0.24480 0.00000 0.24480 0.24480
-0.13522 0.00000 -0.13522 -0.13522
-0.28082 0.00000 -0.28082 -0.28082
-0.07966 0.00000 -0.07966 -0.07966
-1.15983 0.00000 -1.15983 -1.15983
0.23674 0.00000 0.23674 0.23674
0.31599 0.00000 0.31599 0.31599
0.35143 0.00000 0.35143 0.35143
-0.16083 0.00000 -0.16083 -0.16083
0.33366 0.00000 0.33366 0.33366
-0.19507 0.00000 -0.19507 -0.19507
0.23415 0.00000 0.23415 0.23415
-0.00445 0.00000 -0.00445 -0.00445
-0.03557 0.00000 -0.03557 -0.03557
-0.04861 0.00000 -0.04861 -0.04861
0.12287 0.00000 0.12287 0.12287
