# avg	std	min	max
-0.27786 0.00000 -0.27786 -0.27786
0.00000 0.00000 0.00000 0.00000
1.48340 0.00000 1.48340 1.48340
-0.37258 0.00000 -0.37258 -0.37258
1.19113 0.00000 1.19113 1.19113
-0.43929 0.00000 -0.43929 -0.43929
-0.13708 0.00000 -0.13708 -0.13708
0.12549 0.00000 0.12549 0.12549
2.39584 0.00000 2.39584 2.39584
0.19045 0.00000 0.19045 0.19045
1.39797 0.00000 1.39797 1.39797
0.42276 0.00000 0.42276 0.42276
-0.07764 0.00000 -0.07764 -0.07764
-0.58785 0.00000 -0.58785 -0.58785
-0.07317 0.00000 -0.07317 -0.07317
0.27122 0.00000 0.27122 0.27122
0.09421 0.00000 0.09421 0.09421
0.15855 0.00000 0.15855 0.15855
-0.28097 0.00000 -0.28097 -0.28097
-0.28847 0.00000 -0.28847 -0.28847
