# avg	std	min	max
1.54125 0.00000 1.54125 1.54125
0.00000 0.00000 0.00000 0.00000
0.84596 0.00000 0.84596 0.84596
-0.40829 0.00000 -0.40829 -0.40829
0.31342 0.00000 0.31342 0.31342
-1.65937 0.00000 -1.65937 -1.65937
5.93657 0.00000 5.93657 5.93657
7.99104 0.00000 7.99104 7.99104
1.09253 0.00000 1.09253 1.09253
0.96109 0.00000 0.96109 0.96109
0.89494 0.00000 0.89494 0.89494
0.92658 0.00000 0.92658 0.92658
6.77325 0.00000 6.77325 6.77325
1.61356 0.00000 1.61356 1.61356
-0.09539 0.00000 -0.09539 -0.09539
3.02232 0.00000 3.02232 3.02232
1.69623 0.00000 1.69623 1.69623
0.54044 0.00000 0.54044 0.54044
0.58692 0.00000 0.58692 0.58692
6.60221 0.00000 6.60221 6.60221
