# avg	std	min	max
1.94513 0.00000 1.94513 1.94513
0.00000 0.00000 0.00000 0.00000
2.37459 0.00000 2.37459 2.37459
1.76316 0.00000 1.76316 1.76316
3.92022 0.00000 3.92022 3.92022
1.73066 0.00000 1.73066 1.73066
8.92401 0.00000 8.92401 8.92401
9.98395 0.00000 9.98395 9.98395
4.63477 0.00000 4.63477 4.63477
0.39722 0.00000 0.39722 0.39722
3.91689 0.00000 3.91689 3.91689
2.12070 0.00000 2.12070 2.12070
11.34086 0.00000 11.34086 11.34086
5.10497 0.00000 5.10497 5.10497
2.40720 0.00000 2.40720 2.40720
3.97454 0.00000 3.97454 3.97454
2.71195 0.00000 2.71195 2.71195
1.81221 0.00000 1.81221 1.81221
2.39521 0.00000 2.39521 2.39521
10.61886 0.00000 10.61886 10.61886
