# avg	std	min	max
1.42780 0.00000 1.42780 1.42780
0.00000 0.00000 0.00000 0.00000
2.47910 0.00000 2.47910 2.47910
3.57732 0.00000 3.57732 3.57732
4.31843 0.00000 4.31843 4.31843
2.43905 0.00000 2.43905 2.43905
7.10827 0.00000 7.10827 7.10827
8.17175 0.00000 8.17175 8.17175
3.29864 0.00000 3.29864 3.29864
-0.36979 0.00000 -0.36979 -0.36979
2.48223 0.00000 2.48223 2.48223
1.55790 0.00000 1.55790 1.55790
7.30616 0.00000 7.30616 7.30616
2.27959 0.00000 2.27959 2.27959
1.95405 0.00000 1.95405 1.95405
1.43351 0.00000 1.43351 1.43351
2.15982 0.00000 2.15982 2.15982
2.44003 0.00000 2.44003 2.44003
3.24679 0.00000 3.24679 3.24679
9.58306 0.00000 9.58306 9.58306
