# avg	std	min	max
1.88004 0.00000 1.88004 1.88004
0.00000 0.00000 0.00000 0.00000
-0.33344 0.00000 -0.33344 -0.33344
0.23354 0.00000 0.23354 0.23354
0.34720 0.00000 0.34720 0.34720
0.15962 0.00000 0.15962 0.15962
4.38430 0.00000 4.38430 4.38430
16.96840 0.00000 16.96840 16.96840
3.48239 0.00000 3.48239 3.48239
0.57222 0.00000 0.57222 0.57222
1.48525 0.00000 1.48525 1.48525
1.66111 0.00000 1.66111 1.66111
9.25113 0.00000 9.25113 9.25113
4.17802 0.00000 4.17802 4.17802
3.74325 0.00000 3.74325 3.74325
4.23903 0.00000 4.23903 4.23903
3.73466 0.00000 3.73466 3.73466
2.88105 0.00000 2.88105 2.88105
3.74819 0.00000 3.74819 3.74819
7.30795 0.00000 7.30795 7.30795
