# avg	std	min	max
1.98076 0.00000 1.98076 1.98076
0.00000 0.00000 0.00000 0.00000
-2.91438 0.00000 -2.91438 -2.91438
-0.95518 0.00000 -0.95518 -0.95518
-1.87753 0.00000 -1.87753 -1.87753
-0.57444 0.00000 -0.57444 -0.57444
6.01448 0.00000 6.01448 6.01448
18.10528 0.00000 18.10528 18.10528
-1.23716 0.00000 -1.23716 -1.23716
0.39124 0.00000 0.39124 0.39124
-0.55892 0.00000 -0.55892 -0.55892
-0.51465 0.00000 -0.51465 -0.51465
13.49144 0.00000 13.49144 13.49144
3.66841 0.00000 3.66841 3.66841
4.27660 0.00000 4.27660 4.27660
4.51726 0.00000 4.51726 4.51726
5.02337 0.00000 5.02337 5.02337
4.52988 0.00000 4.52988 4.52988
6.57752 0.00000 6.57752 6.57752
8.55858 0.00000 8.55858 8.55858
