# avg	std	min	max
1.33465 0.00000 1.33465 1.33465
-0.00000 0.00000 -0.00000 -0.00000
-0.62826 0.00000 -0.62826 -0.62826
-0.12855 0.00000 -0.12855 -0.12855
0.06293 0.00000 0.06293 0.06293
-1.19955 0.00000 -1.19955 -1.19955
3.12342 0.00000 3.12342 3.12342
1.94563 0.00000 1.94563 1.94563
1.33690 0.00000 1.33690 1.33690
0.14301 0.00000 0.14301 0.14301
-0.05491 0.00000 -0.05491 -0.05491
-0.12949 0.00000 -0.12949 -0.12949
3.40581 0.00000 3.40581 3.40581
1.20768 0.00000 1.20768 1.20768
-0.12389 0.00000 -0.12389 -0.12389
2.14488 0.00000 2.14488 2.14488
0.60838 0.00000 0.60838 0.60838
-0.97844 0.00000 -0.97844 -0.97844
-0.47369 0.00000 -0.47369 -0.47369
3.70888 0.00000 3.70888 3.70888
