# avg	std	min	max
0.95007 0.00000 0.95007 0.95007
0.00000 0.00000 0.00000 0.00000
0.35495 0.00000 0.35495 0.35495
-1.17802 0.00000 -1.17802 -1.17802
0.04223 0.00000 0.04223 0.04223
-1.07407 0.00000 -1.07407 -1.07407
-0.14557 0.00000 -0.14557 -0.14557
0.13375 0.00000 0.13375 0.13375
1.09066 0.00000 1.09066 1.09066
-0.09973 0.00000 -0.09973 -0.09973
-0.35196 0.00000 -0.35196 -0.35196
0.42552 0.00000 0.42552 0.42552
0.13484 0.00000 0.13484 0.13484
0.53137 0.00000 0.53137 0.53137
0.39616 0.00000 0.39616 0.39616
2.05896 0.00000 2.05896 2.05896
0.74882 0.00000 0.74882 0.74882
-0.65408 0.00000 -0.65408 -0.65408
-0.22787 0.00000 -0.22787 -0.22787
0.21841 0.00000 0.21841 0.21841
