# avg	std	min	max
1.81381 0.00000 1.81381 1.81381
0.00000 0.00000 0.00000 0.00000
-2.01242 0.00000 -2.01242 -2.01242
0.12488 0.00000 0.12488 0.12488
-2.94693 0.00000 -2.94693 -2.94693
-2.72286 0.00000 -2.72286 -2.72286
7.38160 0.00000 7.38160 7.38160
11.91116 0.00000 11.91116 11.91116
4.70608 0.00000 4.70608 4.70608
0.58373 0.00000 0.58373 0.58373
-0.07846 0.00000 -0.07846 -0.07846
-0.75444 0.00000 -0.75444 -0.75444
10.82456 0.00000 10.82456 10.82456
3.56882 0.00000 3.56882 3.56882
2.25065 0.00000 2.25065 2.25065
5.18099 0.00000 5.18099 5.18099
3.07409 0.00000 3.07409 3.07409
3.40714 0.00000 3.40714 3.40714
7.53214 0.00000 7.53214 7.53214
6.47954 0.00000 6.47954 6.47954
