# avg	std	min	max
1.53912 0.00000 1.53912 1.53912
-0.00000 0.00000 -0.00000 -0.00000
0.38826 0.00000 0.38826 0.38826
1.82606 0.00000 1.82606 1.82606
3.09475 0.00000 3.09475 3.09475
2.70284 0.00000 2.70284 2.70284
9.85020 0.00000 9.85020 9.85020
23.10572 0.00000 23.10572 23.10572
3.65859 0.00000 3.65859 3.65859
0.32993 0.00000 0.32993 0.32993
0.12701 0.00000 0.12701 0.12701
-0.22191 0.00000 -0.22191 -0.22191
15.01518 0.00000 15.01518 15.01518
2.80115 0.00000 2.80115 2.80115
5.72639 0.00000 5.72639 5.72639
3.51804 0.00000 3.51804 3.51804
6.34537 0.00000 6.34537 6.34537
8.72220 0.00000 8.72220 8.72220
15.18190 0.00000 15.18190 15.18190
10.80906 0.00000 10.80906 10.80906
