# avg	std	min	max
1.65423 0.00000 1.65423 1.65423
-0.00000 0.00000 -0.00000 -0.00000
-0.80055 0.00000 -0.80055 -0.80055
1.38196 0.00000 1.38196 1.38196
0.43051 0.00000 0.43051 0.43051
1.68510 0.00000 1.68510 1.68510
8.35071 0.00000 8.35071 8.35071
16.98050 0.00000 16.98050 16.98050
6.65180 0.00000 6.65180 6.65180
0.86785 0.00000 0.86785 0.86785
1.04691 0.00000 1.04691 1.04691
0.38180 0.00000 0.38180 0.38180
11.79387 0.00000 11.79387 11.79387
4.15199 0.00000 4.15199 4.15199
5.90706 0.00000 5.90706 5.90706
4.73680 0.00000 4.73680 4.73680
7.55139 0.00000 7.55139 7.55139
5.59616 0.00000 5.59616 5.59616
11.72030 0.00000 11.72030 11.72030
9.18667 0.00000 9.18667 9.18667
