# avg	std	min	max
0.56083 0.00000 0.56083 0.56083
0.00000 0.00000 0.00000 0.00000
0.93179 0.00000 0.93179 0.93179
0.93797 0.00000 0.93797 0.93797
1.02243 0.00000 1.02243 1.02243
-0.70727 0.00000 -0.70727 -0.70727
-0.50408 0.00000 -0.50408 -0.50408
0.69550 0.00000 0.69550 0.69550
3.51948 0.00000 3.51948 3.51948
-0.25880 0.00000 -0.25880 -0.25880
2.43669 0.00000 2.43669 2.43669
0.52080 0.00000 0.52080 0.52080
-0.17663 0.00000 -0.17663 -0.17663
0.62958 0.00000 0.62958 0.62958
2.09499 0.00000 2.09499 2.09499
2.73405 0.00000 2.73405 2.73405
1.81923 0.00000 1.81923 1.81923
0.19287 0.00000 0.19287 0.19287
0.68721 0.00000 0.68721 0.68721
0.87840 0.00000 0.87840 0.87840
