# avg	std	min	max
0.95420 0.00000 0.95420 0.95420
0.00000 0.00000 0.00000 0.00000
0.12487 0.00000 0.12487 0.12487
-0.65733 0.00000 -0.65733 -0.65733
-0.12956 0.00000 -0.12956 -0.12956
-0.58103 0.00000 -0.58103 -0.58103
0.12227 0.00000 0.12227 0.12227
-0.32692 0.00000 -0.32692 -0.32692
1.11493 0.00000 1.11493 1.11493
0.50032 0.00000 0.50032 0.50032
0.44153 0.00000 0.44153 0.44153
0.46193 0.00000 0.46193 0.46193
-0.06199 0.00000 -0.06199 -0.06199
0.18152 0.00000 0.18152 0.18152
-0.41370 0.00000 -0.41370 -0.41370
0.65412 0.00000 0.65412 0.65412
0.36939 0.00000 0.36939 0.36939
-0.36267 0.00000 -0.36267 -0.36267
-0.09873 0.00000 -0.09873 -0.09873
0.83168 0.00000 0.83168 0.83168
