# avg	std	min	max
2.10232 0.00000 2.10232 2.10232
0.00000 0.00000 0.00000 0.00000
-0.10553 0.00000 -0.10553 -0.10553
3.18783 0.00000 3.18783 3.18783
1.29341 0.00000 1.29341 1.29341
4.32729 0.00000 4.32729 4.32729
15.34740 0.00000 15.34740 15.34740
29.79892 0.00000 29.79892 29.79892
4.00466 0.00000 4.00466 4.00466
0.19548 0.00000 0.19548 0.19548
1.12373 0.00000 1.12373 1.12373
0.81809 0.00000 0.81809 0.81809
14.86660 0.00000 14.86660 14.86660
2.95840 0.00000 2.95840 2.95840
6.92094 0.00000 6.92094 6.92094
3.75805 0.00000 3.75805 3.75805
8.73670 0.00000 8.73670 8.73670
9.25435 0.00000 9.25435 9.25435
13.26366 0.00000 13.26366 13.26366
11.11217 0.00000 11.11217 11.11217
