# avg	std	min	max
2.06430 0.00000 2.06430 2.06430
0.00000 0.00000 0.00000 0.00000
-2.33118 0.00000 -2.33118 -2.33118
1.85936 0.00000 1.85936 1.85936
0.27561 0.00000 0.27561 0.27561
4.86338 0.00000 4.86338 4.86338
16.86976 0.00000 16.86976 16.86976
16.41128 0.00000 16.41128 16.41128
0.77204 0.00000 0.77204 0.77204
0.91573 0.00000 0.91573 0.91573
-0.77628 0.00000 -0.77628 -0.77628
-0.12407 0.00000 -0.12407 -0.12407
17.86306 0.00000 17.86306 17.86306
2.33076 0.00000 2.33076 2.33076
7.39794 0.00000 7.39794 7.39794
1.30348 0.00000 1.30348 1.30348
7.58769 0.00000 7.58769 7.58769
9.12679 0.00000 9.12679 9.12679
9.84646 0.00000 9.84646 9.84646
8.94192 0.00000 8.94192 8.94192
