# avg	std	min	max
1.28609 0.00000 1.28609 1.28609
-0.45262 0.00000 -0.45262 -0.45262
-1.57097 0.00000 -1.57097 -1.57097
-1.59226 0.00000 -1.59226 -1.59226
-1.52047 0.00000 -1.52047 -1.52047
0.24673 0.00000 0.24673 0.24673
5.56179 0.00000 5.56179 5.56179
16.78522 0.00000 16.78522 16.78522
2.19927 0.00000 2.19927 2.19927
1.07470 0.00000 1.07470 1.07470
0.75213 0.00000 0.75213 0.75213
-0.00450 0.00000 -0.00450 -0.00450
9.92073 0.00000 9.92073 9.92073
1.25071 0.00000 1.25071 1.25071
1.23032 0.00000 1.23032 1.23032
2.19915 0.00000 2.19915 2.19915
1.44764 0.00000 1.44764 1.44764
3.11813 0.00000 3.11813 3.11813
6.91559 0.00000 6.91559 6.91559
3.45134 0.00000 3.45134 3.45134
