# avg	std	min	max
1.94935 0.00000 1.94935 1.94935
0.50499 0.00000 0.50499 0.50499
2.13393 0.00000 2.13393 2.13393
0.91758 0.00000 0.91758 0.91758
1.09006 0.00000 1.09006 1.09006
0.73577 0.00000 0.73577 0.73577
9.06839 0.00000 9.06839 9.06839
11.98288 0.00000 11.98288 11.98288
5.66509 0.00000 5.66509 5.66509
0.83361 0.00000 0.83361 0.83361
0.76854 0.00000 0.76854 0.76854
-0.00398 0.00000 -0.00398 -0.00398
9.51630 0.00000 9.51630 9.51630
2.10343 0.00000 2.10343 2.10343
4.53744 0.00000 4.53744 4.53744
3.33181 0.00000 3.33181 3.33181
4.38876 0.00000 4.38876 4.38876
4.97862 0.00000 4.97862 4.97862
6.68882 0.00000 6.68882 6.68882
8.00930 0.00000 8.00930 8.00930
