# avg	std	min	max
-2.15513 0.00000 -2.15513 -2.15513
0.21355 0.00000 0.21355 0.21355
1.23077 0.00000 1.23077 1.23077
-0.62200 0.00000 -0.62200 -0.62200
0.50914 0.00000 0.50914 0.50914
-0.47660 0.00000 -0.47660 -0.47660
0.84640 0.00000 0.84640 0.84640
0.70762 0.00000 0.70762 0.70762
2.50763 0.00000 2.50763 2.50763
0.01575 0.00000 0.01575 0.01575
1.18292 0.00000 1.18292 1.18292
-0.00324 0.00000 -0.00324 -0.00324
0.81671 0.00000 0.81671 0.81671
0.62013 0.00000 0.62013 0.62013
-0.17355 0.00000 -0.17355 -0.17355
0.47913 0.00000 0.47913 0.47913
-0.16246 0.00000 -0.16246 -0.16246
-0.21759 0.00000 -0.21759 -0.21759
-0.32320 0.00000 -0.32320 -0.32320
0.30543 0.00000 0.30543 0.30543
