# avg	std	min	max
2.95516 0.00000 2.95516 2.95516
0.75156 0.00000 0.75156 0.75156
-0.58670 0.00000 -0.58670 -0.58670
-0.03280 0.00000 -0.03280 -0.03280
-0.59102 0.00000 -0.59102 -0.59102
1.58073 0.00000 1.58073 1.58073
9.01014 0.00000 9.01014 9.01014
21.29020 0.00000 21.29020 21.29020
3.04576 0.00000 3.04576 3.04576
2.83129 0.00000 2.83129 2.83129
2.44936 0.00000 2.44936 2.44936
-0.00480 0.00000 -0.00480 -0.00480
9.02062 0.00000 9.02062 9.02062
-0.06825 0.00000 -0.06825 -0.06825
4.14039 0.00000 4.14039 4.14039
1.39831 0.00000 1.39831 1.39831
4.42314 0.00000 4.42314 4.42314
4.16469 0.00000 4.16469 4.16469
10.61985 0.00000 10.61985 10.61985
7.77186 0.00000 7.77186 7.77186
