# avg	std	min	max
2.30772 0.00000 2.30772 2.30772
0.72277 0.00000 0.72277 0.72277
-2.38274 0.00000 -2.38274 -2.38274
-1.29578 0.00000 -1.29578 -1.29578
-3.20691 0.00000 -3.20691 -3.20691
-3.19449 0.00000 -3.19449 -3.19449
3.85942 0.00000 3.85942 3.85942
11.70634 0.00000 11.70634 11.70634
1.41106 0.00000 1.41106 1.41106
1.50194 0.00000 1.50194 1.50194
0.27801 0.00000 0.27801 0.27801
0.00006 0.00000 0.00006 0.00006
13.67884 0.00000 13.67884 13.67884
2.12582 0.00000 2.12582 2.12582
0.49688 0.00000 0.49688 0.49688
2.95763 0.00000 2.95763 2.95763
1.46301 0.00000 1.46301 1.46301
2.25921 0.00000 2.25921 2.25921
2.07480 0.00000 2.07480 2.07480
3.07797 0.00000 3.07797 3.07797
