# avg	std	min	max
1.68606 0.00000 1.68606 1.68606
0.84772 0.00000 0.84772 0.84772
-0.61228 0.00000 -0.61228 -0.61228
-0.70046 0.00000 -0.70046 -0.70046
-1.19581 0.00000 -1.19581 -1.19581
-1.37230 0.00000 -1.37230 -1.37230
-0.36698 0.00000 -0.36698 -0.36698
0.35884 0.00000 0.35884 0.35884
4.52305 0.00000 4.52305 4.52305
1.21458 0.00000 1.21458 1.21458
-0.63818 0.00000 -0.63818 -0.63818
-0.00030 0.00000 -0.00030 -0.00030
0.00821 0.00000 0.00821 0.00821
1.30312 0.00000 1.30312 1.30312
0.39025 0.00000 0.39025 0.39025
0.96960 0.00000 0.96960 0.96960
0.29883 0.00000 0.29883 0.29883
0.51229 0.00000 0.51229 0.51229
0.86744 0.00000 0.86744 0.86744
0.98218 0.00000 0.98218 0.98218
