# avg	std	min	max
-1.18423 0.00000 -1.18423 -1.18423
-0.54146 0.00000 -0.54146 -0.54146
1.22118 0.00000 1.22118 1.22118
0.08730 0.00000 0.08730 0.08730
1.45177 0.00000 1.45177 1.45177
0.12115 0.00000 0.12115 0.12115
-0.52942 0.00000 -0.52942 -0.52942
0.36933 0.00000 0.36933 0.36933
3.52566 0.00000 3.52566 3.52566
0.13934 0.00000 0.13934 0.13934
0.62230 0.00000 0.62230 0.62230
-0.00000 0.00000 -0.00000 -0.00000
-0.25446 0.00000 -0.25446 -0.25446
-0.73771 0.00000 -0.73771 -0.73771
-0.73795 0.00000 -0.73795 -0.73795
0.03603 0.00000 0.03603 0.03603
-0.01887 0.00000 -0.01887 -0.01887
-1.57061 0.00000 -1.57061 -1.57061
-2.14033 0.00000 -2.14033 -2.14033
-2.07100 0.00000 -2.07100 -2.07100
