# avg	std	min	max
5.97698 0.00000 5.97698 5.97698
4.23239 0.00000 4.23239 4.23239
4.31177 0.00000 4.31177 4.31177
6.32651 0.00000 6.32651 6.32651
4.29579 0.00000 4.29579 4.29579
5.39618 0.00000 5.39618 5.39618
20.86708 0.00000 20.86708 20.86708
30.82028 0.00000 30.82028 30.82028
4.04204 0.00000 4.04204 4.04204
5.48087 0.00000 5.48087 5.48087
3.99002 0.00000 3.99002 3.99002
4.27019 0.00000 4.27019 4.27019
22.27250 0.00000 22.27250 22.27250
4.50126 0.00000 4.50126 4.50126
8.80737 0.00000 8.80737 8.80737
-0.03922 0.00000 -0.03922 -0.03922
5.42684 0.00000 5.42684 5.42684
13.08526 0.00000 13.08526 13.08526
14.25266 0.00000 14.25266 14.25266
18.71270 0.00000 18.71270 18.71270
