# avg	std	min	max
0.33382 0.00000 0.33382 0.33382
0.40663 0.00000 0.40663 0.40663
0.75452 0.00000 0.75452 0.75452
0.37885 0.00000 0.37885 0.37885
0.69460 0.00000 0.69460 0.69460
0.26449 0.00000 0.26449 0.26449
0.44254 0.00000 0.44254 0.44254
0.34566 0.00000 0.34566 0.34566
-0.40209 0.00000 -0.40209 -0.40209
0.33909 0.00000 0.33909 0.33909
0.76564 0.00000 0.76564 0.76564
0.56594 0.00000 0.56594 0.56594
0.54943 0.00000 0.54943 0.54943
0.47536 0.00000 0.47536 0.47536
0.21583 0.00000 0.21583 0.21583
-0.00262 0.00000 -0.00262 -0.00262
-0.19726 0.00000 -0.19726 -0.19726
0.48739 0.00000 0.48739 0.48739
0.57493 0.00000 0.57493 0.57493
0.64168 0.00000 0.64168 0.64168
