# avg	std	min	max
0.85955 0.00000 0.85955 0.85955
0.93979 0.00000 0.93979 0.93979
0.79648 0.00000 0.79648 0.79648
1.33188 0.00000 1.33188 1.33188
0.70503 0.00000 0.70503 0.70503
-0.19582 0.00000 -0.19582 -0.19582
4.00331 0.00000 4.00331 4.00331
3.34550 0.00000 3.34550 3.34550
1.30957 0.00000 1.30957 1.30957
1.19588 0.00000 1.19588 1.19588
1.62111 0.00000 1.62111 1.62111
1.60153 0.00000 1.60153 1.60153
4.63315 0.00000 4.63315 4.63315
0.32934 0.00000 0.32934 0.32934
0.89870 0.00000 0.89870 0.89870
-0.00516 0.00000 -0.00516 -0.00516
0.39772 0.00000 0.39772 0.39772
1.03964 0.00000 1.03964 1.03964
1.00410 0.00000 1.00410 1.00410
0.74706 0.00000 0.74706 0.74706
