# avg	std	min	max
3.65820 0.00000 3.65820 3.65820
2.47454 0.00000 2.47454 2.47454
1.88708 0.00000 1.88708 1.88708
0.12770 0.00000 0.12770 0.12770
0.95495 0.00000 0.95495 0.95495
0.34184 0.00000 0.34184 0.34184
2.21776 0.00000 2.21776 2.21776
1.27313 0.00000 1.27313 1.27313
0.65805 0.00000 0.65805 0.65805
3.45319 0.00000 3.45319 3.45319
2.68539 0.00000 2.68539 2.68539
2.41393 0.00000 2.41393 2.41393
2.42501 0.00000 2.42501 2.42501
2.90263 0.00000 2.90263 2.90263
1.25179 0.00000 1.25179 1.25179
2.77743 0.00000 2.77743 2.77743
-0.01751 0.00000 -0.01751 -0.01751
1.85288 0.00000 1.85288 1.85288
2.66977 0.00000 2.66977 2.66977
1.81850 0.00000 1.81850 1.81850
