# avg	std	min	max
0.49235 0.00000 0.49235 0.49235
-0.78489 0.00000 -0.78489 -0.78489
0.35172 0.00000 0.35172 0.35172
-1.63117 0.00000 -1.63117 -1.63117
0.13275 0.00000 0.13275 0.13275
-2.68400 0.00000 -2.68400 -2.68400
1.68824 0.00000 1.68824 1.68824
4.97077 0.00000 4.97077 4.97077
1.62169 0.00000 1.62169 1.62169
-0.79889 0.00000 -0.79889 -0.79889
1.21068 0.00000 1.21068 1.21068
-1.35567 0.00000 -1.35567 -1.35567
8.99724 0.00000 8.99724 8.99724
0.34342 0.00000 0.34342 0.34342
-1.54125 0.00000 -1.54125 -1.54125
2.02235 0.00000 2.02235 2.02235
-0.00000 0.00000 -0.00000 -0.00000
-0.49212 0.00000 -0.49212 -0.49212
-1.03253 0.00000 -1.03253 -1.03253
1.38190 0.00000 1.38190 1.38190
