# avg	std	min	max
2.92841 0.00000 2.92841 2.92841
1.34119 0.00000 1.34119 1.34119
0.90997 0.00000 0.90997 0.90997
-0.26054 0.00000 -0.26054 -0.26054
0.52679 0.00000 0.52679 0.52679
0.21214 0.00000 0.21214 0.21214
1.74079 0.00000 1.74079 1.74079
3.99881 0.00000 3.99881 3.99881
6.33710 0.00000 6.33710 6.33710
1.78161 0.00000 1.78161 1.78161
1.45844 0.00000 1.45844 1.45844
1.90589 0.00000 1.90589 1.90589
2.58544 0.00000 2.58544 2.58544
2.93408 0.00000 2.93408 2.93408
1.78707 0.00000 1.78707 1.78707
3.41006 0.00000 3.41006 3.41006
-0.04746 0.00000 -0.04746 -0.04746
1.14139 0.00000 1.14139 1.14139
3.16330 0.00000 3.16330 3.16330
2.18657 0.00000 2.18657 2.18657
