# avg	std	min	max
1.46425 0.00000 1.46425 1.46425
0.83272 0.00000 0.83272 0.83272
0.15000 0.00000 0.15000 0.15000
-1.00395 0.00000 -1.00395 -1.00395
-0.19389 0.00000 -0.19389 -0.19389
-0.60539 0.00000 -0.60539 -0.60539
-0.63997 0.00000 -0.63997 -0.63997
0.85930 0.00000 0.85930 0.85930
-1.63685 0.00000 -1.63685 -1.63685
1.39200 0.00000 1.39200 1.39200
0.85741 0.00000 0.85741 0.85741
0.60142 0.00000 0.60142 0.60142
0.13372 0.00000 0.13372 0.13372
1.39692 0.00000 1.39692 1.39692
0.40591 0.00000 0.40591 0.40591
1.02595 0.00000 1.02595 1.02595
-0.00262 0.00000 -0.00262 -0.00262
-0.22520 0.00000 -0.22520 -0.22520
0.20974 0.00000 0.20974 0.20974
1.90899 0.00000 1.90899 1.90899
