# avg	std	min	max
1.17550 0.00000 1.17550 1.17550
0.49497 0.00000 0.49497 0.49497
-0.02296 0.00000 -0.02296 -0.02296
-0.58862 0.00000 -0.58862 -0.58862
-0.92746 0.00000 -0.92746 -0.92746
-1.13925 0.00000 -1.13925 -1.13925
-0.58411 0.00000 -0.58411 -0.58411
-0.60961 0.00000 -0.60961 -0.60961
2.16122 0.00000 2.16122 2.16122
0.68361 0.00000 0.68361 0.68361
0.42913 0.00000 0.42913 0.42913
0.32282 0.00000 0.32282 0.32282
-0.49146 0.00000 -0.49146 -0.49146
0.16542 0.00000 0.16542 0.16542
-0.00585 0.00000 -0.00585 -0.00585
0.08102 0.00000 0.08102 0.08102
-0.00500 0.00000 -0.00500 -0.00500
-0.36467 0.00000 -0.36467 -0.36467
0.04538 0.00000 0.04538 0.04538
0.61275 0.00000 0.61275 0.61275
