# avg	std	min	max
2.11264 0.00000 2.11264 2.11264
1.66558 0.00000 1.66558 1.66558
1.49099 0.00000 1.49099 1.49099
0.33155 0.00000 0.33155 0.33155
1.26394 0.00000 1.26394 1.26394
0.37864 0.00000 0.37864 0.37864
1.27018 0.00000 1.27018 1.27018
0.96197 0.00000 0.96197 0.96197
3.58585 0.00000 3.58585 3.58585
1.92807 0.00000 1.92807 1.92807
1.45673 0.00000 1.45673 1.45673
1.40829 0.00000 1.40829 1.40829
1.39897 0.00000 1.39897 1.39897
1.06231 0.00000 1.06231 1.06231
0.62153 0.00000 0.62153 0.62153
1.77601 0.00000 1.77601 1.77601
-0.02577 0.00000 -0.02577 -0.02577
0.43892 0.00000 0.43892 0.43892
0.69263 0.00000 0.69263 0.69263
1.83808 0.00000 1.83808 1.83808
