# avg	std	min	max
0.82264 0.00000 0.82264 0.82264
0.25961 0.00000 0.25961 0.25961
1.78445 0.00000 1.78445 1.78445
-0.31277 0.00000 -0.31277 -0.31277
1.47722 0.00000 1.47722 1.47722
-0.06269 0.00000 -0.06269 -0.06269
-0.39591 0.00000 -0.39591 -0.39591
0.04295 0.00000 0.04295 0.04295
2.52436 0.00000 2.52436 2.52436
0.67764 0.00000 0.67764 0.67764
1.34445 0.00000 1.34445 1.34445
0.42676 0.00000 0.42676 0.42676
-0.13547 0.00000 -0.13547 -0.13547
1.04475 0.00000 1.04475 1.04475
0.40473 0.00000 0.40473 0.40473
1.55042 0.00000 1.55042 1.55042
0.00000 0.00000 0.00000 0.00000
0.00846 0.00000 0.00846 0.00846
0.27636 0.00000 0.27636 0.27636
0.59917 0.00000 0.59917 0.59917
