# avg	std	min	max
0.04789 0.00000 0.04789 0.04789
-0.22530 0.00000 -0.22530 -0.22530
0.09209 0.00000 0.09209 0.09209
-0.50643 0.00000 -0.50643 -0.50643
-0.04045 0.00000 -0.04045 -0.04045
-0.29316 0.00000 -0.29316 -0.29316
0.15333 0.00000 0.15333 0.15333
0.25515 0.00000 0.25515 0.25515
1.92709 0.00000 1.92709 1.92709
-0.07912 0.00000 -0.07912 -0.07912
-0.37804 0.00000 -0.37804 -0.37804
0.11242 0.00000 0.11242 0.11242
0.16919 0.00000 0.16919 0.16919
0.27707 0.00000 0.27707 0.27707
0.09865 0.00000 0.09865 0.09865
0.13663 0.00000 0.13663 0.13663
-0.00462 0.00000 -0.00462 -0.00462
-0.21758 0.00000 -0.21758 -0.21758
-0.24044 0.00000 -0.24044 -0.24044
0.29927 0.00000 0.29927 0.29927
