# avg	std	min	max
0.70127 0.00000 0.70127 0.70127
0.08784 0.00000 0.08784 0.08784
0.12605 0.00000 0.12605 0.12605
-0.09458 0.00000 -0.09458 -0.09458
-0.21274 0.00000 -0.21274 -0.21274
-0.28095 0.00000 -0.28095 -0.28095
-0.25027 0.00000 -0.25027 -0.25027
0.39160 0.00000 0.39160 0.39160
-0.08268 0.00000 -0.08268 -0.08268
0.38289 0.00000 0.38289 0.38289
0.09000 0.00000 0.09000 0.09000
0.22260 0.00000 0.22260 0.22260
-0.14071 0.00000 -0.14071 -0.14071
0.53673 0.00000 0.53673 0.53673
-0.15300 0.00000 -0.15300 -0.15300
0.17093 0.00000 0.17093 0.17093
-0.00183 0.00000 -0.00183 -0.00183
0.04206 0.00000 0.04206 0.04206
0.20249 0.00000 0.20249 0.20249
0.27777 0.00000 0.27777 0.27777
