# avg	std	min	max
7.01231 0.00000 7.01231 7.01231
5.24455 0.00000 5.24455 5.24455
3.26929 0.00000 3.26929 3.26929
1.42026 0.00000 1.42026 1.42026
2.12258 0.00000 2.12258 2.12258
1.18420 0.00000 1.18420 1.18420
-0.01320 0.00000 -0.01320 -0.01320
3.64598 0.00000 3.64598 3.64598
10.50418 0.00000 10.50418 10.50418
6.60910 0.00000 6.60910 6.60910
5.41582 0.00000 5.41582 5.41582
5.06966 0.00000 5.06966 5.06966
1.11655 0.00000 1.11655 1.11655
5.67410 0.00000 5.67410 5.67410
4.73033 0.00000 4.73033 4.73033
6.84216 0.00000 6.84216 6.84216
5.97505 0.00000 5.97505 5.97505
5.47576 0.00000 5.47576 5.47576
7.01586 0.00000 7.01586 7.01586
3.94875 0.00000 3.94875 3.94875
