# avg	std	min	max
5.30665 0.00000 5.30665 5.30665
3.58030 0.00000 3.58030 3.58030
1.59005 0.00000 1.59005 1.59005
0.21920 0.00000 0.21920 0.21920
0.29093 0.00000 0.29093 0.29093
0.16545 0.00000 0.16545 0.16545
-0.04467 0.00000 -0.04467 -0.04467
2.87714 0.00000 2.87714 2.87714
5.74808 0.00000 5.74808 5.74808
3.93668 0.00000 3.93668 3.93668
2.90820 0.00000 2.90820 2.90820
3.52518 0.00000 3.52518 3.52518
0.10533 0.00000 0.10533 0.10533
3.44666 0.00000 3.44666 3.44666
3.42624 0.00000 3.42624 3.42624
4.91377 0.00000 4.91377 4.91377
3.73402 0.00000 3.73402 3.73402
2.94852 0.00000 2.94852 2.94852
3.19035 0.00000 3.19035 3.19035
1.80105 0.00000 1.80105 1.80105
