# avg	std	min	max
4.92087 0.00000 4.92087 4.92087
3.85542 0.00000 3.85542 3.85542
3.28945 0.00000 3.28945 3.28945
1.63596 0.00000 1.63596 1.63596
3.02499 0.00000 3.02499 3.02499
1.02358 0.00000 1.02358 1.02358
-0.02285 0.00000 -0.02285 -0.02285
1.18469 0.00000 1.18469 1.18469
5.61785 0.00000 5.61785 5.61785
3.93589 0.00000 3.93589 3.93589
2.82559 0.00000 2.82559 2.82559
3.51386 0.00000 3.51386 3.51386
1.14236 0.00000 1.14236 1.14236
4.54168 0.00000 4.54168 4.54168
4.04922 0.00000 4.04922 4.04922
5.11157 0.00000 5.11157 5.11157
4.54224 0.00000 4.54224 4.54224
2.99972 0.00000 2.99972 2.99972
4.26193 0.00000 4.26193 4.26193
3.14618 0.00000 3.14618 3.14618
