# avg	std	min	max
4.30291 0.00000 4.30291 4.30291
2.90756 0.00000 2.90756 2.90756
2.47441 0.00000 2.47441 2.47441
1.17997 0.00000 1.17997 1.17997
2.15949 0.00000 2.15949 2.15949
0.64742 0.00000 0.64742 0.64742
0.00245 0.00000 0.00245 0.00245
0.21613 0.00000 0.21613 0.21613
1.38717 0.00000 1.38717 1.38717
4.13745 0.00000 4.13745 4.13745
3.70374 0.00000 3.70374 3.70374
3.15037 0.00000 3.15037 3.15037
0.38158 0.00000 0.38158 0.38158
3.41570 0.00000 3.41570 3.41570
2.93441 0.00000 2.93441 2.93441
4.38769 0.00000 4.38769 4.38769
3.20484 0.00000 3.20484 3.20484
2.59964 0.00000 2.59964 2.59964
2.88147 0.00000 2.88147 2.88147
2.17961 0.00000 2.17961 2.17961
