# avg	std	min	max
4.57167 0.00000 4.57167 4.57167
3.71864 0.00000 3.71864 3.71864
4.92604 0.00000 4.92604 4.92604
1.90322 0.00000 1.90322 1.90322
6.26744 0.00000 6.26744 6.26744
1.28884 0.00000 1.28884 1.28884
-0.01170 0.00000 -0.01170 -0.01170
0.37841 0.00000 0.37841 0.37841
6.04990 0.00000 6.04990 6.04990
4.19992 0.00000 4.19992 4.19992
3.97463 0.00000 3.97463 3.97463
3.61993 0.00000 3.61993 3.61993
0.87745 0.00000 0.87745 0.87745
4.59363 0.00000 4.59363 4.59363
4.18574 0.00000 4.18574 4.18574
5.44532 0.00000 5.44532 5.44532
4.74804 0.00000 4.74804 4.74804
3.50570 0.00000 3.50570 3.50570
2.64747 0.00000 2.64747 2.64747
3.17592 0.00000 3.17592 3.17592
