# avg	std	min	max
5.75747 0.00000 5.75747 5.75747
4.20128 0.00000 4.20128 4.20128
2.93035 0.00000 2.93035 2.93035
2.64788 0.00000 2.64788 2.64788
1.94613 0.00000 1.94613 1.94613
1.51725 0.00000 1.51725 1.51725
-0.01722 0.00000 -0.01722 -0.01722
1.46492 0.00000 1.46492 1.46492
6.56347 0.00000 6.56347 6.56347
5.32414 0.00000 5.32414 5.32414
3.66476 0.00000 3.66476 3.66476
3.92516 0.00000 3.92516 3.92516
1.55179 0.00000 1.55179 1.55179
4.99343 0.00000 4.99343 4.99343
4.34408 0.00000 4.34408 4.34408
6.22579 0.00000 6.22579 6.22579
5.92268 0.00000 5.92268 5.92268
3.63318 0.00000 3.63318 3.63318
3.42720 0.00000 3.42720 3.42720
3.69269 0.00000 3.69269 3.69269
