# avg	std	min	max
2.95761 0.00000 2.95761 2.95761
3.02336 0.00000 3.02336 3.02336
3.12173 0.00000 3.12173 3.12173
2.35943 0.00000 2.35943 2.35943
3.12118 0.00000 3.12118 3.12118
1.07386 0.00000 1.07386 1.07386
0.00679 0.00000 0.00679 0.00679
-1.10474 0.00000 -1.10474 -1.10474
4.30287 0.00000 4.30287 4.30287
3.07666 0.00000 3.07666 3.07666
3.23719 0.00000 3.23719 3.23719
3.09129 0.00000 3.09129 3.09129
0.99027 0.00000 0.99027 0.99027
2.91825 0.00000 2.91825 2.91825
2.69299 0.00000 2.69299 2.69299
3.83201 0.00000 3.83201 3.83201
3.76607 0.00000 3.76607 3.76607
3.04754 0.00000 3.04754 3.04754
2.65171 0.00000 2.65171 2.65171
3.24478 0.00000 3.24478 3.24478
