# avg	std	min	max
4.56529 0.00000 4.56529 4.56529
3.43917 0.00000 3.43917 3.43917
2.37502 0.00000 2.37502 2.37502
1.20457 0.00000 1.20457 1.20457
4.24539 0.00000 4.24539 4.24539
0.47411 0.00000 0.47411 0.47411
-0.00514 0.00000 -0.00514 -0.00514
1.35572 0.00000 1.35572 1.35572
6.53122 0.00000 6.53122 6.53122
4.09750 0.00000 4.09750 4.09750
4.50042 0.00000 4.50042 4.50042
3.82331 0.00000 3.82331 3.82331
1.19676 0.00000 1.19676 1.19676
3.34244 0.00000 3.34244 3.34244
2.65082 0.00000 2.65082 2.65082
3.24335 0.00000 3.24335 3.24335
2.75302 0.00000 2.75302 2.75302
3.72014 0.00000 3.72014 3.72014
4.34173 0.00000 4.34173 4.34173
2.11150 0.00000 2.11150 2.11150
