# avg	std	min	max
0.00000 0.00000 0.00000 0.00000
3.85437 0.00000 3.85437 3.85437
5.08389 0.00000 5.08389 5.08389
3.99709 0.00000 3.99709 3.99709
4.99374 0.00000 4.99374 4.99374
3.90746 0.00000 3.90746 3.90746
3.90946 0.00000 3.90946 3.90946
3.90835 0.00000 3.90835 3.90835
6.84668 0.00000 6.84668 6.84668
3.95493 0.00000 3.95493 3.95493
5.07053 0.00000 5.07053 5.07053
3.90742 0.00000 3.90742 3.90742
3.92824 0.00000 3.92824 3.92824
3.91936 0.00000 3.91936 3.91936
3.96555 0.00000 3.96555 3.96555
4.03473 0.00000 4.03473 4.03473
4.04819 0.00000 4.04819 4.04819
3.86609 0.00000 3.86609 3.86609
3.72561 0.00000 3.72561 3.72561
4.03078 0.00000 4.03078 4.03078
