# avg	std	min	max
0.00000 0.00000 0.00000 0.00000
1.53295 0.00000 1.53295 1.53295
2.89364 0.00000 2.89364 2.89364
1.61509 0.00000 1.61509 1.61509
2.75659 0.00000 2.75659 2.75659
1.60788 0.00000 1.60788 1.60788
1.48709 0.00000 1.48709 1.48709
1.61842 0.00000 1.61842 1.61842
3.19713 0.00000 3.19713 3.19713
1.66099 0.00000 1.66099 1.66099
2.94616 0.00000 2.94616 2.94616
1.57410 0.00000 1.57410 1.57410
1.60932 0.00000 1.60932 1.60932
1.77732 0.00000 1.77732 1.77732
1.56790 0.00000 1.56790 1.56790
1.59559 0.00000 1.59559 1.59559
1.58074 0.00000 1.58074 1.58074
1.60952 0.00000 1.60952 1.60952
1.55925 0.00000 1.55925 1.55925
1.65374 0.00000 1.65374 1.65374
