# avg	std	min	max
0.00000 0.00000 0.00000 0.00000
-0.28360 0.00000 -0.28360 -0.28360
-0.05414 0.00000 -0.05414 -0.05414
-0.33008 0.00000 -0.33008 -0.33008
-0.10673 0.00000 -0.10673 -0.10673
-0.51606 0.00000 -0.51606 -0.51606
-0.67312 0.00000 -0.67312 -0.67312
-0.47583 0.00000 -0.47583 -0.47583
-1.10208 0.00000 -1.10208 -1.10208
-0.06125 0.00000 -0.06125 -0.06125
-0.07569 0.00000 -0.07569 -0.07569
0.00899 0.00000 0.00899 0.00899
-0.58077 0.00000 -0.58077 -0.58077
0.00737 0.00000 0.00737 0.00737
-0.24689 0.00000 -0.24689 -0.24689
-0.15625 0.00000 -0.15625 -0.15625
-0.58861 0.00000 -0.58861 -0.58861
-0.27042 0.00000 -0.27042 -0.27042
-0.28416 0.00000 -0.28416 -0.28416
-0.10943 0.00000 -0.10943 -0.10943
