# avg	std	min	max
0.00000 0.00000 0.00000 0.00000
7.75956 0.00000 7.75956 7.75956
20.01542 0.00000 20.01542 20.01542
24.28452 0.00000 24.28452 24.28452
26.16852 0.00000 26.16852 26.16852
21.41750 0.00000 21.41750 21.41750
49.03396 0.00000 49.03396 49.03396
63.15318 0.00000 63.15318 63.15318
15.48256 0.00000 15.48256 15.48256
11.79934 0.00000 11.79934 11.79934
18.36468 0.00000 18.36468 18.36468
12.34170 0.00000 12.34170 12.34170
51.58672 0.00000 51.58672 51.58672
19.94338 0.00000 19.94338 19.94338
24.64382 0.00000 24.64382 24.64382
18.77526 0.00000 18.77526 18.77526
23.78538 0.00000 23.78538 23.78538
30.11550 0.00000 30.11550 30.11550
33.26544 0.00000 33.26544 33.26544
42.05018 0.00000 42.05018 42.05018
