# avg	std	min	max
0.00000 0.00000 0.00000 0.00000
2.33282 0.00000 2.33282 2.33282
2.77526 0.00000 2.77526 2.77526
2.03829 0.00000 2.03829 2.03829
2.39072 0.00000 2.39072 2.39072
1.19391 0.00000 1.19391 1.19391
2.12907 0.00000 2.12907 2.12907
2.27196 0.00000 2.27196 2.27196
5.57444 0.00000 5.57444 5.57444
2.57256 0.00000 2.57256 2.57256
2.89397 0.00000 2.89397 2.89397
2.16056 0.00000 2.16056 2.16056
2.29849 0.00000 2.29849 2.29849
2.39810 0.00000 2.39810 2.39810
1.98291 0.00000 1.98291 1.98291
2.31703 0.00000 2.31703 2.31703
2.21670 0.00000 2.21670 2.21670
2.08464 0.00000 2.08464 2.08464
2.08479 0.00000 2.08479 2.08479
2.56116 0.00000 2.56116 2.56116
