# avg	std	min	max
0.00000 0.00000 0.00000 0.00000
-0.29843 0.00000 -0.29843 -0.29843
0.06898 0.00000 0.06898 0.06898
-0.37983 0.00000 -0.37983 -0.37983
-0.09055 0.00000 -0.09055 -0.09055
-0.74251 0.00000 -0.74251 -0.74251
-0.20997 0.00000 -0.20997 -0.20997
-0.46412 0.00000 -0.46412 -0.46412
-1.41060 0.00000 -1.41060 -1.41060
0.03080 0.00000 0.03080 0.03080
0.05793 0.00000 0.05793 0.05793
0.17232 0.00000 0.17232 0.17232
-0.15873 0.00000 -0.15873 -0.15873
0.07679 0.00000 0.07679 0.07679
-0.60006 0.00000 -0.60006 -0.60006
-0.17731 0.00000 -0.17731 -0.17731
-1.10018 0.00000 -1.10018 -1.10018
-0.71632 0.00000 -0.71632 -0.71632
-0.68242 0.00000 -0.68242 -0.68242
0.31814 0.00000 0.31814 0.31814
