# avg	std	min	max
0.00000 0.00000 0.00000 0.00000
3.18181 0.00000 3.18181 3.18181
3.67468 0.00000 3.67468 3.67468
3.30639 0.00000 3.30639 3.30639
3.62857 0.00000 3.62857 3.62857
3.06152 0.00000 3.06152 3.06152
2.78059 0.00000 2.78059 2.78059
3.29224 0.00000 3.29224 3.29224
6.90764 0.00000 6.90764 6.90764
3.42401 0.00000 3.42401 3.42401
3.72232 0.00000 3.72232 3.72232
3.13619 0.00000 3.13619 3.13619
3.17395 0.00000 3.17395 3.17395
3.29311 0.00000 3.29311 3.29311
2.97556 0.00000 2.97556 2.97556
3.29391 0.00000 3.29391 3.29391
3.26467 0.00000 3.26467 3.26467
3.13300 0.00000 3.13300 3.13300
3.15396 0.00000 3.15396 3.15396
3.44442 0.00000 3.44442 3.44442
