# avg	std	min	max
0.00000 0.00000 0.00000 0.00000
3.23986 0.00000 3.23986 3.23986
4.27187 0.00000 4.27187 4.27187
3.37816 0.00000 3.37816 3.37816
4.24372 0.00000 4.24372 4.24372
3.18848 0.00000 3.18848 3.18848
3.33877 0.00000 3.33877 3.33877
3.34499 0.00000 3.34499 3.34499
5.20219 0.00000 5.20219 5.20219
3.44168 0.00000 3.44168 3.44168
4.49783 0.00000 4.49783 4.49783
3.35848 0.00000 3.35848 3.35848
3.34473 0.00000 3.34473 3.34473
3.34304 0.00000 3.34304 3.34304
2.72961 0.00000 2.72961 2.72961
3.37287 0.00000 3.37287 3.37287
3.23544 0.00000 3.23544 3.23544
3.02535 0.00000 3.02535 3.02535
2.50078 0.00000 2.50078 2.50078
3.45855 0.00000 3.45855 3.45855
