# avg	std	min	max
0.00000 0.00000 0.00000 0.00000
4.99203 0.00000 4.99203 4.99203
9.20788 0.00000 9.20788 9.20788
7.02784 0.00000 7.02784 7.02784
13.87514 0.00000 13.87514 13.87514
5.86356 0.00000 5.86356 5.86356
4.97205 0.00000 4.97205 4.97205
8.03099 0.00000 8.03099 8.03099
7.95965 0.00000 7.95965 7.95965
5.72045 0.00000 5.72045 5.72045
7.70086 0.00000 7.70086 7.70086
5.31653 0.00000 5.31653 5.31653
5.43125 0.00000 5.43125 5.43125
4.63895 0.00000 4.63895 4.63895
6.16041 0.00000 6.16041 6.16041
8.24191 0.00000 8.24191 8.24191
8.70004 0.00000 8.70004 8.70004
6.93630 0.00000 6.93630 6.93630
5.86579 0.00000 5.86579 5.86579
5.82081 0.00000 5.82081 5.82081
