# avg	std	min	max
0.00000 0.00000 0.00000 0.00000
2.37663 0.00000 2.37663 2.37663
5.00305 0.00000 5.00305 5.00305
2.04359 0.00000 2.04359 2.04359
4.80821 0.00000 4.80821 4.80821
2.07518 0.00000 2.07518 2.07518
1.95642 0.00000 1.95642 1.95642
2.22881 0.00000 2.22881 2.22881
6.27290 0.00000 6.27290 6.27290
2.54218 0.00000 2.54218 2.54218
3.27479 0.00000 3.27479 3.27479
2.39353 0.00000 2.39353 2.39353
2.13472 0.00000 2.13472 2.13472
1.95612 0.00000 1.95612 1.95612
2.12222 0.00000 2.12222 2.12222
2.29617 0.00000 2.29617 2.29617
2.21179 0.00000 2.21179 2.21179
2.11300 0.00000 2.11300 2.11300
2.17911 0.00000 2.17911 2.17911
2.27493 0.00000 2.27493 2.27493
