# avg	std	min	max
0.00000 0.00000 0.00000 0.00000
7.73120 0.00000 7.73120 7.73120
25.38222 0.00000 25.38222 25.38222
23.80280 0.00000 23.80280 23.80280
27.53248 0.00000 27.53248 27.53248
20.26166 0.00000 20.26166 20.26166
36.87526 0.00000 36.87526 36.87526
44.68594 0.00000 44.68594 44.68594
16.58360 0.00000 16.58360 16.58360
14.70678 0.00000 14.70678 14.70678
23.61398 0.00000 23.61398 23.61398
14.67546 0.00000 14.67546 14.67546
37.15786 0.00000 37.15786 37.15786
25.88678 0.00000 25.88678 25.88678
21.61230 0.00000 21.61230 21.61230
27.70978 0.00000 27.70978 27.70978
23.67658 0.00000 23.67658 23.67658
23.47862 0.00000 23.47862 23.47862
24.01288 0.00000 24.01288 24.01288
33.55012 0.00000 33.55012 33.55012
