# avg	std	min	max
0.00000 0.00000 0.00000 0.00000
8.58489 0.00000 8.58489 8.58489
23.50224 0.00000 23.50224 23.50224
32.37480 0.00000 32.37480 32.37480
31.71256 0.00000 31.71256 31.71256
27.15690 0.00000 27.15690 27.15690
55.52268 0.00000 55.52268 55.52268
82.86350 0.00000 82.86350 82.86350
19.51888 0.00000 19.51888 19.51888
13.31932 0.00000 13.31932 13.31932
22.62156 0.00000 22.62156 22.62156
16.16798 0.00000 16.16798 16.16798
62.98280 0.00000 62.98280 62.98280
29.97296 0.00000 29.97296 29.97296
35.92214 0.00000 35.92214 35.92214
30.85840 0.00000 30.85840 30.85840
35.25150 0.00000 35.25150 35.25150
36.30060 0.00000 36.30060 36.30060
43.01794 0.00000 43.01794 43.01794
49.81284 0.00000 49.81284 49.81284
