# avg	std	min	max
0.00000 0.00000 0.00000 0.00000
-0.07790 0.00000 -0.07790 -0.07790
0.27145 0.00000 0.27145 0.27145
-0.21793 0.00000 -0.21793 -0.21793
0.05364 0.00000 0.05364 0.05364
-0.14744 0.00000 -0.14744 -0.14744
-0.46602 0.00000 -0.46602 -0.46602
-0.30982 0.00000 -0.30982 -0.30982
-0.60703 0.00000 -0.60703 -0.60703
-0.15003 0.00000 -0.15003 -0.15003
0.24155 0.00000 0.24155 0.24155
-0.14792 0.00000 -0.14792 -0.14792
-0.40447 0.00000 -0.40447 -0.40447
-0.05468 0.00000 -0.05468 -0.05468
-0.24633 0.00000 -0.24633 -0.24633
-0.02941 0.00000 -0.02941 -0.02941
-0.57696 0.00000 -0.57696 -0.57696
-0.47434 0.00000 -0.47434 -0.47434
-0.49996 0.00000 -0.49996 -0.49996
-0.00738 0.00000 -0.00738 -0.00738
