# avg	std	min	max
0.00000 0.00000 0.00000 0.00000
0.74291 0.00000 0.74291 0.74291
1.97349 0.00000 1.97349 1.97349
1.55553 0.00000 1.55553 1.55553
3.21741 0.00000 3.21741 3.21741
1.33507 0.00000 1.33507 1.33507
3.63149 0.00000 3.63149 3.63149
5.72264 0.00000 5.72264 5.72264
-0.87892 0.00000 -0.87892 -0.87892
1.02005 0.00000 1.02005 1.02005
2.03634 0.00000 2.03634 2.03634
0.47146 0.00000 0.47146 0.47146
3.29972 0.00000 3.29972 3.29972
1.86049 0.00000 1.86049 1.86049
0.70555 0.00000 0.70555 0.70555
1.80681 0.00000 1.80681 1.80681
0.21310 0.00000 0.21310 0.21310
1.02074 0.00000 1.02074 1.02074
1.30004 0.00000 1.30004 1.30004
3.07248 0.00000 3.07248 3.07248
