# avg	std	min	max
0.00000 0.00000 0.00000 0.00000
5.31505 0.00000 5.31505 5.31505
20.75118 0.00000 20.75118 20.75118
21.27124 0.00000 21.27124 21.27124
24.09888 0.00000 24.09888 24.09888
17.80996 0.00000 17.80996 17.80996
33.76380 0.00000 33.76380 33.76380
36.87662 0.00000 36.87662 36.87662
20.00006 0.00000 20.00006 20.00006
10.32112 0.00000 10.32112 10.32112
19.49004 0.00000 19.49004 19.49004
13.47230 0.00000 13.47230 13.47230
38.49312 0.00000 38.49312 38.49312
18.06384 0.00000 18.06384 18.06384
18.97644 0.00000 18.97644 18.97644
19.72044 0.00000 19.72044 19.72044
18.17908 0.00000 18.17908 18.17908
20.15106 0.00000 20.15106 20.15106
20.03722 0.00000 20.03722 20.03722
48.71244 0.00000 48.71244 48.71244
