# avg	std	min	max
1.04156 0.00000 1.04156 1.04156
-0.16807 0.00000 -0.16807 -0.16807
-0.12721 0.00000 -0.12721 -0.12721
-1.85758 0.00000 -1.85758 -1.85758
-0.56035 0.00000 -0.56035 -0.56035
-1.77735 0.00000 -1.77735 -1.77735
-2.17260 0.00000 -2.17260 -2.17260
-0.77223 0.00000 -0.77223 -0.77223
4.15469 0.00000 4.15469 4.15469
0.13389 0.00000 0.13389 0.13389
0.55943 0.00000 0.55943 0.55943
0.16735 0.00000 0.16735 0.16735
-2.08195 0.00000 -2.08195 -2.08195
0.74564 0.00000 0.74564 0.74564
-0.07623 0.00000 -0.07623 -0.07623
0.89277 0.00000 0.89277 0.89277
-0.09746 0.00000 -0.09746 -0.09746
-0.45794 0.00000 -0.45794 -0.45794
-0.12534 0.00000 -0.12534 -0.12534
0.00801 0.00000 0.00801 0.00801
