# avg	std	min	max
3.42966 0.00000 3.42966 3.42966
1.85362 0.00000 1.85362 1.85362
-0.17774 0.00000 -0.17774 -0.17774
-1.34953 0.00000 -1.34953 -1.34953
-1.28636 0.00000 -1.28636 -1.28636
-1.29336 0.00000 -1.29336 -1.29336
-1.12522 0.00000 -1.12522 -1.12522
-1.75791 0.00000 -1.75791 -1.75791
3.86146 0.00000 3.86146 3.86146
2.70105 0.00000 2.70105 2.70105
1.55339 0.00000 1.55339 1.55339
1.57424 0.00000 1.57424 1.57424
-0.79682 0.00000 -0.79682 -0.79682
1.83520 0.00000 1.83520 1.83520
1.39911 0.00000 1.39911 1.39911
2.48021 0.00000 2.48021 2.48021
2.35804 0.00000 2.35804 2.35804
1.10879 0.00000 1.10879 1.10879
0.86610 0.00000 0.86610 0.86610
0.07405 0.00000 0.07405 0.07405
