# avg	std	min	max
2.31312 0.00000 2.31312 2.31312
0.98865 0.00000 0.98865 0.98865
1.37836 0.00000 1.37836 1.37836
-0.87382 0.00000 -0.87382 -0.87382
0.88445 0.00000 0.88445 0.88445
-1.41996 0.00000 -1.41996 -1.41996
-0.80234 0.00000 -0.80234 -0.80234
4.14864 0.00000 4.14864 4.14864
1.54007 0.00000 1.54007 1.54007
0.82830 0.00000 0.82830 0.82830
2.93834 0.00000 2.93834 2.93834
1.12076 0.00000 1.12076 1.12076
3.78890 0.00000 3.78890 3.78890
2.53838 0.00000 2.53838 2.53838
1.70923 0.00000 1.70923 1.70923
2.79145 0.00000 2.79145 2.79145
1.50613 0.00000 1.50613 1.50613
0.79360 0.00000 0.79360 0.79360
5.30110 0.00000 5.30110 5.30110
-0.00974 0.00000 -0.00974 -0.00974
