# avg	std	min	max
1.19589 0.00000 1.19589 1.19589
0.36180 0.00000 0.36180 0.36180
-1.17113 0.00000 -1.17113 -1.17113
-1.18074 0.00000 -1.18074 -1.18074
-0.68058 0.00000 -0.68058 -0.68058
-1.20097 0.00000 -1.20097 -1.20097
-2.24771 0.00000 -2.24771 -2.24771
-0.44405 0.00000 -0.44405 -0.44405
2.49846 0.00000 2.49846 2.49846
0.29562 0.00000 0.29562 0.29562
1.00697 0.00000 1.00697 1.00697
0.03796 0.00000 0.03796 0.03796
-1.65692 0.00000 -1.65692 -1.65692
0.67923 0.00000 0.67923 0.67923
0.54072 0.00000 0.54072 0.54072
1.14075 0.00000 1.14075 1.14075
0.86680 0.00000 0.86680 0.86680
-0.48088 0.00000 -0.48088 -0.48088
-0.10545 0.00000 -0.10545 -0.10545
-0.04390 0.00000 -0.04390 -0.04390
