# avg	std	min	max
0.19336 0.00000 0.19336 0.19336
0.04419 0.00000 0.04419 0.04419
-0.15135 0.00000 -0.15135 -0.15135
-0.48957 0.00000 -0.48957 -0.48957
0.02582 0.00000 0.02582 0.02582
-0.62575 0.00000 -0.62575 -0.62575
-0.56801 0.00000 -0.56801 -0.56801
-0.49827 0.00000 -0.49827 -0.49827
0.57931 0.00000 0.57931 0.57931
0.05888 0.00000 0.05888 0.05888
0.05349 0.00000 0.05349 0.05349
-0.08289 0.00000 -0.08289 -0.08289
-0.53389 0.00000 -0.53389 -0.53389
-0.06643 0.00000 -0.06643 -0.06643
-0.17541 0.00000 -0.17541 -0.17541
0.25857 0.00000 0.25857 0.25857
0.01050 0.00000 0.01050 0.01050
-0.62258 0.00000 -0.62258 -0.62258
-0.55684 0.00000 -0.55684 -0.55684
0.01325 0.00000 0.01325 0.01325
