# avg	std	min	max
3.35563 0.00000 3.35563 3.35563
2.44781 0.00000 2.44781 2.44781
1.20816 0.00000 1.20816 1.20816
-0.17382 0.00000 -0.17382 -0.17382
-0.01039 0.00000 -0.01039 -0.01039
-0.92874 0.00000 -0.92874 -0.92874
-0.44800 0.00000 -0.44800 -0.44800
3.53920 0.00000 3.53920 3.53920
5.94100 0.00000 5.94100 5.94100
3.25739 0.00000 3.25739 3.25739
2.57904 0.00000 2.57904 2.57904
2.07092 0.00000 2.07092 2.07092
-0.13125 0.00000 -0.13125 -0.13125
2.82730 0.00000 2.82730 2.82730
2.33309 0.00000 2.33309 2.33309
4.42125 0.00000 4.42125 4.42125
4.11251 0.00000 4.11251 4.11251
1.77113 0.00000 1.77113 1.77113
1.13620 0.00000 1.13620 1.13620
2.16028 0.00000 2.16028 2.16028
