# avg	std	min	max
5.33727 0.00000 5.33727 5.33727
3.62628 0.00000 3.62628 3.62628
1.04823 0.00000 1.04823 1.04823
-0.46212 0.00000 -0.46212 -0.46212
-0.05832 0.00000 -0.05832 -0.05832
-0.29598 0.00000 -0.29598 -0.29598
8.34227 0.00000 8.34227 8.34227
10.08687 0.00000 10.08687 10.08687
3.90118 0.00000 3.90118 3.90118
4.79326 0.00000 4.79326 4.79326
3.58851 0.00000 3.58851 3.58851
3.10411 0.00000 3.10411 3.10411
13.03524 0.00000 13.03524 13.03524
3.94672 0.00000 3.94672 3.94672
3.07338 0.00000 3.07338 3.07338
5.34495 0.00000 5.34495 5.34495
5.17224 0.00000 5.17224 5.17224
3.55801 0.00000 3.55801 3.55801
6.72092 0.00000 6.72092 6.72092
5.78142 0.00000 5.78142 5.78142
