# avg	std	min	max
3.36767 0.00000 3.36767 3.36767
2.25416 0.00000 2.25416 2.25416
0.28862 0.00000 0.28862 0.28862
0.91681 0.00000 0.91681 0.91681
-0.00510 0.00000 -0.00510 -0.00510
0.37063 0.00000 0.37063 0.37063
1.33692 0.00000 1.33692 1.33692
1.11737 0.00000 1.11737 1.11737
3.27918 0.00000 3.27918 3.27918
3.07155 0.00000 3.07155 3.07155
1.53993 0.00000 1.53993 1.53993
1.79690 0.00000 1.79690 1.79690
1.35693 0.00000 1.35693 1.35693
2.60748 0.00000 2.60748 2.60748
2.23962 0.00000 2.23962 2.23962
2.56140 0.00000 2.56140 2.56140
2.24766 0.00000 2.24766 2.24766
1.74973 0.00000 1.74973 1.74973
2.02721 0.00000 2.02721 2.02721
2.91560 0.00000 2.91560 2.91560
