# avg	std	min	max
4.03444 0.00000 4.03444 4.03444
2.43671 0.00000 2.43671 2.43671
0.69600 0.00000 0.69600 0.69600
0.60969 0.00000 0.60969 0.60969
-0.00181 0.00000 -0.00181 -0.00181
0.27219 0.00000 0.27219 0.27219
1.66341 0.00000 1.66341 1.66341
2.85037 0.00000 2.85037 2.85037
3.29616 0.00000 3.29616 3.29616
3.23310 0.00000 3.23310 3.23310
1.96804 0.00000 1.96804 1.96804
2.40562 0.00000 2.40562 2.40562
1.98330 0.00000 1.98330 1.98330
2.41517 0.00000 2.41517 2.41517
2.53463 0.00000 2.53463 2.53463
4.31575 0.00000 4.31575 4.31575
4.22628 0.00000 4.22628 4.22628
2.90372 0.00000 2.90372 2.90372
5.29364 0.00000 5.29364 5.29364
2.01677 0.00000 2.01677 2.01677
