# avg	std	min	max
4.12599 0.00000 4.12599 4.12599
2.92525 0.00000 2.92525 2.92525
1.50192 0.00000 1.50192 1.50192
-0.39261 0.00000 -0.39261 -0.39261
-0.00548 0.00000 -0.00548 -0.00548
0.00085 0.00000 0.00085 0.00085
10.58311 0.00000 10.58311 10.58311
21.55940 0.00000 21.55940 21.55940
0.82934 0.00000 0.82934 0.82934
3.71715 0.00000 3.71715 3.71715
3.21108 0.00000 3.21108 3.21108
2.61839 0.00000 2.61839 2.61839
17.40962 0.00000 17.40962 17.40962
2.50111 0.00000 2.50111 2.50111
3.05640 0.00000 3.05640 3.05640
4.16798 0.00000 4.16798 4.16798
3.16039 0.00000 3.16039 3.16039
4.81256 0.00000 4.81256 4.81256
5.96597 0.00000 5.96597 5.96597
10.26478 0.00000 10.26478 10.26478
