# avg	std	min	max
6.79086 0.00000 6.79086 6.79086
4.93904 0.00000 4.93904 4.93904
1.28082 0.00000 1.28082 1.28082
0.21318 0.00000 0.21318 0.21318
-0.01266 0.00000 -0.01266 -0.01266
0.59928 0.00000 0.59928 0.59928
13.51014 0.00000 13.51014 13.51014
15.32970 0.00000 15.32970 15.32970
6.26669 0.00000 6.26669 6.26669
5.84895 0.00000 5.84895 5.84895
3.52644 0.00000 3.52644 3.52644
3.93275 0.00000 3.93275 3.93275
14.82969 0.00000 14.82969 14.82969
4.39393 0.00000 4.39393 4.39393
4.64885 0.00000 4.64885 4.64885
5.30949 0.00000 5.30949 5.30949
5.05834 0.00000 5.05834 5.05834
6.47375 0.00000 6.47375 6.47375
11.31313 0.00000 11.31313 11.31313
9.53691 0.00000 9.53691 9.53691
