# avg	std	min	max
5.69101 0.00000 5.69101 5.69101
4.09130 0.00000 4.09130 4.09130
1.34074 0.00000 1.34074 1.34074
0.42739 0.00000 0.42739 0.42739
-0.00251 0.00000 -0.00251 -0.00251
-0.05314 0.00000 -0.05314 -0.05314
8.66069 0.00000 8.66069 8.66069
8.60332 0.00000 8.60332 8.60332
7.58073 0.00000 7.58073 7.58073
4.60227 0.00000 4.60227 4.60227
3.27454 0.00000 3.27454 3.27454
3.33531 0.00000 3.33531 3.33531
13.46730 0.00000 13.46730 13.46730
3.93343 0.00000 3.93343 3.93343
3.82336 0.00000 3.82336 3.82336
5.75304 0.00000 5.75304 5.75304
4.75518 0.00000 4.75518 4.75518
3.23252 0.00000 3.23252 3.23252
3.77370 0.00000 3.77370 3.77370
7.01951 0.00000 7.01951 7.01951
