# avg	std	min	max
4.82907 0.00000 4.82907 4.82907
3.23390 0.00000 3.23390 3.23390
1.00841 0.00000 1.00841 1.00841
0.21221 0.00000 0.21221 0.21221
0.00315 0.00000 0.00315 0.00315
-0.23883 0.00000 -0.23883 -0.23883
3.15213 0.00000 3.15213 3.15213
5.42081 0.00000 5.42081 5.42081
0.52685 0.00000 0.52685 0.52685
4.74329 0.00000 4.74329 4.74329
3.29408 0.00000 3.29408 3.29408
3.10872 0.00000 3.10872 3.10872
4.72340 0.00000 4.72340 4.72340
4.14639 0.00000 4.14639 4.14639
3.87499 0.00000 3.87499 3.87499
5.19843 0.00000 5.19843 5.19843
5.09853 0.00000 5.09853 5.09853
4.88597 0.00000 4.88597 4.88597
7.53882 0.00000 7.53882 7.53882
3.84248 0.00000 3.84248 3.84248
