# avg	std	min	max
1.17742 0.00000 1.17742 1.17742
0.52545 0.00000 0.52545 0.52545
0.60549 0.00000 0.60549 0.60549
-0.29331 0.00000 -0.29331 -0.29331
0.00285 0.00000 0.00285 0.00285
-0.36755 0.00000 -0.36755 -0.36755
0.39101 0.00000 0.39101 0.39101
1.34471 0.00000 1.34471 1.34471
-0.39489 0.00000 -0.39489 -0.39489
1.19594 0.00000 1.19594 1.19594
1.06183 0.00000 1.06183 1.06183
1.00124 0.00000 1.00124 1.00124
0.62476 0.00000 0.62476 0.62476
1.22864 0.00000 1.22864 1.22864
0.42472 0.00000 0.42472 0.42472
1.70425 0.00000 1.70425 1.70425
1.00915 0.00000 1.00915 1.00915
0.47618 0.00000 0.47618 0.47618
-0.39987 0.00000 -0.39987 -0.39987
1.48560 0.00000 1.48560 1.48560
