# avg	std	min	max
4.76192 0.00000 4.76192 4.76192
3.39529 0.00000 3.39529 3.39529
0.87094 0.00000 0.87094 0.87094
1.01145 0.00000 1.01145 1.01145
-0.03384 0.00000 -0.03384 -0.03384
-0.25921 0.00000 -0.25921 -0.25921
3.23578 0.00000 3.23578 3.23578
10.70754 0.00000 10.70754 10.70754
4.43818 0.00000 4.43818 4.43818
3.68567 0.00000 3.68567 3.68567
2.50929 0.00000 2.50929 2.50929
2.54805 0.00000 2.54805 2.54805
5.34683 0.00000 5.34683 5.34683
4.04754 0.00000 4.04754 4.04754
3.14946 0.00000 3.14946 3.14946
5.50534 0.00000 5.50534 5.50534
4.52498 0.00000 4.52498 4.52498
4.48076 0.00000 4.48076 4.48076
7.35404 0.00000 7.35404 7.35404
3.53430 0.00000 3.53430 3.53430
