# avg	std	min	max
1.08306 0.00000 1.08306 1.08306
0.66114 0.00000 0.66114 0.66114
1.40549 0.00000 1.40549 1.40549
0.31125 0.00000 0.31125 0.31125
1.12272 0.00000 1.12272 1.12272
0.13385 0.00000 0.13385 0.13385
0.61158 0.00000 0.61158 0.61158
0.68035 0.00000 0.68035 0.68035
4.83413 0.00000 4.83413 4.83413
1.08078 0.00000 1.08078 1.08078
2.88304 0.00000 2.88304 2.88304
0.91094 0.00000 0.91094 0.91094
0.23470 0.00000 0.23470 0.23470
1.24682 0.00000 1.24682 1.24682
0.27144 0.00000 0.27144 0.27144
2.10630 0.00000 2.10630 2.10630
1.74712 0.00000 1.74712 1.74712
-0.01685 0.00000 -0.01685 -0.01685
-0.76950 0.00000 -0.76950 -0.76950
1.33306 0.00000 1.33306 1.33306
