# avg	std	min	max
2.28926 0.00000 2.28926 2.28926
1.06755 0.00000 1.06755 1.06755
2.07329 0.00000 2.07329 2.07329
0.14137 0.00000 0.14137 0.14137
2.87684 0.00000 2.87684 2.87684
-0.09344 0.00000 -0.09344 -0.09344
0.39550 0.00000 0.39550 0.39550
0.81608 0.00000 0.81608 0.81608
2.22929 0.00000 2.22929 2.22929
1.64051 0.00000 1.64051 1.64051
1.10145 0.00000 1.10145 1.10145
1.56470 0.00000 1.56470 1.56470
0.74867 0.00000 0.74867 0.74867
1.34703 0.00000 1.34703 1.34703
1.33934 0.00000 1.33934 1.33934
2.15402 0.00000 2.15402 2.15402
1.33152 0.00000 1.33152 1.33152
-0.07076 0.00000 -0.07076 -0.07076
1.05756 0.00000 1.05756 1.05756
1.31567 0.00000 1.31567 1.31567
