# avg	std	min	max
0.62905 0.00000 0.62905 0.62905
0.51199 0.00000 0.51199 0.51199
0.57005 0.00000 0.57005 0.57005
0.72796 0.00000 0.72796 0.72796
0.61333 0.00000 0.61333 0.61333
0.08222 0.00000 0.08222 0.08222
0.42302 0.00000 0.42302 0.42302
0.40363 0.00000 0.40363 0.40363
7.03812 0.00000 7.03812 7.03812
0.06197 0.00000 0.06197 0.06197
0.03257 0.00000 0.03257 0.03257
0.31619 0.00000 0.31619 0.31619
0.48983 0.00000 0.48983 0.48983
0.53799 0.00000 0.53799 0.53799
0.05306 0.00000 0.05306 0.05306
0.90268 0.00000 0.90268 0.90268
0.69267 0.00000 0.69267 0.69267
-0.02471 0.00000 -0.02471 -0.02471
-0.50707 0.00000 -0.50707 -0.50707
-0.00507 0.00000 -0.00507 -0.00507
