# avg	std	min	max
1.52018 0.00000 1.52018 1.52018
0.79448 0.00000 0.79448 0.79448
0.64864 0.00000 0.64864 0.64864
0.05402 0.00000 0.05402 0.05402
0.20994 0.00000 0.20994 0.20994
0.07151 0.00000 0.07151 0.07151
0.39352 0.00000 0.39352 0.39352
1.27729 0.00000 1.27729 1.27729
4.25348 0.00000 4.25348 4.25348
0.85879 0.00000 0.85879 0.85879
0.54559 0.00000 0.54559 0.54559
1.17279 0.00000 1.17279 1.17279
0.41531 0.00000 0.41531 0.41531
0.54267 0.00000 0.54267 0.54267
0.45342 0.00000 0.45342 0.45342
1.36287 0.00000 1.36287 1.36287
0.80261 0.00000 0.80261 0.80261
-0.03753 0.00000 -0.03753 -0.03753
-0.21509 0.00000 -0.21509 -0.21509
1.51410 0.00000 1.51410 1.51410
