# avg	std	min	max
3.71894 0.00000 3.71894 3.71894
1.89488 0.00000 1.89488 1.89488
0.80395 0.00000 0.80395 0.80395
-0.95325 0.00000 -0.95325 -0.95325
0.42691 0.00000 0.42691 0.42691
-0.32900 0.00000 -0.32900 -0.32900
-0.28039 0.00000 -0.28039 -0.28039
1.23656 0.00000 1.23656 1.23656
2.68608 0.00000 2.68608 2.68608
2.29190 0.00000 2.29190 2.29190
1.48324 0.00000 1.48324 1.48324
1.06674 0.00000 1.06674 1.06674
0.02008 0.00000 0.02008 0.02008
0.98847 0.00000 0.98847 0.98847
1.31950 0.00000 1.31950 1.31950
2.42070 0.00000 2.42070 2.42070
1.70056 0.00000 1.70056 1.70056
-0.00380 0.00000 -0.00380 -0.00380
1.48107 0.00000 1.48107 1.48107
0.83289 0.00000 0.83289 0.83289
