# avg	std	min	max
1.92349 0.00000 1.92349 1.92349
1.70583 0.00000 1.70583 1.70583
0.65092 0.00000 0.65092 0.65092
0.45414 0.00000 0.45414 0.45414
0.50751 0.00000 0.50751 0.50751
0.59163 0.00000 0.59163 0.59163
0.58885 0.00000 0.58885 0.58885
0.63547 0.00000 0.63547 0.63547
10.27964 0.00000 10.27964 10.27964
1.51511 0.00000 1.51511 1.51511
0.84575 0.00000 0.84575 0.84575
1.41405 0.00000 1.41405 1.41405
-0.53947 0.00000 -0.53947 -0.53947
1.26089 0.00000 1.26089 1.26089
0.33478 0.00000 0.33478 0.33478
1.40998 0.00000 1.40998 1.40998
1.49993 0.00000 1.49993 1.49993
-0.00346 0.00000 -0.00346 -0.00346
-1.59891 0.00000 -1.59891 -1.59891
1.44659 0.00000 1.44659 1.44659
