# avg	std	min	max
1.35186 0.00000 1.35186 1.35186
0.72145 0.00000 0.72145 0.72145
0.94688 0.00000 0.94688 0.94688
-0.38815 0.00000 -0.38815 -0.38815
0.51402 0.00000 0.51402 0.51402
-0.81073 0.00000 -0.81073 -0.81073
-1.34117 0.00000 -1.34117 -1.34117
0.56271 0.00000 0.56271 0.56271
-0.84744 0.00000 -0.84744 -0.84744
1.42194 0.00000 1.42194 1.42194
1.44329 0.00000 1.44329 1.44329
1.06958 0.00000 1.06958 1.06958
-1.00400 0.00000 -1.00400 -1.00400
0.79965 0.00000 0.79965 0.79965
0.64158 0.00000 0.64158 0.64158
2.58848 0.00000 2.58848 2.58848
0.97670 0.00000 0.97670 0.97670
0.01097 0.00000 0.01097 0.01097
0.16310 0.00000 0.16310 0.16310
0.02268 0.00000 0.02268 0.02268
