# avg	std	min	max
1.29266 0.00000 1.29266 1.29266
0.75357 0.00000 0.75357 0.75357
0.35490 0.00000 0.35490 0.35490
-0.14394 0.00000 -0.14394 -0.14394
-0.01382 0.00000 -0.01382 -0.01382
-0.10637 0.00000 -0.10637 -0.10637
0.51310 0.00000 0.51310 0.51310
0.67428 0.00000 0.67428 0.67428
-0.60089 0.00000 -0.60089 -0.60089
0.93593 0.00000 0.93593 0.93593
0.47352 0.00000 0.47352 0.47352
0.57580 0.00000 0.57580 0.57580
0.54196 0.00000 0.54196 0.54196
0.67870 0.00000 0.67870 0.67870
0.11579 0.00000 0.11579 0.11579
0.65546 0.00000 0.65546 0.65546
0.25221 0.00000 0.25221 0.25221
-0.02767 0.00000 -0.02767 -0.02767
0.01644 0.00000 0.01644 0.01644
0.90235 0.00000 0.90235 0.90235
