# avg	std	min	max
0.11085 0.00000 0.11085 0.11085
1.07645 0.00000 1.07645 1.07645
2.19086 0.00000 2.19086 2.19086
-0.01146 0.00000 -0.01146 -0.01146
2.58058 0.00000 2.58058 2.58058
-0.03141 0.00000 -0.03141 -0.03141
0.24494 0.00000 0.24494 0.24494
-0.08778 0.00000 -0.08778 -0.08778
3.89168 0.00000 3.89168 3.89168
1.01150 0.00000 1.01150 1.01150
1.48679 0.00000 1.48679 1.48679
0.93650 0.00000 0.93650 0.93650
0.27068 0.00000 0.27068 0.27068
0.12673 0.00000 0.12673 0.12673
0.07848 0.00000 0.07848 0.07848
0.50187 0.00000 0.50187 0.50187
0.29575 0.00000 0.29575 0.29575
-0.00667 0.00000 -0.00667 -0.00667
0.18733 0.00000 0.18733 0.18733
0.77914 0.00000 0.77914 0.77914
