# avg	std	min	max
3.98300 0.00000 3.98300 3.98300
2.74371 0.00000 2.74371 2.74371
2.38817 0.00000 2.38817 2.38817
-0.12516 0.00000 -0.12516 -0.12516
1.42398 0.00000 1.42398 1.42398
-0.32499 0.00000 -0.32499 -0.32499
-0.28744 0.00000 -0.28744 -0.28744
2.90803 0.00000 2.90803 2.90803
5.99684 0.00000 5.99684 5.99684
3.07626 0.00000 3.07626 3.07626
2.48843 0.00000 2.48843 2.48843
2.83977 0.00000 2.83977 2.83977
2.08737 0.00000 2.08737 2.08737
2.53806 0.00000 2.53806 2.53806
2.40205 0.00000 2.40205 2.40205
4.80200 0.00000 4.80200 4.80200
4.22671 0.00000 4.22671 4.22671
2.43734 0.00000 2.43734 2.43734
2.01332 0.00000 2.01332 2.01332
1.54824 0.00000 1.54824 1.54824
