# avg	std	min	max
2.91596 0.00000 2.91596 2.91596
1.80138 0.00000 1.80138 1.80138
2.72356 0.00000 2.72356 2.72356
-0.00923 0.00000 -0.00923 -0.00923
1.77206 0.00000 1.77206 1.77206
0.15558 0.00000 0.15558 0.15558
0.35159 0.00000 0.35159 0.35159
1.65169 0.00000 1.65169 1.65169
5.96990 0.00000 5.96990 5.96990
2.16899 0.00000 2.16899 2.16899
2.30521 0.00000 2.30521 2.30521
1.94816 0.00000 1.94816 1.94816
0.60423 0.00000 0.60423 0.60423
1.77675 0.00000 1.77675 1.77675
1.25596 0.00000 1.25596 1.25596
1.10020 0.00000 1.10020 1.10020
1.03048 0.00000 1.03048 1.03048
1.77473 0.00000 1.77473 1.77473
1.94194 0.00000 1.94194 1.94194
1.65145 0.00000 1.65145 1.65145
