# avg	std	min	max
5.89604 0.00000 5.89604 5.89604
3.99473 0.00000 3.99473 3.99473
1.82266 0.00000 1.82266 1.82266
-0.01678 0.00000 -0.01678 -0.01678
1.88172 0.00000 1.88172 1.88172
0.28951 0.00000 0.28951 0.28951
11.33120 0.00000 11.33120 11.33120
15.21972 0.00000 15.21972 15.21972
9.34558 0.00000 9.34558 9.34558
4.82484 0.00000 4.82484 4.82484
3.44388 0.00000 3.44388 3.44388
3.38636 0.00000 3.38636 3.38636
18.77736 0.00000 18.77736 18.77736
4.06305 0.00000 4.06305 4.06305
4.32951 0.00000 4.32951 4.32951
5.57011 0.00000 5.57011 5.57011
5.36928 0.00000 5.36928 5.36928
5.63810 0.00000 5.63810 5.63810
12.88230 0.00000 12.88230 12.88230
6.89493 0.00000 6.89493 6.89493
