# avg	std	min	max
5.84886 0.00000 5.84886 5.84886
4.07410 0.00000 4.07410 4.07410
1.86624 0.00000 1.86624 1.86624
-0.02462 0.00000 -0.02462 -0.02462
0.57066 0.00000 0.57066 0.57066
0.04236 0.00000 0.04236 0.04236
5.38577 0.00000 5.38577 5.38577
14.17419 0.00000 14.17419 14.17419
9.47421 0.00000 9.47421 9.47421
4.62953 0.00000 4.62953 4.62953
3.21836 0.00000 3.21836 3.21836
3.79337 0.00000 3.79337 3.79337
9.67741 0.00000 9.67741 9.67741
3.99657 0.00000 3.99657 3.99657
3.99742 0.00000 3.99742 3.99742
5.97812 0.00000 5.97812 5.97812
5.96338 0.00000 5.96338 5.96338
3.92518 0.00000 3.92518 3.92518
7.24343 0.00000 7.24343 7.24343
4.58218 0.00000 4.58218 4.58218
