# avg	std	min	max
2.47464 0.00000 2.47464 2.47464
1.93972 0.00000 1.93972 1.93972
0.94934 0.00000 0.94934 0.94934
-0.01597 0.00000 -0.01597 -0.01597
1.12561 0.00000 1.12561 1.12561
0.55098 0.00000 0.55098 0.55098
0.50817 0.00000 0.50817 0.50817
1.08162 0.00000 1.08162 1.08162
2.00369 0.00000 2.00369 2.00369
2.48592 0.00000 2.48592 2.48592
1.19136 0.00000 1.19136 1.19136
1.81942 0.00000 1.81942 1.81942
0.39278 0.00000 0.39278 0.39278
2.66089 0.00000 2.66089 2.66089
2.04341 0.00000 2.04341 2.04341
3.55653 0.00000 3.55653 3.55653
2.69691 0.00000 2.69691 2.69691
1.10554 0.00000 1.10554 1.10554
2.08813 0.00000 2.08813 2.08813
2.01405 0.00000 2.01405 2.01405
