# avg	std	min	max
5.33395 0.00000 5.33395 5.33395
4.19262 0.00000 4.19262 4.19262
3.35286 0.00000 3.35286 3.35286
-0.00110 0.00000 -0.00110 -0.00110
2.21230 0.00000 2.21230 2.21230
0.27477 0.00000 0.27477 0.27477
2.31355 0.00000 2.31355 2.31355
13.05844 0.00000 13.05844 13.05844
5.42203 0.00000 5.42203 5.42203
5.23907 0.00000 5.23907 5.23907
3.72762 0.00000 3.72762 3.72762
3.45409 0.00000 3.45409 3.45409
4.78178 0.00000 4.78178 4.78178
3.59896 0.00000 3.59896 3.59896
3.57923 0.00000 3.57923 3.57923
5.60198 0.00000 5.60198 5.60198
3.91488 0.00000 3.91488 3.91488
4.77391 0.00000 4.77391 4.77391
8.11056 0.00000 8.11056 8.11056
3.17787 0.00000 3.17787 3.17787
