# avg	std	min	max
1.32449 0.00000 1.32449 1.32449
0.58194 0.00000 0.58194 0.58194
0.44712 0.00000 0.44712 0.44712
-0.00295 0.00000 -0.00295 -0.00295
1.02868 0.00000 1.02868 1.02868
0.07824 0.00000 0.07824 0.07824
0.41848 0.00000 0.41848 0.41848
0.24942 0.00000 0.24942 0.24942
-0.06479 0.00000 -0.06479 -0.06479
1.15145 0.00000 1.15145 1.15145
1.64915 0.00000 1.64915 1.64915
1.01179 0.00000 1.01179 1.01179
0.62738 0.00000 0.62738 0.62738
1.26704 0.00000 1.26704 1.26704
0.56010 0.00000 0.56010 0.56010
1.16704 0.00000 1.16704 1.16704
1.02027 0.00000 1.02027 1.02027
0.67257 0.00000 0.67257 0.67257
1.17553 0.00000 1.17553 1.17553
1.43611 0.00000 1.43611 1.43611
