# avg	std	min	max
2.45225 0.00000 2.45225 2.45225
3.15180 0.00000 3.15180 3.15180
2.97185 0.00000 2.97185 2.97185
-0.01313 0.00000 -0.01313 -0.01313
2.77992 0.00000 2.77992 2.77992
0.12026 0.00000 0.12026 0.12026
3.41260 0.00000 3.41260 3.41260
6.76260 0.00000 6.76260 6.76260
6.78144 0.00000 6.78144 6.78144
2.41433 0.00000 2.41433 2.41433
3.44975 0.00000 3.44975 3.44975
2.43129 0.00000 2.43129 2.43129
3.93127 0.00000 3.93127 3.93127
2.16098 0.00000 2.16098 2.16098
3.62721 0.00000 3.62721 3.62721
4.99581 0.00000 4.99581 4.99581
4.14925 0.00000 4.14925 4.14925
0.24145 0.00000 0.24145 0.24145
4.15388 0.00000 4.15388 4.15388
2.55677 0.00000 2.55677 2.55677
