# avg	std	min	max
3.80361 0.00000 3.80361 3.80361
2.53613 0.00000 2.53613 2.53613
1.74887 0.00000 1.74887 1.74887
-0.01379 0.00000 -0.01379 -0.01379
0.85652 0.00000 0.85652 0.85652
-0.92831 0.00000 -0.92831 -0.92831
-0.54859 0.00000 -0.54859 -0.54859
1.69721 0.00000 1.69721 1.69721
1.52122 0.00000 1.52122 1.52122
3.53708 0.00000 3.53708 3.53708
2.49510 0.00000 2.49510 2.49510
2.46834 0.00000 2.46834 2.46834
0.10971 0.00000 0.10971 0.10971
2.73674 0.00000 2.73674 2.73674
1.63011 0.00000 1.63011 1.63011
3.26501 0.00000 3.26501 3.26501
1.79323 0.00000 1.79323 1.79323
1.92223 0.00000 1.92223 1.92223
2.10969 0.00000 2.10969 2.10969
1.92167 0.00000 1.92167 1.92167
