# avg	std	min	max
4.10259 0.00000 4.10259 4.10259
2.65094 0.00000 2.65094 2.65094
2.32665 0.00000 2.32665 2.32665
-0.00707 0.00000 -0.00707 -0.00707
1.88439 0.00000 1.88439 1.88439
0.04939 0.00000 0.04939 0.04939
3.51556 0.00000 3.51556 3.51556
9.25744 0.00000 9.25744 9.25744
8.59067 0.00000 8.59067 8.59067
3.02744 0.00000 3.02744 3.02744
2.81454 0.00000 2.81454 2.81454
3.01338 0.00000 3.01338 3.01338
7.92896 0.00000 7.92896 7.92896
3.79841 0.00000 3.79841 3.79841
3.40896 0.00000 3.40896 3.40896
4.61026 0.00000 4.61026 4.61026
3.24533 0.00000 3.24533 3.24533
2.73738 0.00000 2.73738 2.73738
2.53411 0.00000 2.53411 2.53411
5.55215 0.00000 5.55215 5.55215
