# avg	std	min	max
5.69664 0.00000 5.69664 5.69664
4.02319 0.00000 4.02319 4.02319
4.04049 0.00000 4.04049 4.04049
-0.00680 0.00000 -0.00680 -0.00680
4.30924 0.00000 4.30924 4.30924
0.68929 0.00000 0.68929 0.68929
5.41406 0.00000 5.41406 5.41406
15.54462 0.00000 15.54462 15.54462
8.05137 0.00000 8.05137 8.05137
4.70898 0.00000 4.70898 4.70898
2.89152 0.00000 2.89152 2.89152
3.90739 0.00000 3.90739 3.90739
9.99260 0.00000 9.99260 9.99260
3.62558 0.00000 3.62558 3.62558
4.28817 0.00000 4.28817 4.28817
6.53934 0.00000 6.53934 6.53934
5.60508 0.00000 5.60508 5.60508
6.02268 0.00000 6.02268 6.02268
8.91128 0.00000 8.91128 8.91128
3.72202 0.00000 3.72202 3.72202
