# avg	std	min	max
1.18604 0.00000 1.18604 1.18604
0.49492 0.00000 0.49492 0.49492
0.85469 0.00000 0.85469 0.85469
-0.00005 0.00000 -0.00005 -0.00005
0.07092 0.00000 0.07092 0.07092
0.03769 0.00000 0.03769 0.03769
0.05194 0.00000 0.05194 0.05194
-0.13076 0.00000 -0.13076 -0.13076
4.50047 0.00000 4.50047 4.50047
0.70313 0.00000 0.70313 0.70313
0.52832 0.00000 0.52832 0.52832
1.27126 0.00000 1.27126 1.27126
0.06521 0.00000 0.06521 0.06521
0.47059 0.00000 0.47059 0.47059
0.40063 0.00000 0.40063 0.40063
0.87660 0.00000 0.87660 0.87660
0.45391 0.00000 0.45391 0.45391
0.07350 0.00000 0.07350 0.07350
0.06489 0.00000 0.06489 0.06489
0.45232 0.00000 0.45232 0.45232
