# avg	std	min	max
1.24245 0.00000 1.24245 1.24245
0.57077 0.00000 0.57077 0.57077
0.91055 0.00000 0.91055 0.91055
-0.00220 0.00000 -0.00220 -0.00220
0.44064 0.00000 0.44064 0.44064
0.18212 0.00000 0.18212 0.18212
0.00602 0.00000 0.00602 0.00602
0.52854 0.00000 0.52854 0.52854
-1.59419 0.00000 -1.59419 -1.59419
0.98900 0.00000 0.98900 0.98900
1.17584 0.00000 1.17584 1.17584
0.90145 0.00000 0.90145 0.90145
0.11947 0.00000 0.11947 0.11947
0.78823 0.00000 0.78823 0.78823
0.00541 0.00000 0.00541 0.00541
1.02438 0.00000 1.02438 1.02438
0.73205 0.00000 0.73205 0.73205
0.18428 0.00000 0.18428 0.18428
0.31230 0.00000 0.31230 0.31230
0.94057 0.00000 0.94057 0.94057
