# avg	std	min	max
3.74091 0.00000 3.74091 3.74091
2.77591 0.00000 2.77591 2.77591
1.70844 0.00000 1.70844 1.70844
-0.02676 0.00000 -0.02676 -0.02676
1.04107 0.00000 1.04107 1.04107
0.24214 0.00000 0.24214 0.24214
0.17993 0.00000 0.17993 0.17993
1.83684 0.00000 1.83684 1.83684
5.36671 0.00000 5.36671 5.36671
3.38641 0.00000 3.38641 3.38641
2.81979 0.00000 2.81979 2.81979
2.38384 0.00000 2.38384 2.38384
0.74654 0.00000 0.74654 0.74654
3.07114 0.00000 3.07114 3.07114
1.97372 0.00000 1.97372 1.97372
3.33327 0.00000 3.33327 3.33327
3.29512 0.00000 3.29512 3.29512
1.92352 0.00000 1.92352 1.92352
2.08908 0.00000 2.08908 2.08908
2.72659 0.00000 2.72659 2.72659
