# avg	std	min	max
0.52411 0.00000 0.52411 0.52411
0.37696 0.00000 0.37696 0.37696
0.42449 0.00000 0.42449 0.42449
0.00354 0.00000 0.00354 0.00354
0.22342 0.00000 0.22342 0.22342
0.02004 0.00000 0.02004 0.02004
-0.05311 0.00000 -0.05311 -0.05311
-0.36672 0.00000 -0.36672 -0.36672
0.05390 0.00000 0.05390 0.05390
0.20308 0.00000 0.20308 0.20308
0.26245 0.00000 0.26245 0.26245
-0.00305 0.00000 -0.00305 -0.00305
-0.19573 0.00000 -0.19573 -0.19573
0.29443 0.00000 0.29443 0.29443
0.00619 0.00000 0.00619 0.00619
0.31349 0.00000 0.31349 0.31349
0.04404 0.00000 0.04404 0.04404
-0.31252 0.00000 -0.31252 -0.31252
-0.48311 0.00000 -0.48311 -0.48311
-0.02378 0.00000 -0.02378 -0.02378
