# avg	std	min	max
0.23866 0.00000 0.23866 0.23866
0.22294 0.00000 0.22294 0.22294
0.21621 0.00000 0.21621 0.21621
0.00000 0.00000 0.00000 0.00000
0.31630 0.00000 0.31630 0.31630
-0.04041 0.00000 -0.04041 -0.04041
0.15115 0.00000 0.15115 0.15115
0.06085 0.00000 0.06085 0.06085
-0.55388 0.00000 -0.55388 -0.55388
0.23014 0.00000 0.23014 0.23014
0.17263 0.00000 0.17263 0.17263
0.15060 0.00000 0.15060 0.15060
0.13051 0.00000 0.13051 0.13051
-0.15049 0.00000 -0.15049 -0.15049
-0.15049 0.00000 -0.15049 -0.15049
-0.21675 0.00000 -0.21675 -0.21675
0.17955 0.00000 0.17955 0.17955
-0.04447 0.00000 -0.04447 -0.04447
-0.22152 0.00000 -0.22152 -0.22152
0.17261 0.00000 0.17261 0.17261
