# avg	std	min	max
3.86818 0.00000 3.86818 3.86818
3.39062 0.00000 3.39062 3.39062
2.37197 0.00000 2.37197 2.37197
-0.01001 0.00000 -0.01001 -0.01001
2.07424 0.00000 2.07424 2.07424
1.69200 0.00000 1.69200 1.69200
10.34941 0.00000 10.34941 10.34941
5.88252 0.00000 5.88252 5.88252
2.41404 0.00000 2.41404 2.41404
3.97348 0.00000 3.97348 3.97348
4.24280 0.00000 4.24280 4.24280
2.81898 0.00000 2.81898 2.81898
10.99514 0.00000 10.99514 10.99514
4.06876 0.00000 4.06876 4.06876
4.52189 0.00000 4.52189 4.52189
5.20754 0.00000 5.20754 5.20754
5.74282 0.00000 5.74282 5.74282
6.20104 0.00000 6.20104 6.20104
11.81339 0.00000 11.81339 11.81339
6.68708 0.00000 6.68708 6.68708
