# avg	std	min	max
5.31438 0.00000 5.31438 5.31438
4.47250 0.00000 4.47250 4.47250
3.18496 0.00000 3.18496 3.18496
-0.00256 0.00000 -0.00256 -0.00256
2.41557 0.00000 2.41557 2.41557
0.51323 0.00000 0.51323 0.51323
10.05666 0.00000 10.05666 10.05666
20.96010 0.00000 20.96010 20.96010
5.53128 0.00000 5.53128 5.53128
4.53881 0.00000 4.53881 4.53881
2.94826 0.00000 2.94826 2.94826
3.62658 0.00000 3.62658 3.62658
17.08196 0.00000 17.08196 17.08196
4.16221 0.00000 4.16221 4.16221
3.16276 0.00000 3.16276 3.16276
5.34168 0.00000 5.34168 5.34168
5.12530 0.00000 5.12530 5.12530
5.95006 0.00000 5.95006 5.95006
10.45359 0.00000 10.45359 10.45359
5.84368 0.00000 5.84368 5.84368
