# avg	std	min	max
3.75229 0.00000 3.75229 3.75229
3.09365 0.00000 3.09365 3.09365
1.69675 0.00000 1.69675 1.69675
-0.00105 0.00000 -0.00105 -0.00105
1.03167 0.00000 1.03167 1.03167
-0.09405 0.00000 -0.09405 -0.09405
2.98270 0.00000 2.98270 2.98270
3.80056 0.00000 3.80056 3.80056
6.34605 0.00000 6.34605 6.34605
3.21802 0.00000 3.21802 3.21802
2.25095 0.00000 2.25095 2.25095
2.69178 0.00000 2.69178 2.69178
3.52202 0.00000 3.52202 3.52202
3.53835 0.00000 3.53835 3.53835
3.28320 0.00000 3.28320 3.28320
4.40093 0.00000 4.40093 4.40093
4.15849 0.00000 4.15849 4.15849
2.86382 0.00000 2.86382 2.86382
3.60239 0.00000 3.60239 3.60239
4.05101 0.00000 4.05101 4.05101
