# avg	std	min	max
5.88669 0.00000 5.88669 5.88669
3.76535 0.00000 3.76535 3.76535
2.71228 0.00000 2.71228 2.71228
-0.00711 0.00000 -0.00711 -0.00711
1.61694 0.00000 1.61694 1.61694
0.48020 0.00000 0.48020 0.48020
4.81778 0.00000 4.81778 4.81778
14.87310 0.00000 14.87310 14.87310
8.05442 0.00000 8.05442 8.05442
5.03526 0.00000 5.03526 5.03526
3.67028 0.00000 3.67028 3.67028
3.41060 0.00000 3.41060 3.41060
6.72612 0.00000 6.72612 6.72612
3.62672 0.00000 3.62672 3.62672
4.06212 0.00000 4.06212 4.06212
5.76055 0.00000 5.76055 5.76055
5.17505 0.00000 5.17505 5.17505
2.33909 0.00000 2.33909 2.33909
7.63475 0.00000 7.63475 7.63475
3.66127 0.00000 3.66127 3.66127
