# avg	std	min	max
6.43724 0.00000 6.43724 6.43724
4.90409 0.00000 4.90409 4.90409
1.46436 0.00000 1.46436 1.46436
-0.01498 0.00000 -0.01498 -0.01498
1.08943 0.00000 1.08943 1.08943
0.63489 0.00000 0.63489 0.63489
5.33165 0.00000 5.33165 5.33165
15.68136 0.00000 15.68136 15.68136
3.49708 0.00000 3.49708 3.49708
5.82729 0.00000 5.82729 5.82729
3.69101 0.00000 3.69101 3.69101
3.84326 0.00000 3.84326 3.84326
9.92126 0.00000 9.92126 9.92126
4.80633 0.00000 4.80633 4.80633
4.12010 0.00000 4.12010 4.12010
6.09432 0.00000 6.09432 6.09432
5.21904 0.00000 5.21904 5.21904
6.69907 0.00000 6.69907 6.69907
11.03634 0.00000 11.03634 11.03634
4.13506 0.00000 4.13506 4.13506
