# avg	std	min	max
3.13481 0.00000 3.13481 3.13481
2.83019 0.00000 2.83019 2.83019
1.67544 0.00000 1.67544 1.67544
-0.00409 0.00000 -0.00409 -0.00409
1.66336 0.00000 1.66336 1.66336
0.79878 0.00000 0.79878 0.79878
2.18072 0.00000 2.18072 2.18072
3.40303 0.00000 3.40303 3.40303
3.67075 0.00000 3.67075 3.67075
3.41456 0.00000 3.41456 3.41456
2.77451 0.00000 2.77451 2.77451
2.26637 0.00000 2.26637 2.26637
2.39704 0.00000 2.39704 2.39704
2.89749 0.00000 2.89749 2.89749
2.90074 0.00000 2.90074 2.90074
2.75052 0.00000 2.75052 2.75052
3.26949 0.00000 3.26949 3.26949
2.28020 0.00000 2.28020 2.28020
2.73672 0.00000 2.73672 2.73672
3.18954 0.00000 3.18954 3.18954
