# avg	std	min	max
4.71997 0.00000 4.71997 4.71997
3.27462 0.00000 3.27462 3.27462
2.87237 0.00000 2.87237 2.87237
-0.02309 0.00000 -0.02309 -0.02309
6.55506 0.00000 6.55506 6.55506
0.48455 0.00000 0.48455 0.48455
0.55378 0.00000 0.55378 0.55378
5.22683 0.00000 5.22683 5.22683
3.75599 0.00000 3.75599 3.75599
4.46803 0.00000 4.46803 4.46803
5.97384 0.00000 5.97384 5.97384
3.13777 0.00000 3.13777 3.13777
1.14056 0.00000 1.14056 1.14056
4.33032 0.00000 4.33032 4.33032
3.81119 0.00000 3.81119 3.81119
5.81010 0.00000 5.81010 5.81010
5.15177 0.00000 5.15177 5.15177
3.34356 0.00000 3.34356 3.34356
3.57070 0.00000 3.57070 3.57070
2.65115 0.00000 2.65115 2.65115
