# avg	std	min	max
3.63975 0.00000 3.63975 3.63975
2.90996 0.00000 2.90996 2.90996
2.13087 0.00000 2.13087 2.13087
-0.00525 0.00000 -0.00525 -0.00525
1.42260 0.00000 1.42260 1.42260
1.19418 0.00000 1.19418 1.19418
3.94096 0.00000 3.94096 3.94096
10.91271 0.00000 10.91271 10.91271
6.12290 0.00000 6.12290 6.12290
3.82122 0.00000 3.82122 3.82122
4.20748 0.00000 4.20748 4.20748
2.51029 0.00000 2.51029 2.51029
5.31726 0.00000 5.31726 5.31726
3.42079 0.00000 3.42079 3.42079
2.37181 0.00000 2.37181 2.37181
4.85980 0.00000 4.85980 4.85980
4.73700 0.00000 4.73700 4.73700
4.05968 0.00000 4.05968 4.05968
3.29645 0.00000 3.29645 3.29645
4.36453 0.00000 4.36453 4.36453
