# avg	std	min	max
1.14904 0.00000 1.14904 1.14904
0.86842 0.00000 0.86842 0.86842
1.12297 0.00000 1.12297 1.12297
-0.00801 0.00000 -0.00801 -0.00801
0.79743 0.00000 0.79743 0.79743
0.53360 0.00000 0.53360 0.53360
0.88795 0.00000 0.88795 0.88795
1.06594 0.00000 1.06594 1.06594
-0.35137 0.00000 -0.35137 -0.35137
1.09273 0.00000 1.09273 1.09273
1.46509 0.00000 1.46509 1.46509
0.90221 0.00000 0.90221 0.90221
0.93735 0.00000 0.93735 0.93735
0.87694 0.00000 0.87694 0.87694
0.48076 0.00000 0.48076 0.48076
1.20859 0.00000 1.20859 1.20859
0.28894 0.00000 0.28894 0.28894
0.07251 0.00000 0.07251 0.07251
0.40863 0.00000 0.40863 0.40863
1.06393 0.00000 1.06393 1.06393
