# avg	std	min	max
3.52372 0.00000 3.52372 3.52372
2.73386 0.00000 2.73386 2.73386
1.80580 0.00000 1.80580 1.80580
-0.00244 0.00000 -0.00244 -0.00244
1.29187 0.00000 1.29187 1.29187
0.72906 0.00000 0.72906 0.72906
8.55773 0.00000 8.55773 8.55773
22.65292 0.00000 22.65292 22.65292
2.97804 0.00000 2.97804 2.97804
3.52762 0.00000 3.52762 3.52762
2.45814 0.00000 2.45814 2.45814
2.39496 0.00000 2.39496 2.39496
11.99448 0.00000 11.99448 11.99448
3.74396 0.00000 3.74396 3.74396
3.33754 0.00000 3.33754 3.33754
2.97360 0.00000 2.97360 2.97360
3.20552 0.00000 3.20552 3.20552
5.58020 0.00000 5.58020 5.58020
9.05000 0.00000 9.05000 9.05000
8.11557 0.00000 8.11557 8.11557
