# avg	std	min	max
1.52006 0.00000 1.52006 1.52006
0.93367 0.00000 0.93367 0.93367
0.94611 0.00000 0.94611 0.94611
-0.00028 0.00000 -0.00028 -0.00028
0.75762 0.00000 0.75762 0.75762
0.29789 0.00000 0.29789 0.29789
0.28308 0.00000 0.28308 0.28308
0.59286 0.00000 0.59286 0.59286
3.54278 0.00000 3.54278 3.54278
0.94711 0.00000 0.94711 0.94711
0.81906 0.00000 0.81906 0.81906
0.79661 0.00000 0.79661 0.79661
0.29856 0.00000 0.29856 0.29856
1.12638 0.00000 1.12638 1.12638
0.10676 0.00000 0.10676 0.10676
0.96318 0.00000 0.96318 0.96318
0.30259 0.00000 0.30259 0.30259
0.49591 0.00000 0.49591 0.49591
0.78628 0.00000 0.78628 0.78628
1.41548 0.00000 1.41548 1.41548
