# avg	std	min	max
6.88367 0.00000 6.88367 6.88367
5.00697 0.00000 5.00697 5.00697
1.44466 0.00000 1.44466 1.44466
-0.00460 0.00000 -0.00460 -0.00460
1.02119 0.00000 1.02119 1.02119
0.57541 0.00000 0.57541 0.57541
6.70292 0.00000 6.70292 6.70292
11.99640 0.00000 11.99640 11.99640
6.61827 0.00000 6.61827 6.61827
6.21648 0.00000 6.21648 6.21648
3.94459 0.00000 3.94459 3.94459
4.29060 0.00000 4.29060 4.29060
11.09646 0.00000 11.09646 11.09646
5.06651 0.00000 5.06651 5.06651
3.99090 0.00000 3.99090 3.99090
6.21465 0.00000 6.21465 6.21465
5.25702 0.00000 5.25702 5.25702
4.99916 0.00000 4.99916 4.99916
9.19494 0.00000 9.19494 9.19494
8.21561 0.00000 8.21561 8.21561
