# avg	std	min	max
4.75936 0.00000 4.75936 4.75936
3.25672 0.00000 3.25672 3.25672
2.26946 0.00000 2.26946 2.26946
0.57012 0.00000 0.57012 0.57012
1.49623 0.00000 1.49623 1.49623
-0.00523 0.00000 -0.00523 -0.00523
5.49065 0.00000 5.49065 5.49065
6.74398 0.00000 6.74398 6.74398
5.86653 0.00000 5.86653 5.86653
3.92942 0.00000 3.92942 3.92942
2.61779 0.00000 2.61779 2.61779
2.99697 0.00000 2.99697 2.99697
8.51679 0.00000 8.51679 8.51679
2.99888 0.00000 2.99888 2.99888
3.97323 0.00000 3.97323 3.97323
5.47012 0.00000 5.47012 5.47012
5.45762 0.00000 5.45762 5.45762
3.55670 0.00000 3.55670 3.55670
7.07209 0.00000 7.07209 7.07209
4.36149 0.00000 4.36149 4.36149
