# avg	std	min	max
1.64913 0.00000 1.64913 1.64913
1.37970 0.00000 1.37970 1.37970
3.39821 0.00000 3.39821 3.39821
2.39023 0.00000 2.39023 2.39023
4.44334 0.00000 4.44334 4.44334
1.21436 0.00000 1.21436 1.21436
0.61093 0.00000 0.61093 0.61093
2.96314 0.00000 2.96314 2.96314
3.53777 0.00000 3.53777 3.53777
0.58221 0.00000 0.58221 0.58221
0.33497 0.00000 0.33497 0.33497
0.30252 0.00000 0.30252 0.30252
2.48808 0.00000 2.48808 2.48808
-0.00685 0.00000 -0.00685 -0.00685
0.32319 0.00000 0.32319 0.32319
4.33394 0.00000 4.33394 4.33394
4.15381 0.00000 4.15381 4.15381
1.88333 0.00000 1.88333 1.88333
2.10756 0.00000 2.10756 2.10756
2.05070 0.00000 2.05070 2.05070
