# avg	std	min	max
1.31137 0.00000 1.31137 1.31137
1.65776 0.00000 1.65776 1.65776
2.08823 0.00000 2.08823 2.08823
1.20759 0.00000 1.20759 1.20759
1.85523 0.00000 1.85523 1.85523
1.08361 0.00000 1.08361 1.08361
0.75937 0.00000 0.75937 0.75937
1.79978 0.00000 1.79978 1.79978
2.79340 0.00000 2.79340 2.79340
0.86696 0.00000 0.86696 0.86696
1.00375 0.00000 1.00375 1.00375
1.75653 0.00000 1.75653 1.75653
0.98385 0.00000 0.98385 0.98385
-0.00046 0.00000 -0.00046 -0.00046
1.67409 0.00000 1.67409 1.67409
-1.76618 0.00000 -1.76618 -1.76618
0.68199 0.00000 0.68199 0.68199
1.32779 0.00000 1.32779 1.32779
1.48420 0.00000 1.48420 1.48420
1.03245 0.00000 1.03245 1.03245
