# avg	std	min	max
0.75559 0.00000 0.75559 0.75559
-0.11187 0.00000 -0.11187 -0.11187
0.37535 0.00000 0.37535 0.37535
-0.11326 0.00000 -0.11326 -0.11326
-0.13779 0.00000 -0.13779 -0.13779
-1.04274 0.00000 -1.04274 -1.04274
-0.36529 0.00000 -0.36529 -0.36529
0.21639 0.00000 0.21639 0.21639
2.08269 0.00000 2.08269 2.08269
-0.11924 0.00000 -0.11924 -0.11924
0.71026 0.00000 0.71026 0.71026
0.67938 0.00000 0.67938 0.67938
-0.26400 0.00000 -0.26400 -0.26400
-0.00022 0.00000 -0.00022 -0.00022
-0.23288 0.00000 -0.23288 -0.23288
0.95640 0.00000 0.95640 0.95640
0.46084 0.00000 0.46084 0.46084
-0.00438 0.00000 -0.00438 -0.00438
-0.26098 0.00000 -0.26098 -0.26098
0.08347 0.00000 0.08347 0.08347
