# avg	std	min	max
-0.12398 0.00000 -0.12398 -0.12398
-0.14014 0.00000 -0.14014 -0.14014
0.37376 0.00000 0.37376 0.37376
-0.13082 0.00000 -0.13082 -0.13082
0.26581 0.00000 0.26581 0.26581
-0.15730 0.00000 -0.15730 -0.15730
-0.29782 0.00000 -0.29782 -0.29782
-0.04984 0.00000 -0.04984 -0.04984
0.03697 0.00000 0.03697 0.03697
-0.10808 0.00000 -0.10808 -0.10808
0.25803 0.00000 0.25803 0.25803
-0.00964 0.00000 -0.00964 -0.00964
-0.29158 0.00000 -0.29158 -0.29158
-0.00637 0.00000 -0.00637 -0.00637
-0.06576 0.00000 -0.06576 -0.06576
-0.38452 0.00000 -0.38452 -0.38452
-0.23209 0.00000 -0.23209 -0.23209
-0.39945 0.00000 -0.39945 -0.39945
-0.44889 0.00000 -0.44889 -0.44889
0.09554 0.00000 0.09554 0.09554
