# avg	std	min	max
3.16967 0.00000 3.16967 3.16967
2.46997 0.00000 2.46997 2.46997
1.55228 0.00000 1.55228 1.55228
6.75828 0.00000 6.75828 6.75828
2.63484 0.00000 2.63484 2.63484
4.24974 0.00000 4.24974 4.24974
15.02606 0.00000 15.02606 15.02606
22.05972 0.00000 22.05972 22.05972
6.81267 0.00000 6.81267 6.81267
3.81518 0.00000 3.81518 3.81518
3.42554 0.00000 3.42554 3.42554
2.63175 0.00000 2.63175 2.63175
21.67314 0.00000 21.67314 21.67314
0.00138 0.00000 0.00138 0.00138
9.52165 0.00000 9.52165 9.52165
4.00601 0.00000 4.00601 4.00601
9.60403 0.00000 9.60403 9.60403
10.28672 0.00000 10.28672 10.28672
13.02882 0.00000 13.02882 13.02882
13.55943 0.00000 13.55943 13.55943
