# avg	std	min	max
0.07889 0.00000 0.07889 0.07889
-0.31645 0.00000 -0.31645 -0.31645
0.29830 0.00000 0.29830 0.29830
-0.70246 0.00000 -0.70246 -0.70246
0.13875 0.00000 0.13875 0.13875
-0.86303 0.00000 -0.86303 -0.86303
-0.52267 0.00000 -0.52267 -0.52267
-0.19709 0.00000 -0.19709 -0.19709
-1.32085 0.00000 -1.32085 -1.32085
-0.01982 0.00000 -0.01982 -0.01982
0.25648 0.00000 0.25648 0.25648
-0.23261 0.00000 -0.23261 -0.23261
-0.44657 0.00000 -0.44657 -0.44657
-0.00209 0.00000 -0.00209 -0.00209
-0.27438 0.00000 -0.27438 -0.27438
-0.17231 0.00000 -0.17231 -0.17231
-0.60193 0.00000 -0.60193 -0.60193
-0.67801 0.00000 -0.67801 -0.67801
-0.43587 0.00000 -0.43587 -0.43587
0.19444 0.00000 0.19444 0.19444
