# avg	std	min	max
2.30384 0.00000 2.30384 2.30384
1.02148 0.00000 1.02148 1.02148
2.67936 0.00000 2.67936 2.67936
-0.72178 0.00000 -0.72178 -0.72178
1.91395 0.00000 1.91395 1.91395
-1.26594 0.00000 -1.26594 -1.26594
-2.51464 0.00000 -2.51464 -2.51464
1.18698 0.00000 1.18698 1.18698
1.56197 0.00000 1.56197 1.56197
1.60785 0.00000 1.60785 1.60785
2.50793 0.00000 2.50793 2.50793
0.87718 0.00000 0.87718 0.87718
-1.98499 0.00000 -1.98499 -1.98499
-0.01628 0.00000 -0.01628 -0.01628
1.28574 0.00000 1.28574 1.28574
2.54363 0.00000 2.54363 2.54363
2.23733 0.00000 2.23733 2.23733
0.32761 0.00000 0.32761 0.32761
0.28949 0.00000 0.28949 0.28949
-0.14422 0.00000 -0.14422 -0.14422
