# avg	std	min	max
0.68010 0.00000 0.68010 0.68010
-0.12647 0.00000 -0.12647 -0.12647
-0.20426 0.00000 -0.20426 -0.20426
-1.24751 0.00000 -1.24751 -1.24751
-0.49455 0.00000 -0.49455 -0.49455
-1.65580 0.00000 -1.65580 -1.65580
-0.96865 0.00000 -0.96865 -0.96865
-2.51567 0.00000 -2.51567 -2.51567
3.30371 0.00000 3.30371 3.30371
0.69583 0.00000 0.69583 0.69583
-0.07877 0.00000 -0.07877 -0.07877
0.05113 0.00000 0.05113 0.05113
-0.54555 0.00000 -0.54555 -0.54555
-0.11724 0.00000 -0.11724 -0.11724
-0.12829 0.00000 -0.12829 -0.12829
0.75259 0.00000 0.75259 0.75259
0.17050 0.00000 0.17050 0.17050
-0.04751 0.00000 -0.04751 -0.04751
0.52846 0.00000 0.52846 0.52846
-0.14783 0.00000 -0.14783 -0.14783
