# avg	std	min	max
1.38272 0.00000 1.38272 1.38272
-0.12484 0.00000 -0.12484 -0.12484
-0.43947 0.00000 -0.43947 -0.43947
-0.71527 0.00000 -0.71527 -0.71527
-0.65775 0.00000 -0.65775 -0.65775
-0.80550 0.00000 -0.80550 -0.80550
1.72755 0.00000 1.72755 1.72755
0.77609 0.00000 0.77609 0.77609
1.95202 0.00000 1.95202 1.95202
-0.87209 0.00000 -0.87209 -0.87209
-0.35414 0.00000 -0.35414 -0.35414
0.18347 0.00000 0.18347 0.18347
0.89637 0.00000 0.89637 0.89637
-0.00245 0.00000 -0.00245 -0.00245
0.62769 0.00000 0.62769 0.62769
1.09662 0.00000 1.09662 1.09662
1.17507 0.00000 1.17507 1.17507
0.90402 0.00000 0.90402 0.90402
0.30225 0.00000 0.30225 0.30225
0.20763 0.00000 0.20763 0.20763
