# avg	std	min	max
0.02833 0.00000 0.02833 0.02833
1.02491 0.00000 1.02491 1.02491
3.35962 0.00000 3.35962 3.35962
-0.30178 0.00000 -0.30178 -0.30178
3.16551 0.00000 3.16551 3.16551
-0.35102 0.00000 -0.35102 -0.35102
-0.22724 0.00000 -0.22724 -0.22724
-0.37528 0.00000 -0.37528 -0.37528
3.86255 0.00000 3.86255 3.86255
-0.18856 0.00000 -0.18856 -0.18856
1.21260 0.00000 1.21260 1.21260
0.02042 0.00000 0.02042 0.02042
-0.21371 0.00000 -0.21371 -0.21371
-0.00029 0.00000 -0.00029 -0.00029
-0.03646 0.00000 -0.03646 -0.03646
0.06043 0.00000 0.06043 0.06043
-0.05603 0.00000 -0.05603 -0.05603
-0.17055 0.00000 -0.17055 -0.17055
-0.15983 0.00000 -0.15983 -0.15983
-0.01341 0.00000 -0.01341 -0.01341
