# avg	std	min	max
2.31121 0.00000 2.31121 2.31121
1.31338 0.00000 1.31338 1.31338
1.44152 0.00000 1.44152 1.44152
1.02158 0.00000 1.02158 1.02158
1.47147 0.00000 1.47147 1.47147
0.32044 0.00000 0.32044 0.32044
2.77159 0.00000 2.77159 2.77159
2.87685 0.00000 2.87685 2.87685
-0.01279 0.00000 -0.01279 -0.01279
2.73765 0.00000 2.73765 2.73765
2.55293 0.00000 2.55293 2.55293
2.11409 0.00000 2.11409 2.11409
1.90509 0.00000 1.90509 1.90509
3.07878 0.00000 3.07878 3.07878
1.92844 0.00000 1.92844 1.92844
3.94188 0.00000 3.94188 3.94188
2.80913 0.00000 2.80913 2.80913
1.84110 0.00000 1.84110 1.84110
1.45701 0.00000 1.45701 1.45701
4.76658 0.00000 4.76658 4.76658
