# avg	std	min	max
1.02018 0.00000 1.02018 1.02018
0.75613 0.00000 0.75613 0.75613
0.87315 0.00000 0.87315 0.87315
1.03292 0.00000 1.03292 1.03292
1.23706 0.00000 1.23706 1.23706
0.87637 0.00000 0.87637 0.87637
0.73873 0.00000 0.73873 0.73873
1.12320 0.00000 1.12320 1.12320
-0.00079 0.00000 -0.00079 -0.00079
0.88428 0.00000 0.88428 0.88428
0.79618 0.00000 0.79618 0.79618
0.91279 0.00000 0.91279 0.91279
0.79323 0.00000 0.79323 0.79323
0.93879 0.00000 0.93879 0.93879
0.89539 0.00000 0.89539 0.89539
1.01037 0.00000 1.01037 1.01037
0.74534 0.00000 0.74534 0.74534
0.78497 0.00000 0.78497 0.78497
0.52155 0.00000 0.52155 0.52155
0.85404 0.00000 0.85404 0.85404
