# avg	std	min	max
2.14586 0.00000 2.14586 2.14586
1.65407 0.00000 1.65407 1.65407
2.09896 0.00000 2.09896 2.09896
1.58822 0.00000 1.58822 1.58822
1.48227 0.00000 1.48227 1.48227
1.33395 0.00000 1.33395 1.33395
1.41709 0.00000 1.41709 1.41709
1.22679 0.00000 1.22679 1.22679
-0.00337 0.00000 -0.00337 -0.00337
1.72674 0.00000 1.72674 1.72674
1.85185 0.00000 1.85185 1.85185
2.35212 0.00000 2.35212 2.35212
1.48879 0.00000 1.48879 1.48879
1.81931 0.00000 1.81931 1.81931
1.16570 0.00000 1.16570 1.16570
1.11418 0.00000 1.11418 1.11418
0.63558 0.00000 0.63558 0.63558
1.69622 0.00000 1.69622 1.69622
2.11039 0.00000 2.11039 2.11039
2.12753 0.00000 2.12753 2.12753
