# avg	std	min	max
1.55482 0.00000 1.55482 1.55482
1.41357 0.00000 1.41357 1.41357
2.37595 0.00000 2.37595 2.37595
1.54341 0.00000 1.54341 1.54341
2.10767 0.00000 2.10767 2.10767
1.33043 0.00000 1.33043 1.33043
1.26816 0.00000 1.26816 1.26816
1.12223 0.00000 1.12223 1.12223
-0.00354 0.00000 -0.00354 -0.00354
1.14956 0.00000 1.14956 1.14956
2.35329 0.00000 2.35329 2.35329
1.38305 0.00000 1.38305 1.38305
1.50276 0.00000 1.50276 1.50276
1.39074 0.00000 1.39074 1.39074
1.81854 0.00000 1.81854 1.81854
0.38455 0.00000 0.38455 0.38455
1.09388 0.00000 1.09388 1.09388
1.77258 0.00000 1.77258 1.77258
1.77734 0.00000 1.77734 1.77734
1.54744 0.00000 1.54744 1.54744
