# avg	std	min	max
2.40399 0.00000 2.40399 2.40399
1.82504 0.00000 1.82504 1.82504
2.37278 0.00000 2.37278 2.37278
1.94688 0.00000 1.94688 1.94688
2.17557 0.00000 2.17557 2.17557
1.99790 0.00000 1.99790 1.99790
2.31908 0.00000 2.31908 2.31908
2.27597 0.00000 2.27597 2.27597
-0.01052 0.00000 -0.01052 -0.01052
2.09599 0.00000 2.09599 2.09599
2.55144 0.00000 2.55144 2.55144
2.58861 0.00000 2.58861 2.58861
2.35823 0.00000 2.35823 2.35823
2.28486 0.00000 2.28486 2.28486
1.76168 0.00000 1.76168 1.76168
2.05213 0.00000 2.05213 2.05213
1.74384 0.00000 1.74384 1.74384
2.13836 0.00000 2.13836 2.13836
2.27346 0.00000 2.27346 2.27346
2.52305 0.00000 2.52305 2.52305
