# avg	std	min	max
1.21515 0.00000 1.21515 1.21515
0.97320 0.00000 0.97320 0.97320
1.15140 0.00000 1.15140 1.15140
0.66450 0.00000 0.66450 0.66450
1.11681 0.00000 1.11681 1.11681
0.63089 0.00000 0.63089 0.63089
0.05092 0.00000 0.05092 0.05092
0.51819 0.00000 0.51819 0.51819
-0.00016 0.00000 -0.00016 -0.00016
1.14233 0.00000 1.14233 1.14233
1.04716 0.00000 1.04716 1.04716
1.06388 0.00000 1.06388 1.06388
0.17429 0.00000 0.17429 0.17429
1.21392 0.00000 1.21392 1.21392
0.96945 0.00000 0.96945 0.96945
0.99590 0.00000 0.99590 0.99590
0.84368 0.00000 0.84368 0.84368
0.71777 0.00000 0.71777 0.71777
0.76025 0.00000 0.76025 0.76025
1.10063 0.00000 1.10063 1.10063
