# avg	std	min	max
1.79138 0.00000 1.79138 1.79138
1.33527 0.00000 1.33527 1.33527
1.39066 0.00000 1.39066 1.39066
0.46438 0.00000 0.46438 0.46438
0.69087 0.00000 0.69087 0.69087
0.39646 0.00000 0.39646 0.39646
1.20995 0.00000 1.20995 1.20995
1.57552 0.00000 1.57552 1.57552
-0.01067 0.00000 -0.01067 -0.01067
1.74198 0.00000 1.74198 1.74198
1.65463 0.00000 1.65463 1.65463
1.29950 0.00000 1.29950 1.29950
0.88890 0.00000 0.88890 0.88890
1.66902 0.00000 1.66902 1.66902
1.33827 0.00000 1.33827 1.33827
1.78160 0.00000 1.78160 1.78160
1.27732 0.00000 1.27732 1.27732
0.76734 0.00000 0.76734 0.76734
0.67504 0.00000 0.67504 0.67504
1.83743 0.00000 1.83743 1.83743
