# avg	std	min	max
0.74247 0.00000 0.74247 0.74247
0.66763 0.00000 0.66763 0.66763
0.71632 0.00000 0.71632 0.71632
0.49634 0.00000 0.49634 0.49634
0.53815 0.00000 0.53815 0.53815
0.41129 0.00000 0.41129 0.41129
0.01478 0.00000 0.01478 0.01478
-0.01013 0.00000 -0.01013 -0.01013
0.00149 0.00000 0.00149 0.00149
0.77875 0.00000 0.77875 0.77875
0.56785 0.00000 0.56785 0.56785
0.66225 0.00000 0.66225 0.66225
0.34603 0.00000 0.34603 0.34603
0.65164 0.00000 0.65164 0.65164
0.31291 0.00000 0.31291 0.31291
0.58149 0.00000 0.58149 0.58149
0.15832 0.00000 0.15832 0.15832
0.48896 0.00000 0.48896 0.48896
0.52011 0.00000 0.52011 0.52011
0.57118 0.00000 0.57118 0.57118
