# avg	std	min	max
2.64532 0.00000 2.64532 2.64532
2.14789 0.00000 2.14789 2.14789
2.77612 0.00000 2.77612 2.77612
1.26517 0.00000 1.26517 1.26517
1.34669 0.00000 1.34669 1.34669
0.81065 0.00000 0.81065 0.81065
1.99126 0.00000 1.99126 1.99126
1.81403 0.00000 1.81403 1.81403
0.00030 0.00000 0.00030 0.00030
2.53648 0.00000 2.53648 2.53648
3.40751 0.00000 3.40751 3.40751
2.64852 0.00000 2.64852 2.64852
2.11025 0.00000 2.11025 2.11025
2.59070 0.00000 2.59070 2.59070
2.21006 0.00000 2.21006 2.21006
2.47946 0.00000 2.47946 2.47946
2.22244 0.00000 2.22244 2.22244
1.56471 0.00000 1.56471 1.56471
1.07575 0.00000 1.07575 1.07575
2.62844 0.00000 2.62844 2.62844
