# avg	std	min	max
4.68245 0.00000 4.68245 4.68245
3.26529 0.00000 3.26529 3.26529
3.96202 0.00000 3.96202 3.96202
1.14926 0.00000 1.14926 1.14926
4.50732 0.00000 4.50732 4.50732
0.85014 0.00000 0.85014 0.85014
1.49764 0.00000 1.49764 1.49764
5.30507 0.00000 5.30507 5.30507
4.56693 0.00000 4.56693 4.56693
3.70841 0.00000 3.70841 3.70841
2.71761 0.00000 2.71761 2.71761
3.16984 0.00000 3.16984 3.16984
1.43834 0.00000 1.43834 1.43834
3.68366 0.00000 3.68366 3.68366
-0.04424 0.00000 -0.04424 -0.04424
5.12806 0.00000 5.12806 5.12806
1.39021 0.00000 1.39021 1.39021
3.47612 0.00000 3.47612 3.47612
3.54755 0.00000 3.54755 3.54755
3.80880 0.00000 3.80880 3.80880
