# avg	std	min	max
0.66372 0.00000 0.66372 0.66372
0.26191 0.00000 0.26191 0.26191
0.33056 0.00000 0.33056 0.33056
-0.49867 0.00000 -0.49867 -0.49867
-0.29887 0.00000 -0.29887 -0.29887
-0.48557 0.00000 -0.48557 -0.48557
-0.28414 0.00000 -0.28414 -0.28414
-0.40100 0.00000 -0.40100 -0.40100
-0.43837 0.00000 -0.43837 -0.43837
0.44470 0.00000 0.44470 0.44470
1.10124 0.00000 1.10124 1.10124
0.26596 0.00000 0.26596 0.26596
-0.43862 0.00000 -0.43862 -0.43862
0.16058 0.00000 0.16058 0.16058
0.05847 0.00000 0.05847 0.05847
0.30266 0.00000 0.30266 0.30266
-0.02989 0.00000 -0.02989 -0.02989
-0.73635 0.00000 -0.73635 -0.73635
-0.23596 0.00000 -0.23596 -0.23596
0.45549 0.00000 0.45549 0.45549
