# avg	std	min	max
2.22066 0.00000 2.22066 2.22066
1.12184 0.00000 1.12184 1.12184
0.36149 0.00000 0.36149 0.36149
-0.68307 0.00000 -0.68307 -0.68307
0.04494 0.00000 0.04494 0.04494
-0.98580 0.00000 -0.98580 -0.98580
-1.84917 0.00000 -1.84917 -1.84917
-0.46890 0.00000 -0.46890 -0.46890
0.43478 0.00000 0.43478 0.43478
1.33067 0.00000 1.33067 1.33067
1.00408 0.00000 1.00408 1.00408
0.29263 0.00000 0.29263 0.29263
-1.19578 0.00000 -1.19578 -1.19578
1.31508 0.00000 1.31508 1.31508
-0.03345 0.00000 -0.03345 -0.03345
1.29910 0.00000 1.29910 1.29910
0.56108 0.00000 0.56108 0.56108
0.28557 0.00000 0.28557 0.28557
0.42430 0.00000 0.42430 0.42430
1.18909 0.00000 1.18909 1.18909
