# avg	std	min	max
0.54500 0.00000 0.54500 0.54500
0.66232 0.00000 0.66232 0.66232
0.65167 0.00000 0.65167 0.65167
0.23762 0.00000 0.23762 0.23762
0.73469 0.00000 0.73469 0.73469
-0.13488 0.00000 -0.13488 -0.13488
-0.17124 0.00000 -0.17124 -0.17124
-0.59261 0.00000 -0.59261 -0.59261
-0.36062 0.00000 -0.36062 -0.36062
0.61769 0.00000 0.61769 0.61769
0.61072 0.00000 0.61072 0.61072
0.57693 0.00000 0.57693 0.57693
0.03477 0.00000 0.03477 0.03477
0.17798 0.00000 0.17798 0.17798
-0.00335 0.00000 -0.00335 -0.00335
0.22750 0.00000 0.22750 0.22750
0.55072 0.00000 0.55072 0.55072
-0.09535 0.00000 -0.09535 -0.09535
-0.13393 0.00000 -0.13393 -0.13393
0.32955 0.00000 0.32955 0.32955
