# avg	std	min	max
0.92133 0.00000 0.92133 0.92133
0.44243 0.00000 0.44243 0.44243
0.55813 0.00000 0.55813 0.55813
-0.68665 0.00000 -0.68665 -0.68665
0.08038 0.00000 0.08038 0.08038
-1.42160 0.00000 -1.42160 -1.42160
-0.43687 0.00000 -0.43687 -0.43687
-0.59923 0.00000 -0.59923 -0.59923
-1.10031 0.00000 -1.10031 -1.10031
0.65606 0.00000 0.65606 0.65606
0.37043 0.00000 0.37043 0.37043
0.20174 0.00000 0.20174 0.20174
-0.35843 0.00000 -0.35843 -0.35843
0.45420 0.00000 0.45420 0.45420
-0.00286 0.00000 -0.00286 -0.00286
0.38302 0.00000 0.38302 0.38302
-0.03367 0.00000 -0.03367 -0.03367
-0.35117 0.00000 -0.35117 -0.35117
-0.22009 0.00000 -0.22009 -0.22009
0.43545 0.00000 0.43545 0.43545
