# avg	std	min	max
0.32082 0.00000 0.32082 0.32082
0.53779 0.00000 0.53779 0.53779
0.55513 0.00000 0.55513 0.55513
0.05112 0.00000 0.05112 0.05112
0.55100 0.00000 0.55100 0.55100
-0.39464 0.00000 -0.39464 -0.39464
-0.38768 0.00000 -0.38768 -0.38768
-0.49886 0.00000 -0.49886 -0.49886
-0.80704 0.00000 -0.80704 -0.80704
0.72681 0.00000 0.72681 0.72681
0.47141 0.00000 0.47141 0.47141
1.90200 0.00000 1.90200 1.90200
-0.23961 0.00000 -0.23961 -0.23961
0.24651 0.00000 0.24651 0.24651
-0.05441 0.00000 -0.05441 -0.05441
-0.01869 0.00000 -0.01869 -0.01869
-0.03803 0.00000 -0.03803 -0.03803
-0.05508 0.00000 -0.05508 -0.05508
-0.00997 0.00000 -0.00997 -0.00997
0.31370 0.00000 0.31370 0.31370
