# avg	std	min	max
0.82255 0.00000 0.82255 0.82255
-0.12845 0.00000 -0.12845 -0.12845
0.01771 0.00000 0.01771 0.01771
-0.50023 0.00000 -0.50023 -0.50023
-0.57749 0.00000 -0.57749 -0.57749
-0.74370 0.00000 -0.74370 -0.74370
-0.17679 0.00000 -0.17679 -0.17679
0.16106 0.00000 0.16106 0.16106
1.62281 0.00000 1.62281 1.62281
-0.06912 0.00000 -0.06912 -0.06912
0.26781 0.00000 0.26781 0.26781
0.55535 0.00000 0.55535 0.55535
0.10462 0.00000 0.10462 0.10462
-0.03008 0.00000 -0.03008 -0.03008
-0.03288 0.00000 -0.03288 -0.03288
0.20322 0.00000 0.20322 0.20322
-0.55113 0.00000 -0.55113 -0.55113
0.13357 0.00000 0.13357 0.13357
0.30837 0.00000 0.30837 0.30837
0.60234 0.00000 0.60234 0.60234
