# avg	std	min	max
0.92030 0.00000 0.92030 0.92030
0.34135 0.00000 0.34135 0.34135
0.68526 0.00000 0.68526 0.68526
-0.90722 0.00000 -0.90722 -0.90722
-0.40315 0.00000 -0.40315 -0.40315
-1.00435 0.00000 -1.00435 -1.00435
-0.86022 0.00000 -0.86022 -0.86022
-0.05217 0.00000 -0.05217 -0.05217
-0.54161 0.00000 -0.54161 -0.54161
0.59617 0.00000 0.59617 0.59617
0.62859 0.00000 0.62859 0.62859
0.09680 0.00000 0.09680 0.09680
-0.62123 0.00000 -0.62123 -0.62123
-0.23207 0.00000 -0.23207 -0.23207
-0.00670 0.00000 -0.00670 -0.00670
0.53050 0.00000 0.53050 0.53050
0.23442 0.00000 0.23442 0.23442
-0.75746 0.00000 -0.75746 -0.75746
-0.81254 0.00000 -0.81254 -0.81254
-0.09999 0.00000 -0.09999 -0.09999
