# avg	std	min	max
1.83859 0.00000 1.83859 1.83859
0.87981 0.00000 0.87981 0.87981
5.07061 0.00000 5.07061 5.07061
3.97580 0.00000 3.97580 3.97580
3.76517 0.00000 3.76517 3.76517
0.28821 0.00000 0.28821 0.28821
16.25498 0.00000 16.25498 16.25498
22.02586 0.00000 22.02586 22.02586
1.03341 0.00000 1.03341 1.03341
1.65084 0.00000 1.65084 1.65084
2.72990 0.00000 2.72990 2.72990
0.82614 0.00000 0.82614 0.82614
13.34272 0.00000 13.34272 13.34272
2.99716 0.00000 2.99716 2.99716
-0.13782 0.00000 -0.13782 -0.13782
4.09053 0.00000 4.09053 4.09053
-0.96733 0.00000 -0.96733 -0.96733
3.71460 0.00000 3.71460 3.71460
7.45439 0.00000 7.45439 7.45439
9.97748 0.00000 9.97748 9.97748
