# avg	std	min	max
0.57292 0.00000 0.57292 0.57292
0.51426 0.00000 0.51426 0.51426
0.36392 0.00000 0.36392 0.36392
0.34402 0.00000 0.34402 0.34402
0.23775 0.00000 0.23775 0.23775
0.20622 0.00000 0.20622 0.20622
-0.06801 0.00000 -0.06801 -0.06801
-0.45920 0.00000 -0.45920 -0.45920
-0.23720 0.00000 -0.23720 -0.23720
0.53173 0.00000 0.53173 0.53173
0.27866 0.00000 0.27866 0.27866
0.24875 0.00000 0.24875 0.24875
0.01345 0.00000 0.01345 0.01345
0.27754 0.00000 0.27754 0.27754
-0.01039 0.00000 -0.01039 -0.01039
0.13679 0.00000 0.13679 0.13679
0.24738 0.00000 0.24738 0.24738
-0.27511 0.00000 -0.27511 -0.27511
-0.27742 0.00000 -0.27742 -0.27742
0.51857 0.00000 0.51857 0.51857
