# avg	std	min	max
0.76727 0.00000 0.76727 0.76727
1.11362 0.00000 1.11362 1.11362
1.81815 0.00000 1.81815 1.81815
-0.81239 0.00000 -0.81239 -0.81239
1.42214 0.00000 1.42214 1.42214
-0.99359 0.00000 -0.99359 -0.99359
-0.35158 0.00000 -0.35158 -0.35158
0.52679 0.00000 0.52679 0.52679
8.28215 0.00000 8.28215 8.28215
1.70661 0.00000 1.70661 1.70661
2.75626 0.00000 2.75626 2.75626
0.78097 0.00000 0.78097 0.78097
-0.07264 0.00000 -0.07264 -0.07264
1.14621 0.00000 1.14621 1.14621
0.40198 0.00000 0.40198 0.40198
1.88855 0.00000 1.88855 1.88855
1.47040 0.00000 1.47040 1.47040
-0.21569 0.00000 -0.21569 -0.21569
-0.03153 0.00000 -0.03153 -0.03153
2.70429 0.00000 2.70429 2.70429
