# avg	std	min	max
1.63381 0.00000 1.63381 1.63381
0.84899 0.00000 0.84899 0.84899
1.06314 0.00000 1.06314 1.06314
0.07129 0.00000 0.07129 0.07129
0.21036 0.00000 0.21036 0.21036
-0.62390 0.00000 -0.62390 -0.62390
1.18839 0.00000 1.18839 1.18839
0.43761 0.00000 0.43761 0.43761
0.56997 0.00000 0.56997 0.56997
1.38632 0.00000 1.38632 1.38632
1.15878 0.00000 1.15878 1.15878
1.15589 0.00000 1.15589 1.15589
1.42529 0.00000 1.42529 1.42529
1.30917 0.00000 1.30917 1.30917
0.52432 0.00000 0.52432 0.52432
0.67781 0.00000 0.67781 0.67781
0.00997 0.00000 0.00997 0.00997
0.17868 0.00000 0.17868 0.17868
-0.07306 0.00000 -0.07306 -0.07306
1.60705 0.00000 1.60705 1.60705
