# avg	std	min	max
2.29135 0.00000 2.29135 2.29135
1.44676 0.00000 1.44676 1.44676
0.84547 0.00000 0.84547 0.84547
0.09001 0.00000 0.09001 0.09001
0.18559 0.00000 0.18559 0.18559
-0.04587 0.00000 -0.04587 -0.04587
0.36348 0.00000 0.36348 0.36348
0.61832 0.00000 0.61832 0.61832
3.52191 0.00000 3.52191 3.52191
1.49456 0.00000 1.49456 1.49456
1.36019 0.00000 1.36019 1.36019
1.73139 0.00000 1.73139 1.73139
0.57973 0.00000 0.57973 0.57973
2.06074 0.00000 2.06074 2.06074
1.02520 0.00000 1.02520 1.02520
2.35404 0.00000 2.35404 2.35404
1.40514 0.00000 1.40514 1.40514
1.03232 0.00000 1.03232 1.03232
-0.14999 0.00000 -0.14999 -0.14999
1.66157 0.00000 1.66157 1.66157
