# avg	std	min	max
7.26222 0.00000 7.26222 7.26222
5.81316 0.00000 5.81316 5.81316
5.41036 0.00000 5.41036 5.41036
5.46907 0.00000 5.46907 5.46907
4.95672 0.00000 4.95672 4.95672
4.25713 0.00000 4.25713 4.25713
17.75758 0.00000 17.75758 17.75758
19.46276 0.00000 19.46276 19.46276
4.69175 0.00000 4.69175 4.69175
6.74185 0.00000 6.74185 6.74185
6.80416 0.00000 6.80416 6.80416
5.62336 0.00000 5.62336 5.62336
25.93328 0.00000 25.93328 25.93328
7.06705 0.00000 7.06705 7.06705
7.12212 0.00000 7.12212 7.12212
10.47758 0.00000 10.47758 10.47758
10.72054 0.00000 10.72054 10.72054
5.41034 0.00000 5.41034 5.41034
-0.06375 0.00000 -0.06375 -0.06375
13.78338 0.00000 13.78338 13.78338
