# avg	std	min	max
1.86744 0.00000 1.86744 1.86744
0.29271 0.00000 0.29271 0.29271
0.34265 0.00000 0.34265 0.34265
0.44251 0.00000 0.44251 0.44251
0.39542 0.00000 0.39542 0.39542
0.31796 0.00000 0.31796 0.31796
2.01800 0.00000 2.01800 2.01800
0.33408 0.00000 0.33408 0.33408
-0.02922 0.00000 -0.02922 -0.02922
0.54705 0.00000 0.54705 0.54705
0.25326 0.00000 0.25326 0.25326
0.43101 0.00000 0.43101 0.43101
2.09046 0.00000 2.09046 2.09046
0.44147 0.00000 0.44147 0.44147
0.39246 0.00000 0.39246 0.39246
0.34564 0.00000 0.34564 0.34564
2.01607 0.00000 2.01607 2.01607
0.11497 0.00000 0.11497 0.11497
-0.03249 0.00000 -0.03249 -0.03249
2.08610 0.00000 2.08610 2.08610
