# avg	std	min	max
0.76936 0.00000 0.76936 0.76936
0.63219 0.00000 0.63219 0.63219
0.66788 0.00000 0.66788 0.66788
0.56932 0.00000 0.56932 0.56932
0.76862 0.00000 0.76862 0.76862
0.62321 0.00000 0.62321 0.62321
0.59619 0.00000 0.59619 0.59619
0.48429 0.00000 0.48429 0.48429
-0.25101 0.00000 -0.25101 -0.25101
0.71654 0.00000 0.71654 0.71654
0.55629 0.00000 0.55629 0.55629
0.69755 0.00000 0.69755 0.69755
0.64769 0.00000 0.64769 0.64769
0.51927 0.00000 0.51927 0.51927
0.06988 0.00000 0.06988 0.06988
0.45652 0.00000 0.45652 0.45652
0.44819 0.00000 0.44819 0.44819
0.29017 0.00000 0.29017 0.29017
-0.01356 0.00000 -0.01356 -0.01356
0.24294 0.00000 0.24294 0.24294
