# avg	std	min	max
2.24678 0.00000 2.24678 2.24678
0.61447 0.00000 0.61447 0.61447
1.24020 0.00000 1.24020 1.24020
0.53761 0.00000 0.53761 0.53761
1.16610 0.00000 1.16610 1.16610
0.61505 0.00000 0.61505 0.61505
0.50774 0.00000 0.50774 0.50774
0.75848 0.00000 0.75848 0.75848
3.53474 0.00000 3.53474 3.53474
0.10527 0.00000 0.10527 0.10527
0.17713 0.00000 0.17713 0.17713
0.33974 0.00000 0.33974 0.33974
0.41451 0.00000 0.41451 0.41451
0.20138 0.00000 0.20138 0.20138
0.40511 0.00000 0.40511 0.40511
0.36666 0.00000 0.36666 0.36666
0.66401 0.00000 0.66401 0.66401
0.00034 0.00000 0.00034 0.00034
-0.11688 0.00000 -0.11688 -0.11688
0.60824 0.00000 0.60824 0.60824
