# avg	std	min	max
0.49772 0.00000 0.49772 0.49772
0.37318 0.00000 0.37318 0.37318
0.36151 0.00000 0.36151 0.36151
-0.17745 0.00000 -0.17745 -0.17745
0.03677 0.00000 0.03677 0.03677
-0.28290 0.00000 -0.28290 -0.28290
-0.42072 0.00000 -0.42072 -0.42072
-0.19345 0.00000 -0.19345 -0.19345
0.67495 0.00000 0.67495 0.67495
0.46427 0.00000 0.46427 0.46427
0.29268 0.00000 0.29268 0.29268
0.23461 0.00000 0.23461 0.23461
-0.31490 0.00000 -0.31490 -0.31490
0.22859 0.00000 0.22859 0.22859
-0.24803 0.00000 -0.24803 -0.24803
0.26711 0.00000 0.26711 0.26711
-0.44716 0.00000 -0.44716 -0.44716
0.02662 0.00000 0.02662 0.02662
-0.01235 0.00000 -0.01235 -0.01235
0.12655 0.00000 0.12655 0.12655
