# avg	std	min	max
1.78459 0.00000 1.78459 1.78459
0.48963 0.00000 0.48963 0.48963
0.69566 0.00000 0.69566 0.69566
1.44853 0.00000 1.44853 1.44853
0.55030 0.00000 0.55030 0.55030
0.97980 0.00000 0.97980 0.97980
-0.27374 0.00000 -0.27374 -0.27374
1.19186 0.00000 1.19186 1.19186
-0.10145 0.00000 -0.10145 -0.10145
0.72345 0.00000 0.72345 0.72345
0.64480 0.00000 0.64480 0.64480
0.53094 0.00000 0.53094 0.53094
0.00476 0.00000 0.00476 0.00476
0.00609 0.00000 0.00609 0.00609
1.09071 0.00000 1.09071 1.09071
0.24937 0.00000 0.24937 0.24937
-0.00399 0.00000 -0.00399 -0.00399
0.33750 0.00000 0.33750 0.33750
-0.02289 0.00000 -0.02289 -0.02289
1.26568 0.00000 1.26568 1.26568
