# avg	std	min	max
1.51848 0.00000 1.51848 1.51848
0.57067 0.00000 0.57067 0.57067
2.02582 0.00000 2.02582 2.02582
-0.52556 0.00000 -0.52556 -0.52556
2.56068 0.00000 2.56068 2.56068
-0.66584 0.00000 -0.66584 -0.66584
-0.20981 0.00000 -0.20981 -0.20981
0.10706 0.00000 0.10706 0.10706
5.35690 0.00000 5.35690 5.35690
1.23718 0.00000 1.23718 1.23718
3.18552 0.00000 3.18552 3.18552
1.12109 0.00000 1.12109 1.12109
0.00969 0.00000 0.00969 0.00969
0.65973 0.00000 0.65973 0.65973
0.40591 0.00000 0.40591 0.40591
1.79212 0.00000 1.79212 1.79212
1.29186 0.00000 1.29186 1.29186
-0.19313 0.00000 -0.19313 -0.19313
-0.02685 0.00000 -0.02685 -0.02685
0.91569 0.00000 0.91569 0.91569
