# avg	std	min	max
1.10021 0.00000 1.10021 1.10021
0.88742 0.00000 0.88742 0.88742
1.13377 0.00000 1.13377 1.13377
0.31985 0.00000 0.31985 0.31985
0.88146 0.00000 0.88146 0.88146
0.62805 0.00000 0.62805 0.62805
0.71638 0.00000 0.71638 0.71638
0.84123 0.00000 0.84123 0.84123
0.36411 0.00000 0.36411 0.36411
1.09607 0.00000 1.09607 1.09607
1.15289 0.00000 1.15289 1.15289
1.05940 0.00000 1.05940 1.05940
0.70377 0.00000 0.70377 0.70377
0.67120 0.00000 0.67120 0.67120
0.61332 0.00000 0.61332 0.61332
0.93435 0.00000 0.93435 0.93435
1.14110 0.00000 1.14110 1.14110
0.15852 0.00000 0.15852 0.15852
-0.03271 0.00000 -0.03271 -0.03271
1.19790 0.00000 1.19790 1.19790
