# avg	std	min	max
1.94128 0.00000 1.94128 1.94128
1.00532 0.00000 1.00532 1.00532
0.27814 0.00000 0.27814 0.27814
0.15045 0.00000 0.15045 0.15045
-0.12056 0.00000 -0.12056 -0.12056
-0.51836 0.00000 -0.51836 -0.51836
-0.20702 0.00000 -0.20702 -0.20702
-0.17450 0.00000 -0.17450 -0.17450
5.08667 0.00000 5.08667 5.08667
1.20505 0.00000 1.20505 1.20505
0.88029 0.00000 0.88029 0.88029
0.96291 0.00000 0.96291 0.96291
-0.05489 0.00000 -0.05489 -0.05489
1.17902 0.00000 1.17902 1.17902
0.45048 0.00000 0.45048 0.45048
1.25386 0.00000 1.25386 1.25386
0.74385 0.00000 0.74385 0.74385
-0.28665 0.00000 -0.28665 -0.28665
-0.18937 0.00000 -0.18937 -0.18937
1.11524 0.00000 1.11524 1.11524
