# avg	std	min	max
0.06351 0.00000 0.06351 0.06351
0.13112 0.00000 0.13112 0.13112
0.04812 0.00000 0.04812 0.04812
0.09162 0.00000 0.09162 0.09162
0.01406 0.00000 0.01406 0.01406
0.00342 0.00000 0.00342 0.00342
0.08619 0.00000 0.08619 0.08619
-0.06903 0.00000 -0.06903 -0.06903
-0.35660 0.00000 -0.35660 -0.35660
0.37567 0.00000 0.37567 0.37567
-0.01772 0.00000 -0.01772 -0.01772
0.05051 0.00000 0.05051 0.05051
0.09063 0.00000 0.09063 0.09063
-0.01729 0.00000 -0.01729 -0.01729
0.25049 0.00000 0.25049 0.25049
-0.37553 0.00000 -0.37553 -0.37553
-0.17100 0.00000 -0.17100 -0.17100
-0.09020 0.00000 -0.09020 -0.09020
-0.04978 0.00000 -0.04978 -0.04978
0.38475 0.00000 0.38475 0.38475
