# avg	std	min	max
2.65990 0.00000 2.65990 2.65990
2.10748 0.00000 2.10748 2.10748
1.36030 0.00000 1.36030 1.36030
0.63077 0.00000 0.63077 0.63077
0.71717 0.00000 0.71717 0.71717
0.56242 0.00000 0.56242 0.56242
1.07305 0.00000 1.07305 1.07305
1.71576 0.00000 1.71576 1.71576
1.67126 0.00000 1.67126 1.67126
2.43932 0.00000 2.43932 2.43932
1.98588 0.00000 1.98588 1.98588
1.53681 0.00000 1.53681 1.53681
1.09264 0.00000 1.09264 1.09264
1.63153 0.00000 1.63153 1.63153
1.63092 0.00000 1.63092 1.63092
1.54594 0.00000 1.54594 1.54594
1.92039 0.00000 1.92039 1.92039
1.05452 0.00000 1.05452 1.05452
-0.01431 0.00000 -0.01431 -0.01431
2.27905 0.00000 2.27905 2.27905
