# avg	std	min	max
1.77281 0.00000 1.77281 1.77281
1.21427 0.00000 1.21427 1.21427
0.01270 0.00000 0.01270 0.01270
-0.37893 0.00000 -0.37893 -0.37893
-0.61393 0.00000 -0.61393 -0.61393
-0.33687 0.00000 -0.33687 -0.33687
1.25863 0.00000 1.25863 1.25863
0.74257 0.00000 0.74257 0.74257
-0.33088 0.00000 -0.33088 -0.33088
1.51904 0.00000 1.51904 1.51904
0.52589 0.00000 0.52589 0.52589
0.56320 0.00000 0.56320 0.56320
1.06094 0.00000 1.06094 1.06094
0.57775 0.00000 0.57775 0.57775
0.19802 0.00000 0.19802 0.19802
0.90565 0.00000 0.90565 0.90565
0.57638 0.00000 0.57638 0.57638
-0.08184 0.00000 -0.08184 -0.08184
-0.00520 0.00000 -0.00520 -0.00520
1.45540 0.00000 1.45540 1.45540
