# avg	std	min	max
2.46580 0.00000 2.46580 2.46580
1.76742 0.00000 1.76742 1.76742
2.28710 0.00000 2.28710 2.28710
0.85084 0.00000 0.85084 0.85084
3.27946 0.00000 3.27946 3.27946
1.20393 0.00000 1.20393 1.20393
0.96546 0.00000 0.96546 0.96546
1.69976 0.00000 1.69976 1.69976
1.48810 0.00000 1.48810 1.48810
1.66319 0.00000 1.66319 1.66319
2.42542 0.00000 2.42542 2.42542
1.57662 0.00000 1.57662 1.57662
1.23582 0.00000 1.23582 1.23582
1.08305 0.00000 1.08305 1.08305
1.68557 0.00000 1.68557 1.68557
4.22192 0.00000 4.22192 4.22192
3.63118 0.00000 3.63118 3.63118
0.99523 0.00000 0.99523 0.99523
-0.02393 0.00000 -0.02393 -0.02393
1.35154 0.00000 1.35154 1.35154
