# avg	std	min	max
3.96912 0.00000 3.96912 3.96912
3.54269 0.00000 3.54269 3.54269
2.60531 0.00000 2.60531 2.60531
2.70075 0.00000 2.70075 2.70075
1.74976 0.00000 1.74976 1.74976
0.98968 0.00000 0.98968 0.98968
2.95486 0.00000 2.95486 2.95486
2.08593 0.00000 2.08593 2.08593
9.79570 0.00000 9.79570 9.79570
3.36770 0.00000 3.36770 3.36770
3.02269 0.00000 3.02269 3.02269
2.71304 0.00000 2.71304 2.71304
3.02017 0.00000 3.02017 3.02017
3.17710 0.00000 3.17710 3.17710
3.00121 0.00000 3.00121 3.00121
2.99800 0.00000 2.99800 2.99800
3.44389 0.00000 3.44389 3.44389
2.79297 0.00000 2.79297 2.79297
-0.14243 0.00000 -0.14243 -0.14243
4.55161 0.00000 4.55161 4.55161
