# avg	std	min	max
3.16257 0.00000 3.16257 3.16257
1.69870 0.00000 1.69870 1.69870
2.98988 0.00000 2.98988 2.98988
0.43876 0.00000 0.43876 0.43876
6.11579 0.00000 6.11579 6.11579
0.73756 0.00000 0.73756 0.73756
1.68056 0.00000 1.68056 1.68056
0.95082 0.00000 0.95082 0.95082
4.54475 0.00000 4.54475 4.54475
3.28722 0.00000 3.28722 3.28722
4.10213 0.00000 4.10213 4.10213
2.43613 0.00000 2.43613 2.43613
1.79200 0.00000 1.79200 1.79200
3.08017 0.00000 3.08017 3.08017
1.98402 0.00000 1.98402 1.98402
4.03950 0.00000 4.03950 4.03950
3.61279 0.00000 3.61279 3.61279
1.82281 0.00000 1.82281 1.82281
-0.07121 0.00000 -0.07121 -0.07121
3.48828 0.00000 3.48828 3.48828
