# avg	std	min	max
-0.16206 0.00000 -0.16206 -0.16206
0.60914 0.00000 0.60914 0.60914
3.02992 0.00000 3.02992 3.02992
0.07661 0.00000 0.07661 0.07661
3.17542 0.00000 3.17542 3.17542
0.30724 0.00000 0.30724 0.30724
0.05185 0.00000 0.05185 0.05185
0.17005 0.00000 0.17005 0.17005
4.66285 0.00000 4.66285 4.66285
0.71466 0.00000 0.71466 0.71466
2.12900 0.00000 2.12900 2.12900
0.72760 0.00000 0.72760 0.72760
0.07367 0.00000 0.07367 0.07367
-0.62491 0.00000 -0.62491 -0.62491
-0.69488 0.00000 -0.69488 -0.69488
-0.38931 0.00000 -0.38931 -0.38931
-0.28668 0.00000 -0.28668 -0.28668
-0.11140 0.00000 -0.11140 -0.11140
-0.00848 0.00000 -0.00848 -0.00848
-0.31887 0.00000 -0.31887 -0.31887
