# avg	std	min	max
1.41894 0.00000 1.41894 1.41894
0.87880 0.00000 0.87880 0.87880
0.45678 0.00000 0.45678 0.45678
-0.56243 0.00000 -0.56243 -0.56243
0.21911 0.00000 0.21911 0.21911
-0.47802 0.00000 -0.47802 -0.47802
-0.32429 0.00000 -0.32429 -0.32429
-0.11578 0.00000 -0.11578 -0.11578
7.57509 0.00000 7.57509 7.57509
0.82529 0.00000 0.82529 0.82529
0.73851 0.00000 0.73851 0.73851
0.25038 0.00000 0.25038 0.25038
-0.99032 0.00000 -0.99032 -0.99032
0.65721 0.00000 0.65721 0.65721
-0.08633 0.00000 -0.08633 -0.08633
1.12239 0.00000 1.12239 1.12239
0.31033 0.00000 0.31033 0.31033
-0.05705 0.00000 -0.05705 -0.05705
-0.01443 0.00000 -0.01443 -0.01443
0.72497 0.00000 0.72497 0.72497
