# avg	std	min	max
2.64316 0.00000 2.64316 2.64316
1.43857 0.00000 1.43857 1.43857
2.39025 0.00000 2.39025 2.39025
-0.11104 0.00000 -0.11104 -0.11104
1.81920 0.00000 1.81920 1.81920
-0.29982 0.00000 -0.29982 -0.29982
1.40878 0.00000 1.40878 1.40878
1.83628 0.00000 1.83628 1.83628
6.60490 0.00000 6.60490 6.60490
2.23811 0.00000 2.23811 2.23811
1.00552 0.00000 1.00552 1.00552
0.71200 0.00000 0.71200 0.71200
2.07989 0.00000 2.07989 2.07989
1.29891 0.00000 1.29891 1.29891
0.49344 0.00000 0.49344 0.49344
3.07285 0.00000 3.07285 3.07285
1.78563 0.00000 1.78563 1.78563
0.56672 0.00000 0.56672 0.56672
-0.13300 0.00000 -0.13300 -0.13300
2.15451 0.00000 2.15451 2.15451
