# avg	std	min	max
0.03780 0.00000 0.03780 0.03780
-0.52477 0.00000 -0.52477 -0.52477
1.11663 0.00000 1.11663 1.11663
-0.86600 0.00000 -0.86600 -0.86600
1.12542 0.00000 1.12542 1.12542
-1.76987 0.00000 -1.76987 -1.76987
-1.33568 0.00000 -1.33568 -1.33568
-1.19873 0.00000 -1.19873 -1.19873
0.83525 0.00000 0.83525 0.83525
-0.04266 0.00000 -0.04266 -0.04266
1.29306 0.00000 1.29306 1.29306
-1.01113 0.00000 -1.01113 -1.01113
-1.19039 0.00000 -1.19039 -1.19039
-0.55762 0.00000 -0.55762 -0.55762
-1.35275 0.00000 -1.35275 -1.35275
-0.71264 0.00000 -0.71264 -0.71264
-0.67190 0.00000 -0.67190 -0.67190
0.27679 0.00000 0.27679 0.27679
0.29297 0.00000 0.29297 0.29297
-0.10034 0.00000 -0.10034 -0.10034
