# avg	std	min	max
0.68364 0.00000 0.68364 0.68364
0.71548 0.00000 0.71548 0.71548
2.31525 0.00000 2.31525 2.31525
0.50413 0.00000 0.50413 0.50413
1.69972 0.00000 1.69972 1.69972
0.35386 0.00000 0.35386 0.35386
0.05862 0.00000 0.05862 0.05862
1.50650 0.00000 1.50650 1.50650
2.34974 0.00000 2.34974 2.34974
0.00028 0.00000 0.00028 0.00028
1.84129 0.00000 1.84129 1.84129
2.47757 0.00000 2.47757 2.47757
0.45434 0.00000 0.45434 0.45434
0.94843 0.00000 0.94843 0.94843
0.90326 0.00000 0.90326 0.90326
1.20053 0.00000 1.20053 1.20053
1.08845 0.00000 1.08845 1.08845
0.51648 0.00000 0.51648 0.51648
0.64300 0.00000 0.64300 0.64300
1.16265 0.00000 1.16265 1.16265
