# avg	std	min	max
0.39997 0.00000 0.39997 0.39997
0.27597 0.00000 0.27597 0.27597
0.88986 0.00000 0.88986 0.88986
-0.34405 0.00000 -0.34405 -0.34405
0.76587 0.00000 0.76587 0.76587
-0.56789 0.00000 -0.56789 -0.56789
-1.01222 0.00000 -1.01222 -1.01222
-0.72678 0.00000 -0.72678 -0.72678
5.65874 0.00000 5.65874 5.65874
-0.00379 0.00000 -0.00379 -0.00379
0.35581 0.00000 0.35581 0.35581
0.08549 0.00000 0.08549 0.08549
0.21471 0.00000 0.21471 0.21471
-0.41588 0.00000 -0.41588 -0.41588
-0.15101 0.00000 -0.15101 -0.15101
0.45711 0.00000 0.45711 0.45711
0.64609 0.00000 0.64609 0.64609
0.14788 0.00000 0.14788 0.14788
-0.37048 0.00000 -0.37048 -0.37048
-0.11174 0.00000 -0.11174 -0.11174
