# avg	std	min	max
1.40483 0.00000 1.40483 1.40483
1.34583 0.00000 1.34583 1.34583
2.68314 0.00000 2.68314 2.68314
0.58423 0.00000 0.58423 0.58423
2.15118 0.00000 2.15118 2.15118
0.70213 0.00000 0.70213 0.70213
0.74031 0.00000 0.74031 0.74031
0.52158 0.00000 0.52158 0.52158
4.01571 0.00000 4.01571 4.01571
-0.00166 0.00000 -0.00166 -0.00166
1.07810 0.00000 1.07810 1.07810
2.17835 0.00000 2.17835 2.17835
2.42040 0.00000 2.42040 2.42040
2.04122 0.00000 2.04122 2.04122
1.84708 0.00000 1.84708 1.84708
3.18368 0.00000 3.18368 3.18368
2.05293 0.00000 2.05293 2.05293
1.20627 0.00000 1.20627 1.20627
1.28141 0.00000 1.28141 1.28141
2.10722 0.00000 2.10722 2.10722
