# avg	std	min	max
-0.06205 0.00000 -0.06205 -0.06205
0.04781 0.00000 0.04781 0.04781
0.14171 0.00000 0.14171 0.14171
-0.29580 0.00000 -0.29580 -0.29580
0.13018 0.00000 0.13018 0.13018
-0.24045 0.00000 -0.24045 -0.24045
-0.37378 0.00000 -0.37378 -0.37378
-0.12274 0.00000 -0.12274 -0.12274
-0.45006 0.00000 -0.45006 -0.45006
0.00000 0.00000 0.00000 0.00000
0.06221 0.00000 0.06221 0.06221
-0.00170 0.00000 -0.00170 -0.00170
-0.34118 0.00000 -0.34118 -0.34118
-0.38356 0.00000 -0.38356 -0.38356
-0.18662 0.00000 -0.18662 -0.18662
-0.45912 0.00000 -0.45912 -0.45912
-0.48262 0.00000 -0.48262 -0.48262
-0.21922 0.00000 -0.21922 -0.21922
-0.21285 0.00000 -0.21285 -0.21285
0.00893 0.00000 0.00893 0.00893
