# avg	std	min	max
1.46720 0.00000 1.46720 1.46720
1.60646 0.00000 1.60646 1.60646
1.72817 0.00000 1.72817 1.72817
1.57646 0.00000 1.57646 1.57646
1.67535 0.00000 1.67535 1.67535
1.14145 0.00000 1.14145 1.14145
0.94948 0.00000 0.94948 0.94948
0.90727 0.00000 0.90727 0.90727
1.35858 0.00000 1.35858 1.35858
0.00051 0.00000 0.00051 0.00051
1.66528 0.00000 1.66528 1.66528
-0.24849 0.00000 -0.24849 -0.24849
1.21526 0.00000 1.21526 1.21526
1.61140 0.00000 1.61140 1.61140
1.37709 0.00000 1.37709 1.37709
1.59140 0.00000 1.59140 1.59140
1.56651 0.00000 1.56651 1.56651
1.40384 0.00000 1.40384 1.40384
1.28781 0.00000 1.28781 1.28781
1.65107 0.00000 1.65107 1.65107
