# avg	std	min	max
0.07442 0.00000 0.07442 0.07442
-1.42292 0.00000 -1.42292 -1.42292
-1.07563 0.00000 -1.07563 -1.07563
-1.34995 0.00000 -1.34995 -1.34995
-1.73281 0.00000 -1.73281 -1.73281
-1.41975 0.00000 -1.41975 -1.41975
-1.93148 0.00000 -1.93148 -1.93148
0.17174 0.00000 0.17174 0.17174
-2.55146 0.00000 -2.55146 -2.55146
0.00013 0.00000 0.00013 0.00013
0.07316 0.00000 0.07316 0.07316
-1.21302 0.00000 -1.21302 -1.21302
-1.34530 0.00000 -1.34530 -1.34530
-0.63080 0.00000 -0.63080 -0.63080
-0.20684 0.00000 -0.20684 -0.20684
0.04326 0.00000 0.04326 0.04326
-0.16892 0.00000 -0.16892 -0.16892
0.00502 0.00000 0.00502 0.00502
0.06931 0.00000 0.06931 0.06931
-0.69152 0.00000 -0.69152 -0.69152
