# avg	std	min	max
0.84401 0.00000 0.84401 0.84401
0.04979 0.00000 0.04979 0.04979
0.24108 0.00000 0.24108 0.24108
0.06314 0.00000 0.06314 0.06314
-0.28906 0.00000 -0.28906 -0.28906
-0.95293 0.00000 -0.95293 -0.95293
-0.16600 0.00000 -0.16600 -0.16600
0.12618 0.00000 0.12618 0.12618
2.15458 0.00000 2.15458 2.15458
0.00011 0.00000 0.00011 0.00011
0.14544 0.00000 0.14544 0.14544
0.36892 0.00000 0.36892 0.36892
-0.01762 0.00000 -0.01762 -0.01762
0.29067 0.00000 0.29067 0.29067
0.00626 0.00000 0.00626 0.00626
-0.25716 0.00000 -0.25716 -0.25716
-0.21108 0.00000 -0.21108 -0.21108
-0.45393 0.00000 -0.45393 -0.45393
-0.43080 0.00000 -0.43080 -0.43080
-0.07131 0.00000 -0.07131 -0.07131
