# avg	std	min	max
0.68050 0.00000 0.68050 0.68050
-0.01001 0.00000 -0.01001 -0.01001
0.20855 0.00000 0.20855 0.20855
-0.84813 0.00000 -0.84813 -0.84813
0.48773 0.00000 0.48773 0.48773
-1.22141 0.00000 -1.22141 -1.22141
-1.91608 0.00000 -1.91608 -1.91608
-0.54849 0.00000 -0.54849 -0.54849
0.17933 0.00000 0.17933 0.17933
0.00343 0.00000 0.00343 0.00343
0.78465 0.00000 0.78465 0.78465
0.32280 0.00000 0.32280 0.32280
-1.42649 0.00000 -1.42649 -1.42649
0.38096 0.00000 0.38096 0.38096
0.23347 0.00000 0.23347 0.23347
0.89255 0.00000 0.89255 0.89255
0.12152 0.00000 0.12152 0.12152
-0.71313 0.00000 -0.71313 -0.71313
0.03183 0.00000 0.03183 0.03183
0.09761 0.00000 0.09761 0.09761
