# avg	std	min	max
-0.39891 0.00000 -0.39891 -0.39891
-1.69183 0.00000 -1.69183 -1.69183
1.48563 0.00000 1.48563 1.48563
3.21742 0.00000 3.21742 3.21742
3.26888 0.00000 3.26888 3.26888
2.39577 0.00000 2.39577 2.39577
13.41088 0.00000 13.41088 13.41088
23.06972 0.00000 23.06972 23.06972
4.09562 0.00000 4.09562 4.09562
-0.07398 0.00000 -0.07398 -0.07398
0.02117 0.00000 0.02117 0.02117
-0.81531 0.00000 -0.81531 -0.81531
19.08824 0.00000 19.08824 19.08824
2.21379 0.00000 2.21379 2.21379
3.85434 0.00000 3.85434 3.85434
5.30734 0.00000 5.30734 5.30734
6.97417 0.00000 6.97417 6.97417
7.17652 0.00000 7.17652 7.17652
12.25686 0.00000 12.25686 12.25686
14.32037 0.00000 14.32037 14.32037
