# avg	std	min	max
0.22643 0.00000 0.22643 0.22643
-0.01452 0.00000 -0.01452 -0.01452
0.76752 0.00000 0.76752 0.76752
-0.07504 0.00000 -0.07504 -0.07504
0.61441 0.00000 0.61441 0.61441
-0.19584 0.00000 -0.19584 -0.19584
-0.67500 0.00000 -0.67500 -0.67500
-0.06502 0.00000 -0.06502 -0.06502
-1.42752 0.00000 -1.42752 -1.42752
-0.00090 0.00000 -0.00090 -0.00090
0.67910 0.00000 0.67910 0.67910
0.28104 0.00000 0.28104 0.28104
-0.44084 0.00000 -0.44084 -0.44084
0.28450 0.00000 0.28450 0.28450
0.30397 0.00000 0.30397 0.30397
0.18323 0.00000 0.18323 0.18323
0.21139 0.00000 0.21139 0.21139
-0.06330 0.00000 -0.06330 -0.06330
-0.09791 0.00000 -0.09791 -0.09791
0.53727 0.00000 0.53727 0.53727
