# avg	std	min	max
2.89625 0.00000 2.89625 2.89625
0.96583 0.00000 0.96583 0.96583
0.90175 0.00000 0.90175 0.90175
3.11443 0.00000 3.11443 3.11443
3.02740 0.00000 3.02740 3.02740
5.12408 0.00000 5.12408 5.12408
13.98656 0.00000 13.98656 13.98656
26.77014 0.00000 26.77014 26.77014
5.14784 0.00000 5.14784 5.14784
0.00165 0.00000 0.00165 0.00165
-0.47241 0.00000 -0.47241 -0.47241
0.79417 0.00000 0.79417 0.79417
18.14756 0.00000 18.14756 18.14756
2.89400 0.00000 2.89400 2.89400
8.11873 0.00000 8.11873 8.11873
4.82569 0.00000 4.82569 4.82569
6.89584 0.00000 6.89584 6.89584
9.23360 0.00000 9.23360 9.23360
15.74826 0.00000 15.74826 15.74826
15.58686 0.00000 15.58686 15.58686
