# avg	std	min	max
-0.13948 0.00000 -0.13948 -0.13948
-0.34207 0.00000 -0.34207 -0.34207
0.33246 0.00000 0.33246 0.33246
0.22187 0.00000 0.22187 0.22187
-0.14633 0.00000 -0.14633 -0.14633
-0.34137 0.00000 -0.34137 -0.34137
-0.58605 0.00000 -0.58605 -0.58605
-0.34599 0.00000 -0.34599 -0.34599
3.75428 0.00000 3.75428 3.75428
0.00019 0.00000 0.00019 0.00019
-0.12360 0.00000 -0.12360 -0.12360
-0.11080 0.00000 -0.11080 -0.11080
-0.53947 0.00000 -0.53947 -0.53947
-0.68809 0.00000 -0.68809 -0.68809
-0.08686 0.00000 -0.08686 -0.08686
-1.12177 0.00000 -1.12177 -1.12177
-0.67460 0.00000 -0.67460 -0.67460
-0.25422 0.00000 -0.25422 -0.25422
-0.64713 0.00000 -0.64713 -0.64713
-0.26538 0.00000 -0.26538 -0.26538
