# avg	std	min	max
0.63696 0.00000 0.63696 0.63696
0.21388 0.00000 0.21388 0.21388
-0.11756 0.00000 -0.11756 -0.11756
-0.62075 0.00000 -0.62075 -0.62075
-0.69824 0.00000 -0.69824 -0.69824
-0.80883 0.00000 -0.80883 -0.80883
-0.25522 0.00000 -0.25522 -0.25522
-0.21657 0.00000 -0.21657 -0.21657
-0.35413 0.00000 -0.35413 -0.35413
0.65343 0.00000 0.65343 0.65343
-0.00014 0.00000 -0.00014 -0.00014
0.26747 0.00000 0.26747 0.26747
-0.12538 0.00000 -0.12538 -0.12538
0.03597 0.00000 0.03597 0.03597
-0.09335 0.00000 -0.09335 -0.09335
-0.03851 0.00000 -0.03851 -0.03851
-0.00349 0.00000 -0.00349 -0.00349
-0.46214 0.00000 -0.46214 -0.46214
-0.32424 0.00000 -0.32424 -0.32424
0.27638 0.00000 0.27638 0.27638
