# avg	std	min	max
-0.30464 0.00000 -0.30464 -0.30464
-0.23151 0.00000 -0.23151 -0.23151
0.00495 0.00000 0.00495 0.00495
-0.24404 0.00000 -0.24404 -0.24404
-0.15434 0.00000 -0.15434 -0.15434
-0.18762 0.00000 -0.18762 -0.18762
-0.29746 0.00000 -0.29746 -0.29746
-0.19448 0.00000 -0.19448 -0.19448
-1.46274 0.00000 -1.46274 -1.46274
-0.04766 0.00000 -0.04766 -0.04766
-0.00002 0.00000 -0.00002 -0.00002
-0.14019 0.00000 -0.14019 -0.14019
-0.20752 0.00000 -0.20752 -0.20752
-0.23225 0.00000 -0.23225 -0.23225
-0.25751 0.00000 -0.25751 -0.25751
-0.35009 0.00000 -0.35009 -0.35009
-0.36480 0.00000 -0.36480 -0.36480
-0.34900 0.00000 -0.34900 -0.34900
-0.72543 0.00000 -0.72543 -0.72543
-0.06739 0.00000 -0.06739 -0.06739
