# avg	std	min	max
0.22898 0.00000 0.22898 0.22898
0.18584 0.00000 0.18584 0.18584
-0.07293 0.00000 -0.07293 -0.07293
-0.29887 0.00000 -0.29887 -0.29887
-0.30325 0.00000 -0.30325 -0.30325
-0.57071 0.00000 -0.57071 -0.57071
-0.46274 0.00000 -0.46274 -0.46274
-0.62261 0.00000 -0.62261 -0.62261
1.68949 0.00000 1.68949 1.68949
0.11362 0.00000 0.11362 0.11362
-0.00162 0.00000 -0.00162 -0.00162
0.03080 0.00000 0.03080 0.03080
-0.53007 0.00000 -0.53007 -0.53007
0.06685 0.00000 0.06685 0.06685
0.02717 0.00000 0.02717 0.02717
0.29491 0.00000 0.29491 0.29491
-0.20024 0.00000 -0.20024 -0.20024
-0.33070 0.00000 -0.33070 -0.33070
-0.37707 0.00000 -0.37707 -0.37707
0.15238 0.00000 0.15238 0.15238
