# avg	std	min	max
1.63933 0.00000 1.63933 1.63933
1.38385 0.00000 1.38385 1.38385
-0.08046 0.00000 -0.08046 -0.08046
-0.06501 0.00000 -0.06501 -0.06501
0.40158 0.00000 0.40158 0.40158
0.79150 0.00000 0.79150 0.79150
0.69510 0.00000 0.69510 0.69510
1.27284 0.00000 1.27284 1.27284
4.43243 0.00000 4.43243 4.43243
0.87454 0.00000 0.87454 0.87454
0.00286 0.00000 0.00286 0.00286
0.62824 0.00000 0.62824 0.62824
0.77000 0.00000 0.77000 0.77000
1.01151 0.00000 1.01151 1.01151
0.97728 0.00000 0.97728 0.97728
0.77120 0.00000 0.77120 0.77120
1.15766 0.00000 1.15766 1.15766
0.16923 0.00000 0.16923 0.16923
0.22201 0.00000 0.22201 0.22201
1.20909 0.00000 1.20909 1.20909
