# avg	std	min	max
1.15084 0.00000 1.15084 1.15084
0.58426 0.00000 0.58426 0.58426
-0.06332 0.00000 -0.06332 -0.06332
-0.54697 0.00000 -0.54697 -0.54697
-0.53148 0.00000 -0.53148 -0.53148
-0.39667 0.00000 -0.39667 -0.39667
0.09691 0.00000 0.09691 0.09691
0.30130 0.00000 0.30130 0.30130
-0.43864 0.00000 -0.43864 -0.43864
0.77562 0.00000 0.77562 0.77562
0.00089 0.00000 0.00089 0.00089
0.20826 0.00000 0.20826 0.20826
0.11798 0.00000 0.11798 0.11798
0.36837 0.00000 0.36837 0.36837
0.25450 0.00000 0.25450 0.25450
0.15056 0.00000 0.15056 0.15056
0.02866 0.00000 0.02866 0.02866
-0.10561 0.00000 -0.10561 -0.10561
-0.18430 0.00000 -0.18430 -0.18430
0.69847 0.00000 0.69847 0.69847
