# avg	std	min	max
2.69662 0.00000 2.69662 2.69662
1.63018 0.00000 1.63018 1.63018
1.72111 0.00000 1.72111 1.72111
-0.16586 0.00000 -0.16586 -0.16586
0.74300 0.00000 0.74300 0.74300
-1.99421 0.00000 -1.99421 -1.99421
-0.34544 0.00000 -0.34544 -0.34544
7.69578 0.00000 7.69578 7.69578
2.58609 0.00000 2.58609 2.58609
0.94866 0.00000 0.94866 0.94866
-0.00559 0.00000 -0.00559 -0.00559
1.56984 0.00000 1.56984 1.56984
14.64392 0.00000 14.64392 14.64392
3.21113 0.00000 3.21113 3.21113
1.82712 0.00000 1.82712 1.82712
4.47885 0.00000 4.47885 4.47885
2.59760 0.00000 2.59760 2.59760
2.50847 0.00000 2.50847 2.50847
3.57625 0.00000 3.57625 3.57625
5.38781 0.00000 5.38781 5.38781
