# avg	std	min	max
0.84284 0.00000 0.84284 0.84284
0.89548 0.00000 0.89548 0.89548
0.33413 0.00000 0.33413 0.33413
0.99934 0.00000 0.99934 0.99934
0.14328 0.00000 0.14328 0.14328
-0.04706 0.00000 -0.04706 -0.04706
0.76555 0.00000 0.76555 0.76555
1.08601 0.00000 1.08601 1.08601
3.64051 0.00000 3.64051 3.64051
0.28593 0.00000 0.28593 0.28593
-0.00352 0.00000 -0.00352 -0.00352
0.32144 0.00000 0.32144 0.32144
0.64630 0.00000 0.64630 0.64630
0.00361 0.00000 0.00361 0.00361
0.68598 0.00000 0.68598 0.68598
0.29056 0.00000 0.29056 0.29056
0.84215 0.00000 0.84215 0.84215
0.34532 0.00000 0.34532 0.34532
0.50522 0.00000 0.50522 0.50522
1.01534 0.00000 1.01534 1.01534
