# avg	std	min	max
0.89415 0.00000 0.89415 0.89415
-0.06937 0.00000 -0.06937 -0.06937
-0.34540 0.00000 -0.34540 -0.34540
0.33694 0.00000 0.33694 0.33694
-0.20751 0.00000 -0.20751 -0.20751
-0.61169 0.00000 -0.61169 -0.61169
5.87872 0.00000 5.87872 5.87872
15.25566 0.00000 15.25566 15.25566
1.39949 0.00000 1.39949 1.39949
0.26962 0.00000 0.26962 0.26962
-0.00070 0.00000 -0.00070 -0.00070
-0.20083 0.00000 -0.20083 -0.20083
7.76831 0.00000 7.76831 7.76831
1.50910 0.00000 1.50910 1.50910
2.90011 0.00000 2.90011 2.90011
2.76588 0.00000 2.76588 2.76588
4.48509 0.00000 4.48509 4.48509
1.22442 0.00000 1.22442 1.22442
5.73584 0.00000 5.73584 5.73584
4.83203 0.00000 4.83203 4.83203
