# avg	std	min	max
1.58695 0.00000 1.58695 1.58695
0.73685 0.00000 0.73685 0.73685
0.12318 0.00000 0.12318 0.12318
-0.36592 0.00000 -0.36592 -0.36592
-0.28157 0.00000 -0.28157 -0.28157
-0.57747 0.00000 -0.57747 -0.57747
-0.42440 0.00000 -0.42440 -0.42440
-0.20404 0.00000 -0.20404 -0.20404
7.05886 0.00000 7.05886 7.05886
0.50850 0.00000 0.50850 0.50850
0.00082 0.00000 0.00082 0.00082
0.37368 0.00000 0.37368 0.37368
-0.32171 0.00000 -0.32171 -0.32171
0.57704 0.00000 0.57704 0.57704
-0.04580 0.00000 -0.04580 -0.04580
1.15538 0.00000 1.15538 1.15538
0.21994 0.00000 0.21994 0.21994
-0.44599 0.00000 -0.44599 -0.44599
-0.45785 0.00000 -0.45785 -0.45785
0.13633 0.00000 0.13633 0.13633
