# avg	std	min	max
2.09886 0.00000 2.09886 2.09886
0.86933 0.00000 0.86933 0.86933
1.33931 0.00000 1.33931 1.33931
-0.62593 0.00000 -0.62593 -0.62593
1.17632 0.00000 1.17632 1.17632
-0.31216 0.00000 -0.31216 -0.31216
1.26626 0.00000 1.26626 1.26626
7.13817 0.00000 7.13817 7.13817
0.62125 0.00000 0.62125 0.62125
0.10377 0.00000 0.10377 0.10377
-0.00041 0.00000 -0.00041 -0.00041
0.99034 0.00000 0.99034 0.99034
6.90477 0.00000 6.90477 6.90477
2.11136 0.00000 2.11136 2.11136
1.98675 0.00000 1.98675 1.98675
3.55761 0.00000 3.55761 3.55761
3.50916 0.00000 3.50916 3.50916
2.34268 0.00000 2.34268 2.34268
2.09777 0.00000 2.09777 2.09777
1.14628 0.00000 1.14628 1.14628
