# avg	std	min	max
1.34477 0.00000 1.34477 1.34477
0.49879 0.00000 0.49879 0.49879
-0.27814 0.00000 -0.27814 -0.27814
-0.71794 0.00000 -0.71794 -0.71794
-0.72333 0.00000 -0.72333 -0.72333
-0.78923 0.00000 -0.78923 -0.78923
-0.99574 0.00000 -0.99574 -0.99574
-0.07424 0.00000 -0.07424 -0.07424
3.71118 0.00000 3.71118 3.71118
0.56171 0.00000 0.56171 0.56171
-0.00290 0.00000 -0.00290 -0.00290
0.37310 0.00000 0.37310 0.37310
-1.46409 0.00000 -1.46409 -1.46409
0.28554 0.00000 0.28554 0.28554
-0.35977 0.00000 -0.35977 -0.35977
0.29631 0.00000 0.29631 0.29631
0.13829 0.00000 0.13829 0.13829
-0.75999 0.00000 -0.75999 -0.75999
-0.96634 0.00000 -0.96634 -0.96634
0.06951 0.00000 0.06951 0.06951
