# avg	std	min	max
-0.11649 0.00000 -0.11649 -0.11649
-0.19137 0.00000 -0.19137 -0.19137
0.03226 0.00000 0.03226 0.03226
-0.26357 0.00000 -0.26357 -0.26357
-0.20255 0.00000 -0.20255 -0.20255
-0.42917 0.00000 -0.42917 -0.42917
-0.89701 0.00000 -0.89701 -0.89701
-0.50437 0.00000 -0.50437 -0.50437
-0.89109 0.00000 -0.89109 -0.89109
-0.19706 0.00000 -0.19706 -0.19706
0.00006 0.00000 0.00006 0.00006
-0.36447 0.00000 -0.36447 -0.36447
-0.25209 0.00000 -0.25209 -0.25209
-0.00211 0.00000 -0.00211 -0.00211
-0.25238 0.00000 -0.25238 -0.25238
-0.05718 0.00000 -0.05718 -0.05718
-0.31486 0.00000 -0.31486 -0.31486
-0.46085 0.00000 -0.46085 -0.46085
-0.42759 0.00000 -0.42759 -0.42759
-0.08204 0.00000 -0.08204 -0.08204
