# avg	std	min	max
5.00344 0.00000 5.00344 5.00344
2.88541 0.00000 2.88541 2.88541
-0.00899 0.00000 -0.00899 -0.00899
0.78454 0.00000 0.78454 0.78454
0.23310 0.00000 0.23310 0.23310
0.57456 0.00000 0.57456 0.57456
3.86193 0.00000 3.86193 3.86193
9.60963 0.00000 9.60963 9.60963
5.13385 0.00000 5.13385 5.13385
4.58417 0.00000 4.58417 4.58417
2.94853 0.00000 2.94853 2.94853
2.44813 0.00000 2.44813 2.44813
10.71045 0.00000 10.71045 10.71045
3.73344 0.00000 3.73344 3.73344
2.92623 0.00000 2.92623 2.92623
4.99014 0.00000 4.99014 4.99014
4.70044 0.00000 4.70044 4.70044
8.12661 0.00000 8.12661 8.12661
9.68508 0.00000 9.68508 9.68508
7.44524 0.00000 7.44524 7.44524
