# avg	std	min	max
-0.82857 0.00000 -0.82857 -0.82857
-1.09506 0.00000 -1.09506 -1.09506
0.00000 0.00000 0.00000 0.00000
-1.57609 0.00000 -1.57609 -1.57609
-1.37251 0.00000 -1.37251 -1.37251
-2.30471 0.00000 -2.30471 -2.30471
-1.78117 0.00000 -1.78117 -1.78117
0.10552 0.00000 0.10552 0.10552
-0.24472 0.00000 -0.24472 -0.24472
-0.46141 0.00000 -0.46141 -0.46141
0.50514 0.00000 0.50514 0.50514
-1.27858 0.00000 -1.27858 -1.27858
-1.19347 0.00000 -1.19347 -1.19347
-1.23650 0.00000 -1.23650 -1.23650
-0.58099 0.00000 -0.58099 -0.58099
-0.15175 0.00000 -0.15175 -0.15175
0.12796 0.00000 0.12796 0.12796
-0.75981 0.00000 -0.75981 -0.75981
-0.47281 0.00000 -0.47281 -0.47281
-1.08786 0.00000 -1.08786 -1.08786
