# avg	std	min	max
-0.03788 0.00000 -0.03788 -0.03788
-0.01272 0.00000 -0.01272 -0.01272
-0.00003 0.00000 -0.00003 -0.00003
-0.17039 0.00000 -0.17039 -0.17039
-0.25670 0.00000 -0.25670 -0.25670
-0.32408 0.00000 -0.32408 -0.32408
-0.44918 0.00000 -0.44918 -0.44918
-0.39867 0.00000 -0.39867 -0.39867
0.51955 0.00000 0.51955 0.51955
0.09165 0.00000 0.09165 0.09165
-0.07245 0.00000 -0.07245 -0.07245
-0.03575 0.00000 -0.03575 -0.03575
-0.28076 0.00000 -0.28076 -0.28076
-0.42096 0.00000 -0.42096 -0.42096
-0.08225 0.00000 -0.08225 -0.08225
-0.51202 0.00000 -0.51202 -0.51202
-0.40252 0.00000 -0.40252 -0.40252
-0.41538 0.00000 -0.41538 -0.41538
-0.36009 0.00000 -0.36009 -0.36009
-0.15095 0.00000 -0.15095 -0.15095
