# avg	std	min	max
-0.23777 0.00000 -0.23777 -0.23777
-0.46699 0.00000 -0.46699 -0.46699
0.00000 0.00000 0.00000 0.00000
-0.58926 0.00000 -0.58926 -0.58926
-0.26531 0.00000 -0.26531 -0.26531
-0.61167 0.00000 -0.61167 -0.61167
-0.56796 0.00000 -0.56796 -0.56796
-0.88231 0.00000 -0.88231 -0.88231
-1.23479 0.00000 -1.23479 -1.23479
-0.17201 0.00000 -0.17201 -0.17201
-0.06442 0.00000 -0.06442 -0.06442
-0.20750 0.00000 -0.20750 -0.20750
-0.58660 0.00000 -0.58660 -0.58660
-0.94644 0.00000 -0.94644 -0.94644
-0.81487 0.00000 -0.81487 -0.81487
-0.32609 0.00000 -0.32609 -0.32609
-0.16526 0.00000 -0.16526 -0.16526
-1.32886 0.00000 -1.32886 -1.32886
-1.67294 0.00000 -1.67294 -1.67294
-0.78904 0.00000 -0.78904 -0.78904
