# avg	std	min	max
2.00023 0.00000 2.00023 2.00023
0.08548 0.00000 0.08548 0.08548
0.00000 0.00000 0.00000 0.00000
0.06055 0.00000 0.06055 0.06055
0.02631 0.00000 0.02631 0.02631
0.02772 0.00000 0.02772 0.02772
-0.06396 0.00000 -0.06396 -0.06396
0.11153 0.00000 0.11153 0.11153
1.99757 0.00000 1.99757 1.99757
-0.37562 0.00000 -0.37562 -0.37562
-0.06023 0.00000 -0.06023 -0.06023
-0.13533 0.00000 -0.13533 -0.13533
-0.02389 0.00000 -0.02389 -0.02389
-0.27039 0.00000 -0.27039 -0.27039
-0.45522 0.00000 -0.45522 -0.45522
-0.23509 0.00000 -0.23509 -0.23509
-0.03471 0.00000 -0.03471 -0.03471
-0.36658 0.00000 -0.36658 -0.36658
-0.34035 0.00000 -0.34035 -0.34035
0.05465 0.00000 0.05465 0.05465
