# avg	std	min	max
-0.10111 0.00000 -0.10111 -0.10111
-0.26767 0.00000 -0.26767 -0.26767
-0.00012 0.00000 -0.00012 -0.00012
-0.20113 0.00000 -0.20113 -0.20113
0.29751 0.00000 0.29751 0.29751
-0.08602 0.00000 -0.08602 -0.08602
-0.35321 0.00000 -0.35321 -0.35321
1.43652 0.00000 1.43652 1.43652
-1.18792 0.00000 -1.18792 -1.18792
0.06097 0.00000 0.06097 0.06097
-0.07336 0.00000 -0.07336 -0.07336
-0.30867 0.00000 -0.30867 -0.30867
-0.27461 0.00000 -0.27461 -0.27461
-0.15607 0.00000 -0.15607 -0.15607
-0.23484 0.00000 -0.23484 -0.23484
-0.19737 0.00000 -0.19737 -0.19737
-0.61217 0.00000 -0.61217 -0.61217
-0.13994 0.00000 -0.13994 -0.13994
-0.06708 0.00000 -0.06708 -0.06708
-0.15950 0.00000 -0.15950 -0.15950
