# avg	std	min	max
4.33110 0.00000 4.33110 4.33110
2.82449 0.00000 2.82449 2.82449
-0.00791 0.00000 -0.00791 -0.00791
1.82111 0.00000 1.82111 1.82111
1.76140 0.00000 1.76140 1.76140
2.70784 0.00000 2.70784 2.70784
9.79284 0.00000 9.79284 9.79284
10.49672 0.00000 10.49672 10.49672
6.93542 0.00000 6.93542 6.93542
3.64222 0.00000 3.64222 3.64222
2.04365 0.00000 2.04365 2.04365
2.32576 0.00000 2.32576 2.32576
9.68448 0.00000 9.68448 9.68448
4.17422 0.00000 4.17422 4.17422
5.51816 0.00000 5.51816 5.51816
5.32142 0.00000 5.32142 5.32142
3.67349 0.00000 3.67349 3.67349
8.01095 0.00000 8.01095 8.01095
10.19131 0.00000 10.19131 10.19131
6.15785 0.00000 6.15785 6.15785
