# avg	std	min	max
4.81575 0.00000 4.81575 4.81575
2.84110 0.00000 2.84110 2.84110
0.00520 0.00000 0.00520 0.00520
-0.51228 0.00000 -0.51228 -0.51228
2.87440 0.00000 2.87440 2.87440
1.34943 0.00000 1.34943 1.34943
14.23347 0.00000 14.23347 14.23347
25.16728 0.00000 25.16728 25.16728
4.72863 0.00000 4.72863 4.72863
3.23461 0.00000 3.23461 3.23461
1.97556 0.00000 1.97556 1.97556
2.17223 0.00000 2.17223 2.17223
17.79994 0.00000 17.79994 17.79994
2.44744 0.00000 2.44744 2.44744
5.03066 0.00000 5.03066 5.03066
5.49124 0.00000 5.49124 5.49124
5.17213 0.00000 5.17213 5.17213
6.67297 0.00000 6.67297 6.67297
11.34832 0.00000 11.34832 11.34832
9.17851 0.00000 9.17851 9.17851
