# avg	std	min	max
5.17881 0.00000 5.17881 5.17881
3.28651 0.00000 3.28651 3.28651
-0.00160 0.00000 -0.00160 -0.00160
2.54709 0.00000 2.54709 2.54709
0.74744 0.00000 0.74744 0.74744
3.58649 0.00000 3.58649 3.58649
11.62852 0.00000 11.62852 11.62852
19.73938 0.00000 19.73938 19.73938
4.14931 0.00000 4.14931 4.14931
4.13526 0.00000 4.13526 4.13526
2.93583 0.00000 2.93583 2.93583
2.66834 0.00000 2.66834 2.66834
14.09822 0.00000 14.09822 14.09822
4.42910 0.00000 4.42910 4.42910
6.76176 0.00000 6.76176 6.76176
5.93907 0.00000 5.93907 5.93907
7.83352 0.00000 7.83352 7.83352
9.03026 0.00000 9.03026 9.03026
12.78908 0.00000 12.78908 12.78908
10.24600 0.00000 10.24600 10.24600
