# avg	std	min	max
3.30177 0.00000 3.30177 3.30177
2.13339 0.00000 2.13339 2.13339
-0.02398 0.00000 -0.02398 -0.02398
1.39655 0.00000 1.39655 1.39655
0.02594 0.00000 0.02594 0.02594
3.17242 0.00000 3.17242 3.17242
20.30238 0.00000 20.30238 20.30238
23.12746 0.00000 23.12746 23.12746
4.76969 0.00000 4.76969 4.76969
3.52341 0.00000 3.52341 3.52341
2.26685 0.00000 2.26685 2.26685
2.88852 0.00000 2.88852 2.88852
27.98452 0.00000 27.98452 27.98452
2.77915 0.00000 2.77915 2.77915
5.40717 0.00000 5.40717 5.40717
4.18281 0.00000 4.18281 4.18281
5.61272 0.00000 5.61272 5.61272
6.88175 0.00000 6.88175 6.88175
11.90418 0.00000 11.90418 11.90418
12.16068 0.00000 12.16068 12.16068
