# avg	std	min	max
0.53447 0.00000 0.53447 0.53447
0.16814 0.00000 0.16814 0.16814
0.00535 0.00000 0.00535 0.00535
-0.54699 0.00000 -0.54699 -0.54699
-0.54638 0.00000 -0.54638 -0.54638
-0.70655 0.00000 -0.70655 -0.70655
-0.16397 0.00000 -0.16397 -0.16397
-0.07969 0.00000 -0.07969 -0.07969
-0.21665 0.00000 -0.21665 -0.21665
0.40089 0.00000 0.40089 0.40089
0.36291 0.00000 0.36291 0.36291
0.00911 0.00000 0.00911 0.00911
-0.11560 0.00000 -0.11560 -0.11560
0.09962 0.00000 0.09962 0.09962
-0.14741 0.00000 -0.14741 -0.14741
-0.00958 0.00000 -0.00958 -0.00958
-0.11397 0.00000 -0.11397 -0.11397
-0.18855 0.00000 -0.18855 -0.18855
-0.01991 0.00000 -0.01991 -0.01991
0.31288 0.00000 0.31288 0.31288
