# avg	std	min	max
4.67337 0.00000 4.67337 4.67337
2.87028 0.00000 2.87028 2.87028
0.00382 0.00000 0.00382 0.00382
2.19709 0.00000 2.19709 2.19709
0.38341 0.00000 0.38341 0.38341
2.46806 0.00000 2.46806 2.46806
8.52237 0.00000 8.52237 8.52237
22.63970 0.00000 22.63970 22.63970
5.74387 0.00000 5.74387 5.74387
3.49993 0.00000 3.49993 3.49993
2.69778 0.00000 2.69778 2.69778
2.27472 0.00000 2.27472 2.27472
11.15074 0.00000 11.15074 11.15074
2.71222 0.00000 2.71222 2.71222
6.30368 0.00000 6.30368 6.30368
5.26925 0.00000 5.26925 5.26925
7.70486 0.00000 7.70486 7.70486
6.81338 0.00000 6.81338 6.81338
9.76243 0.00000 9.76243 9.76243
6.25512 0.00000 6.25512 6.25512
