# avg	std	min	max
5.23112 0.00000 5.23112 5.23112
3.14559 0.00000 3.14559 3.14559
-0.00414 0.00000 -0.00414 -0.00414
0.27328 0.00000 0.27328 0.27328
0.34860 0.00000 0.34860 0.34860
2.06683 0.00000 2.06683 2.06683
6.67996 0.00000 6.67996 6.67996
16.76418 0.00000 16.76418 16.76418
5.70509 0.00000 5.70509 5.70509
3.99570 0.00000 3.99570 3.99570
2.38507 0.00000 2.38507 2.38507
2.26529 0.00000 2.26529 2.26529
11.54075 0.00000 11.54075 11.54075
3.89246 0.00000 3.89246 3.89246
4.69383 0.00000 4.69383 4.69383
4.09365 0.00000 4.09365 4.09365
5.72373 0.00000 5.72373 5.72373
6.69666 0.00000 6.69666 6.69666
11.11318 0.00000 11.11318 11.11318
6.66548 0.00000 6.66548 6.66548
