# avg	std	min	max
5.17989 0.00000 5.17989 5.17989
3.55163 0.00000 3.55163 3.55163
-0.00495 0.00000 -0.00495 -0.00495
1.39537 0.00000 1.39537 1.39537
-0.41060 0.00000 -0.41060 -0.41060
1.99502 0.00000 1.99502 1.99502
9.65594 0.00000 9.65594 9.65594
22.75596 0.00000 22.75596 22.75596
2.16043 0.00000 2.16043 2.16043
4.34238 0.00000 4.34238 4.34238
2.35759 0.00000 2.35759 2.35759
2.36777 0.00000 2.36777 2.36777
12.54142 0.00000 12.54142 12.54142
3.34422 0.00000 3.34422 3.34422
4.38207 0.00000 4.38207 4.38207
3.81398 0.00000 3.81398 3.81398
3.97795 0.00000 3.97795 3.97795
4.78815 0.00000 4.78815 4.78815
11.14647 0.00000 11.14647 11.14647
8.51958 0.00000 8.51958 8.51958
