# avg	std	min	max
7.13193 0.00000 7.13193 7.13193
6.03258 0.00000 6.03258 6.03258
7.58906 0.00000 7.58906 7.58906
5.22877 0.00000 5.22877 5.22877
8.28583 0.00000 8.28583 8.28583
3.04032 0.00000 3.04032 3.04032
2.81136 0.00000 2.81136 2.81136
0.04635 0.00000 0.04635 0.04635
6.51083 0.00000 6.51083 6.51083
7.21626 0.00000 7.21626 7.21626
6.57311 0.00000 6.57311 6.57311
5.95895 0.00000 5.95895 5.95895
3.38660 0.00000 3.38660 3.38660
6.53333 0.00000 6.53333 6.53333
6.36920 0.00000 6.36920 6.36920
7.72203 0.00000 7.72203 7.72203
7.47942 0.00000 7.47942 7.47942
5.32186 0.00000 5.32186 5.32186
6.08398 0.00000 6.08398 6.08398
5.49835 0.00000 5.49835 5.49835
