# avg	std	min	max
9.21885 0.00000 9.21885 9.21885
7.70507 0.00000 7.70507 7.70507
5.48592 0.00000 5.48592 5.48592
4.01386 0.00000 4.01386 4.01386
5.08256 0.00000 5.08256 5.08256
4.31869 0.00000 4.31869 4.31869
2.42374 0.00000 2.42374 2.42374
-0.00621 0.00000 -0.00621 -0.00621
9.32996 0.00000 9.32996 9.32996
8.51858 0.00000 8.51858 8.51858
7.68190 0.00000 7.68190 7.68190
6.65733 0.00000 6.65733 6.65733
2.99024 0.00000 2.99024 2.99024
7.37616 0.00000 7.37616 7.37616
6.72646 0.00000 6.72646 6.72646
8.22604 0.00000 8.22604 8.22604
8.02267 0.00000 8.02267 8.02267
6.78297 0.00000 6.78297 6.78297
7.08804 0.00000 7.08804 7.08804
4.96172 0.00000 4.96172 4.96172
