# avg	std	min	max
6.19950 0.00000 6.19950 6.19950
5.28971 0.00000 5.28971 5.28971
8.02226 0.00000 8.02226 8.02226
5.65242 0.00000 5.65242 5.65242
11.01234 0.00000 11.01234 11.01234
1.83889 0.00000 1.83889 1.83889
0.88924 0.00000 0.88924 0.88924
-0.03021 0.00000 -0.03021 -0.03021
7.62532 0.00000 7.62532 7.62532
6.50704 0.00000 6.50704 6.50704
6.44274 0.00000 6.44274 6.44274
4.79967 0.00000 4.79967 4.79967
1.60577 0.00000 1.60577 1.60577
5.74972 0.00000 5.74972 5.74972
6.03043 0.00000 6.03043 6.03043
6.80183 0.00000 6.80183 6.80183
6.67695 0.00000 6.67695 6.67695
6.17987 0.00000 6.17987 6.17987
5.70336 0.00000 5.70336 5.70336
4.49375 0.00000 4.49375 4.49375
