# avg	std	min	max
3.68019 0.00000 3.68019 3.68019
3.34977 0.00000 3.34977 3.34977
2.51742 0.00000 2.51742 2.51742
2.53422 0.00000 2.53422 2.53422
2.20903 0.00000 2.20903 2.20903
1.67236 0.00000 1.67236 1.67236
0.63178 0.00000 0.63178 0.63178
2.61410 0.00000 2.61410 2.61410
3.78306 0.00000 3.78306 3.78306
3.42497 0.00000 3.42497 3.42497
3.68620 0.00000 3.68620 3.68620
3.12055 0.00000 3.12055 3.12055
-0.02719 0.00000 -0.02719 -0.02719
2.82851 0.00000 2.82851 2.82851
3.47848 0.00000 3.47848 3.47848
5.07166 0.00000 5.07166 5.07166
5.43665 0.00000 5.43665 5.43665
3.13878 0.00000 3.13878 3.13878
3.61544 0.00000 3.61544 3.61544
2.63070 0.00000 2.63070 2.63070
