# avg	std	min	max
3.13368 0.00000 3.13368 3.13368
2.44727 0.00000 2.44727 2.44727
1.86750 0.00000 1.86750 1.86750
1.38131 0.00000 1.38131 1.38131
2.11750 0.00000 2.11750 2.11750
0.17585 0.00000 0.17585 0.17585
0.69514 0.00000 0.69514 0.69514
1.92792 0.00000 1.92792 1.92792
1.59431 0.00000 1.59431 1.59431
3.43726 0.00000 3.43726 3.43726
2.80130 0.00000 2.80130 2.80130
2.50398 0.00000 2.50398 2.50398
0.01216 0.00000 0.01216 0.01216
3.86494 0.00000 3.86494 3.86494
2.65823 0.00000 2.65823 2.65823
2.75633 0.00000 2.75633 2.75633
3.04750 0.00000 3.04750 3.04750
2.45777 0.00000 2.45777 2.45777
3.02074 0.00000 3.02074 3.02074
2.54119 0.00000 2.54119 2.54119
