# avg	std	min	max
4.87647 0.00000 4.87647 4.87647
3.18029 0.00000 3.18029 3.18029
3.76850 0.00000 3.76850 3.76850
2.53052 0.00000 2.53052 2.53052
4.35741 0.00000 4.35741 4.35741
1.40577 0.00000 1.40577 1.40577
1.53620 0.00000 1.53620 1.53620
4.09397 0.00000 4.09397 4.09397
7.45070 0.00000 7.45070 7.45070
3.91890 0.00000 3.91890 3.91890
3.54829 0.00000 3.54829 3.54829
3.55667 0.00000 3.55667 3.55667
0.01283 0.00000 0.01283 0.01283
4.25660 0.00000 4.25660 4.25660
3.26260 0.00000 3.26260 3.26260
5.02561 0.00000 5.02561 5.02561
4.34600 0.00000 4.34600 4.34600
2.79587 0.00000 2.79587 2.79587
4.87087 0.00000 4.87087 4.87087
2.77616 0.00000 2.77616 2.77616
