# avg	std	min	max
4.88505 0.00000 4.88505 4.88505
3.44235 0.00000 3.44235 3.44235
0.78860 0.00000 0.78860 0.78860
-0.18038 0.00000 -0.18038 -0.18038
0.08231 0.00000 0.08231 0.08231
0.72643 0.00000 0.72643 0.72643
0.10463 0.00000 0.10463 0.10463
1.76184 0.00000 1.76184 1.76184
5.97775 0.00000 5.97775 5.97775
4.53065 0.00000 4.53065 4.53065
2.81093 0.00000 2.81093 2.81093
3.02214 0.00000 3.02214 3.02214
0.00397 0.00000 0.00397 0.00397
3.80757 0.00000 3.80757 3.80757
3.21104 0.00000 3.21104 3.21104
5.29221 0.00000 5.29221 5.29221
4.53974 0.00000 4.53974 4.53974
2.56489 0.00000 2.56489 2.56489
2.87024 0.00000 2.87024 2.87024
2.61957 0.00000 2.61957 2.61957
