# avg	std	min	max
3.91223 0.00000 3.91223 3.91223
2.92019 0.00000 2.92019 2.92019
1.39406 0.00000 1.39406 1.39406
2.03568 0.00000 2.03568 2.03568
0.77133 0.00000 0.77133 0.77133
0.73900 0.00000 0.73900 0.73900
-0.14886 0.00000 -0.14886 -0.14886
1.00291 0.00000 1.00291 1.00291
4.06534 0.00000 4.06534 4.06534
3.12357 0.00000 3.12357 3.12357
2.63930 0.00000 2.63930 2.63930
2.48842 0.00000 2.48842 2.48842
-0.00196 0.00000 -0.00196 -0.00196
3.50282 0.00000 3.50282 3.50282
3.35517 0.00000 3.35517 3.35517
4.89059 0.00000 4.89059 4.89059
3.48567 0.00000 3.48567 3.48567
1.90424 0.00000 1.90424 1.90424
2.48355 0.00000 2.48355 2.48355
1.93402 0.00000 1.93402 1.93402
