# avg	std	min	max
4.24401 0.00000 4.24401 4.24401
3.15460 0.00000 3.15460 3.15460
2.13934 0.00000 2.13934 2.13934
0.94024 0.00000 0.94024 0.94024
2.40377 0.00000 2.40377 2.40377
0.57288 0.00000 0.57288 0.57288
-0.54985 0.00000 -0.54985 -0.54985
-0.00706 0.00000 -0.00706 -0.00706
5.23600 0.00000 5.23600 5.23600
4.06075 0.00000 4.06075 4.06075
3.26596 0.00000 3.26596 3.26596
2.43708 0.00000 2.43708 2.43708
0.00984 0.00000 0.00984 0.00984
3.18214 0.00000 3.18214 3.18214
3.07666 0.00000 3.07666 3.07666
3.91771 0.00000 3.91771 3.91771
3.49917 0.00000 3.49917 3.49917
2.11186 0.00000 2.11186 2.11186
2.39848 0.00000 2.39848 2.39848
2.19083 0.00000 2.19083 2.19083
